62.298 -2.543 0.000 0 0 -357.66
52.087 -2.559 0.000 0 0 -357.19
67.257 -5.101 0.000 0 0 -355.66
57.026 -5.060 0.000 0 0 -354.93
46.774 -5.087 0.000 0 0 -353.79
61.884 -7.613 0.000 0 0 -352.99
51.586 -7.652 0.000 0 0 -351.56
66.678 -10.173 0.000 0 0 -351.33
56.356 -10.080 0.000 0 0 -349.86
61.057 -12.631 0.000 0 0 -348.31
45.950 -10.114 0.000 0 0 -347.59
65.718 -15.187 0.000 0 0 -346.99
50.587 -12.671 0.000 0 0 -345.94
55.244 -15.021 0.000 0 0 -344.79
59.824 -17.566 0.000 0 0 -343.64
64.381 -20.113 0.000 0 0 -342.65
44.587 -15.023 0.000 0 0 -341.38
49.102 -17.569 0.000 0 0 -340.31
53.700 -19.845 0.000 0 0 -339.72
58.194 -22.384 0.000 0 0 -338.96
62.676 -24.925 0.000 0 0 -338.31
42.701 -19.756 0.000 0 0 -335.17
47.143 -22.297 0.000 0 0 -334.69
51.736 -24.513 0.000 0 0 -334.65
56.175 -27.053 0.000 0 0 -334.29
60.611 -29.594 0.000 0 0 -333.98
58.200 -34.093 0.000 0 0 -329.64
53.783 -31.541 0.000 0 0 -329.61
49.368 -28.990 0.000 0 0 -329.58
44.731 -26.810 0.000 0 0 -329.06
40.315 -24.257 0.000 0 0 -328.97
55.454 -38.397 0.000 0 0 -325.30
51.034 -35.820 0.000 0 0 -324.94
46.612 -33.240 0.000 0 0 -324.51
41.887 -31.066 0.000 0 0 -323.44
37.456 -28.473 0.000 0 0 -322.76
52.392 -42.481 0.000 0 0 -320.96
47.944 -39.861 0.000 0 0 -320.26
43.492 -37.229 0.000 0 0 -319.44
38.641 -35.022 0.000 0 0 -317.81
49.029 -46.321 0.000 0 0 -316.63
34.158 -32.356 0.000 0 0 -316.55
44.536 -43.636 0.000 0 0 -315.58
40.032 -40.927 0.000 0 0 -314.37
45.385 -49.897 0.000 0 0 -312.29
35.022 -38.641 0.000 0 0 -312.19
40.831 -47.121 0.000 0 0 -310.91
30.460 -35.860 0.000 0 0 -310.34
36.258 -44.305 0.000 0 0 -309.30
41.482 -53.186 0.000 0 0 -307.95
31.066 -41.887 0.000 0 0 -306.56
36.854 -50.292 0.000 0 0 -306.23
32.200 -47.336 0.000 0 0 -304.23
26.404 -38.943 0.000 0 0 -304.14
37.340 -56.171 0.000 0 0 -303.61
32.632 -53.129 0.000 0 0 -301.56
26.810 -44.731 0.000 0 0 -300.94
32.985 -58.834 0.000 0 0 -299.28
27.891 -49.997 0.000 0 0 -299.15
22.039 -41.569 0.000 0 0 -297.93
28.193 -55.612 0.000 0 0 -296.88
22.297 -47.143 0.000 0 0 -295.31
28.441 -61.160 0.000 0 0 -294.94
23.363 -52.266 0.000 0 0 -294.08
23.566 -57.725 0.000 0 0 -292.21
17.415 -43.708 0.000 0 0 -291.72
23.734 -63.136 0.000 0 0 -290.60
17.569 -49.102 0.000 0 0 -289.69
18.652 -54.126 0.000 0 0 -289.01
18.783 -59.454 0.000 0 0 -287.53
18.891 -64.750 0.000 0 0 -286.27
12.587 -45.335 0.000 0 0 -285.52
12.671 -50.587 0.000 0 0 -284.06
13.795 -55.563 0.000 0 0 -283.94
13.874 -60.787 0.000 0 0 -282.86
13.940 -65.994 0.000 0 0 -281.93
7.612 -46.430 0.000 0 0 -279.31
8.831 -56.565 0.000 0 0 -278.87
7.652 -51.586 0.000 0 0 -278.44
8.873 -61.715 0.000 0 0 -278.18
8.909 -66.859 0.000 0 0 -277.59
3.797 -57.124 0.000 0 0 -273.80
3.813 -62.233 0.000 0 0 -273.51
3.827 -67.341 0.000 0 0 -273.25
2.547 -46.981 0.000 0 0 -273.10
2.559 -52.087 0.000 0 0 -272.81
-1.276 -67.438 0.000 0 0 -268.92
-1.272 -62.337 0.000 0 0 -268.83
-1.266 -57.236 0.000 0 0 -268.73
-2.559 -52.087 0.000 0 0 -267.19
-2.547 -46.981 0.000 0 0 -266.90
-6.373 -67.148 0.000 0 0 -264.58
-6.349 -62.026 0.000 0 0 -264.16
-6.320 -56.900 0.000 0 0 -263.66
-7.652 -51.586 0.000 0 0 -261.56
-7.612 -46.430 0.000 0 0 -260.69
-11.433 -66.474 0.000 0 0 -260.24
-11.383 -61.302 0.000 0 0 -259.48
-11.324 -56.119 0.000 0 0 -258.59
-12.671 -50.587 0.000 0 0 -255.94
-16.428 -65.419 0.000 0 0 -255.90
-16.342 -60.170 0.000 0 0 -254.81
-12.587 -45.335 0.000 0 0 -254.48
-16.240 -54.898 0.000 0 0 -253.52
-21.328 -63.989 0.000 0 0 -251.57
-17.569 -49.102 0.000 0 0 -250.31
-21.192 -58.638 0.000 0 0 -250.13
-21.028 -53.248 0.000 0 0 -248.45
-17.415 -43.708 0.000 0 0 -248.28
-26.107 -62.193 0.000 0 0 -247.23
-25.901 -56.716 0.000 0 0 -245.45
-22.297 -47.143 0.000 0 0 -244.69
-25.652 -51.182 0.000 0 0 -243.38
-30.735 -60.040 0.000 0 0 -242.89
-22.039 -41.569 0.000 0 0 -242.07
-30.438 -54.416 0.000 0 0 -240.78
-26.810 -44.731 0.000 0 0 -239.06
-35.188 -57.544 0.000 0 0 -238.55
-30.075 -48.714 0.000 0 0 -238.31
-34.772 -51.754 0.000 0 0 -236.10
-26.404 -38.943 0.000 0 0 -235.86
-39.439 -54.718 0.000 0 0 -234.22
-31.066 -41.887 0.000 0 0 -233.44
-34.263 -45.865 0.000 0 0 -233.24
-38.875 -48.747 0.000 0 0 -231.43
-43.465 -51.578 0.000 0 0 -229.88
-30.460 -35.860 0.000 0 0 -229.66
-38.182 -42.658 0.000 0 0 -228.17
-35.022 -38.641 0.000 0 0 -227.81
-42.719 -45.416 0.000 0 0 -226.75
-47.241 -48.144 0.000 0 0 -225.54
-34.158 -32.356 0.000 0 0 -223.45
-41.803 -39.116 0.000 0 0 -223.10
-38.641 -35.022 0.000 0 0 -222.19
-46.278 -41.783 0.000 0 0 -222.08
-50.747 -44.433 0.000 0 0 -221.20
-45.096 -35.269 0.000 0 0 -218.03
-49.530 -37.872 0.000 0 0 -217.40
-37.456 -28.473 0.000 0 0 -217.24
-53.962 -40.468 0.000 0 0 -216.87
-41.887 -31.066 0.000 0 0 -216.56
-48.037 -31.145 0.000 0 0 -212.96
-52.452 -33.709 0.000 0 0 -212.73
-56.868 -36.271 0.000 0 0 -212.53
-40.315 -24.257 0.000 0 0 -211.03
-44.731 -26.810 0.000 0 0 -210.94
-59.448 -31.866 0.000 0 0 -208.19
-55.025 -29.321 0.000 0 0 -208.05
-50.602 -26.778 0.000 0 0 -207.89
-47.143 -22.297 0.000 0 0 -205.31
-42.701 -19.756 0.000 0 0 -204.83
-61.688 -27.279 0.000 0 0 -203.86
-57.232 -24.739 0.000 0 0 -203.38
-52.770 -22.201 0.000 0 0 -202.82
-49.102 -17.569 0.000 0 0 -199.69
-63.574 -22.535 0.000 0 0 -199.52
-59.058 -19.992 0.000 0 0 -198.70
-44.587 -15.023 0.000 0 0 -198.62
-54.526 -17.450 0.000 0 0 -197.75
-65.096 -17.663 0.000 0 0 -195.18
-50.587 -12.671 0.000 0 0 -194.06
-60.491 -15.111 0.000 0 0 -194.03
-55.855 -12.563 0.000 0 0 -192.68
-45.950 -10.114 0.000 0 0 -192.41
-66.246 -12.689 0.000 0 0 -190.84
-61.522 -10.130 0.000 0 0 -189.35
-51.586 -7.652 0.000 0 0 -188.44
-56.746 -7.577 0.000 0 0 -187.61
-67.016 -7.643 0.000 0 0 -186.51
-46.774 -5.087 0.000 0 0 -186.21
-62.143 -5.082 0.000 0 0 -184.68
-52.087 -2.559 0.000 0 0 -182.81
-57.194 -2.532 0.000 0 0 -182.54
-67.402 -2.552 0.000 0 0 -182.17
-47.050 0.000 0.000 0 0 -180.00
-62.350 0.000 0.000 0 0 -180.00
-67.402 2.552 0.000 0 0 -177.83
-57.194 2.532 0.000 0 0 -177.46
-52.087 2.559 0.000 0 0 -177.19
-62.143 5.082 0.000 0 0 -175.32
-46.774 5.087 0.000 0 0 -173.79
-67.016 7.643 0.000 0 0 -173.49
-56.746 7.577 0.000 0 0 -172.39
-51.586 7.652 0.000 0 0 -171.56
-61.522 10.130 0.000 0 0 -170.65
-66.246 12.689 0.000 0 0 -169.16
-45.950 10.114 0.000 0 0 -167.59
-55.855 12.563 0.000 0 0 -167.32
-60.491 15.111 0.000 0 0 -165.97
-50.587 12.671 0.000 0 0 -165.94
-65.096 17.663 0.000 0 0 -164.82
-54.526 17.450 0.000 0 0 -162.25
-44.587 15.023 0.000 0 0 -161.38
-59.058 19.992 0.000 0 0 -161.30
-63.574 22.535 0.000 0 0 -160.48
-49.102 17.569 0.000 0 0 -160.31
-52.770 22.201 0.000 0 0 -157.18
-57.232 24.739 0.000 0 0 -156.62
-61.688 27.279 0.000 0 0 -156.14
-42.701 19.756 0.000 0 0 -155.17
-47.143 22.297 0.000 0 0 -154.69
-50.602 26.778 0.000 0 0 -152.11
-55.025 29.321 0.000 0 0 -151.95
-59.448 31.866 0.000 0 0 -151.81
-44.731 26.810 0.000 0 0 -149.06
-40.315 24.257 0.000 0 0 -148.97
-56.868 36.271 0.000 0 0 -147.47
-52.452 33.709 0.000 0 0 -147.27
-48.037 31.145 0.000 0 0 -147.04
-41.887 31.066 0.000 0 0 -143.44
-53.962 40.468 0.000 0 0 -143.13
-37.456 28.473 0.000 0 0 -142.76
-49.530 37.872 0.000 0 0 -142.60
-45.096 35.269 0.000 0 0 -141.97
-50.747 44.433 0.000 0 0 -138.80
-46.278 41.783 0.000 0 0 -137.92
-38.641 35.022 0.000 0 0 -137.81
-41.803 39.116 0.000 0 0 -136.90
-34.158 32.356 0.000 0 0 -136.55
-47.241 48.144 0.000 0 0 -134.46
-42.719 45.416 0.000 0 0 -133.25
-35.022 38.641 0.000 0 0 -132.19
-38.182 42.658 0.000 0 0 -131.83
-30.460 35.860 0.000 0 0 -130.34
-43.465 51.578 0.000 0 0 -130.12
-38.875 48.747 0.000 0 0 -128.57
-34.263 45.865 0.000 0 0 -126.76
-31.066 41.887 0.000 0 0 -126.56
-39.439 54.718 0.000 0 0 -125.78
-26.404 38.943 0.000 0 0 -124.14
-34.772 51.754 0.000 0 0 -123.90
-30.075 48.714 0.000 0 0 -121.69
-35.188 57.544 0.000 0 0 -121.45
-26.810 44.731 0.000 0 0 -120.94
-30.438 54.416 0.000 0 0 -119.22
-22.039 41.569 0.000 0 0 -117.93
-30.735 60.040 0.000 0 0 -117.11
-25.652 51.182 0.000 0 0 -116.62
-22.297 47.143 0.000 0 0 -115.31
-25.901 56.716 0.000 0 0 -114.55
-26.107 62.193 0.000 0 0 -112.77
-17.415 43.708 0.000 0 0 -111.72
-21.028 53.248 0.000 0 0 -111.55
-21.192 58.638 0.000 0 0 -109.87
-17.569 49.102 0.000 0 0 -109.69
-21.328 63.989 0.000 0 0 -108.43
-16.240 54.898 0.000 0 0 -106.48
-12.587 45.335 0.000 0 0 -105.52
-16.342 60.170 0.000 0 0 -105.19
-16.428 65.419 0.000 0 0 -104.10
-12.671 50.587 0.000 0 0 -104.06
-11.324 56.119 0.000 0 0 -101.41
-11.383 61.302 0.000 0 0 -100.52
-11.433 66.474 0.000 0 0 -99.76
-7.612 46.430 0.000 0 0 -99.31
-7.652 51.586 0.000 0 0 -98.44
-6.320 56.900 0.000 0 0 -96.34
-6.349 62.026 0.000 0 0 -95.84
-6.373 67.148 0.000 0 0 -95.42
-2.547 46.981 0.000 0 0 -93.10
-2.559 52.087 0.000 0 0 -92.81
-1.266 57.236 0.000 0 0 -91.27
-1.272 62.337 0.000 0 0 -91.17
-1.276 67.438 0.000 0 0 -91.08
2.559 52.087 0.000 0 0 -87.19
2.547 46.981 0.000 0 0 -86.90
3.827 67.341 0.000 0 0 -86.75
3.813 62.233 0.000 0 0 -86.49
3.797 57.124 0.000 0 0 -86.20
8.909 66.859 0.000 0 0 -82.41
8.873 61.715 0.000 0 0 -81.82
7.652 51.586 0.000 0 0 -81.56
8.831 56.565 0.000 0 0 -81.13
7.612 46.430 0.000 0 0 -80.69
13.940 65.994 0.000 0 0 -78.07
13.874 60.787 0.000 0 0 -77.14
13.795 55.563 0.000 0 0 -76.06
12.671 50.587 0.000 0 0 -75.94
12.587 45.335 0.000 0 0 -74.48
18.891 64.750 0.000 0 0 -73.73
18.783 59.454 0.000 0 0 -72.47
18.652 54.126 0.000 0 0 -70.99
17.569 49.102 0.000 0 0 -70.31
23.734 63.136 0.000 0 0 -69.40
17.415 43.708 0.000 0 0 -68.28
23.566 57.725 0.000 0 0 -67.79
23.363 52.266 0.000 0 0 -65.92
28.441 61.160 0.000 0 0 -65.06
22.297 47.143 0.000 0 0 -64.69
28.193 55.612 0.000 0 0 -63.12
22.039 41.569 0.000 0 0 -62.07
27.891 49.997 0.000 0 0 -60.85
32.985 58.834 0.000 0 0 -60.72
26.810 44.731 0.000 0 0 -59.06
32.632 53.129 0.000 0 0 -58.44
37.340 56.171 0.000 0 0 -56.39
26.404 38.943 0.000 0 0 -55.86
32.200 47.336 0.000 0 0 -55.77
36.854 50.292 0.000 0 0 -53.77
31.066 41.887 0.000 0 0 -53.44
41.482 53.186 0.000 0 0 -52.05
36.258 44.305 0.000 0 0 -50.70
30.460 35.860 0.000 0 0 -49.66
40.831 47.121 0.000 0 0 -49.09
35.022 38.641 0.000 0 0 -47.81
45.385 49.897 0.000 0 0 -47.71
40.032 40.927 0.000 0 0 -45.63
44.536 43.636 0.000 0 0 -44.42
34.158 32.356 0.000 0 0 -43.45
49.029 46.321 0.000 0 0 -43.37
38.641 35.022 0.000 0 0 -42.19
43.492 37.229 0.000 0 0 -40.56
47.944 39.861 0.000 0 0 -39.74
52.392 42.481 0.000 0 0 -39.04
37.456 28.473 0.000 0 0 -37.24
41.887 31.066 0.000 0 0 -36.56
46.612 33.240 0.000 0 0 -35.49
51.034 35.820 0.000 0 0 -35.06
55.454 38.397 0.000 0 0 -34.70
40.315 24.257 0.000 0 0 -31.03
44.731 26.810 0.000 0 0 -30.94
49.368 28.990 0.000 0 0 -30.42
53.783 31.541 0.000 0 0 -30.39
58.200 34.093 0.000 0 0 -30.36
60.611 29.594 0.000 0 0 -26.02
56.175 27.053 0.000 0 0 -25.71
51.736 24.513 0.000 0 0 -25.35
47.143 22.297 0.000 0 0 -25.31
42.701 19.756 0.000 0 0 -24.83
62.676 24.925 0.000 0 0 -21.69
58.194 22.384 0.000 0 0 -21.04
53.700 19.845 0.000 0 0 -20.28
49.102 17.569 0.000 0 0 -19.69
44.587 15.023 0.000 0 0 -18.62
64.381 20.113 0.000 0 0 -17.35
59.824 17.566 0.000 0 0 -16.36
55.244 15.021 0.000 0 0 -15.21
50.587 12.671 0.000 0 0 -14.06
65.718 15.187 0.000 0 0 -13.01
45.950 10.114 0.000 0 0 -12.41
61.057 12.631 0.000 0 0 -11.69
56.356 10.080 0.000 0 0 -10.14
66.678 10.173 0.000 0 0 -8.67
51.586 7.652 0.000 0 0 -8.44
61.884 7.613 0.000 0 0 -7.01
46.774 5.087 0.000 0 0 -6.21
57.026 5.060 0.000 0 0 -5.07
67.257 5.101 0.000 0 0 -4.34
52.087 2.559 0.000 0 0 -2.81
62.298 2.543 0.000 0 0 -2.34
47.050 0.000 0.000 0 0 -0.00
57.250 0.000 0.000 0 0 -0.00
67.450 0.000 0.000 0 0 -0.00
