69.436 -9.983 -8.200 -0.0 -90 -351.82
87.987 -20.083 -8.200 -0.0 -90 -347.14
46.240 -19.153 -8.200 -0.0 -90 -337.50
63.811 -29.141 -8.200 -0.0 -90 -335.45
81.312 -39.158 -8.200 -0.0 -90 -334.29
70.560 -56.270 -8.200 -0.0 -90 -321.43
53.016 -45.938 -8.200 -0.0 -90 -319.09
35.391 -35.391 -8.200 -0.0 -90 -315.00
56.270 -70.560 -8.200 -0.0 -90 -308.57
37.926 -59.014 -8.200 -0.0 -90 -302.73
39.158 -81.312 -8.200 -0.0 -90 -295.71
19.153 -46.240 -8.200 -0.0 -90 -292.50
19.764 -67.308 -8.200 -0.0 -90 -286.36
20.083 -87.987 -8.200 -0.0 -90 -282.86
-0.000 -50.050 -8.200 -0.0 -90 -270.00
-0.000 -70.150 -8.200 -0.0 -90 -270.00
-0.000 -90.250 -8.200 -0.0 -90 -270.00
-20.083 -87.987 -8.200 -0.0 -90 -257.14
-19.764 -67.308 -8.200 -0.0 -90 -253.64
-19.153 -46.240 -8.200 -0.0 -90 -247.50
-39.158 -81.312 -8.200 -0.0 -90 -244.29
-37.926 -59.014 -8.200 -0.0 -90 -237.27
-56.270 -70.560 -8.200 -0.0 -90 -231.43
-35.391 -35.391 -8.200 -0.0 -90 -225.00
-53.016 -45.938 -8.200 -0.0 -90 -220.91
-70.560 -56.270 -8.200 -0.0 -90 -218.57
-81.312 -39.158 -8.200 -0.0 -90 -205.71
-63.811 -29.141 -8.200 -0.0 -90 -204.55
-46.240 -19.153 -8.200 -0.0 -90 -202.50
-87.987 -20.083 -8.200 -0.0 -90 -192.86
-69.436 -9.983 -8.200 -0.0 -90 -188.18
-50.050 0.000 -8.200 -0.0 -90 -180.00
-90.250 0.000 -8.200 -0.0 -90 -180.00
-69.436 9.983 -8.200 -0.0 -90 -171.82
-87.987 20.083 -8.200 -0.0 -90 -167.14
-46.240 19.153 -8.200 -0.0 -90 -157.50
-63.811 29.141 -8.200 -0.0 -90 -155.45
-81.312 39.158 -8.200 -0.0 -90 -154.29
-70.560 56.270 -8.200 -0.0 -90 -141.43
-53.016 45.938 -8.200 -0.0 -90 -139.09
-35.391 35.391 -8.200 -0.0 -90 -135.00
-56.270 70.560 -8.200 -0.0 -90 -128.57
-37.926 59.014 -8.200 -0.0 -90 -122.73
-39.158 81.312 -8.200 -0.0 -90 -115.71
-19.153 46.240 -8.200 -0.0 -90 -112.50
-19.764 67.308 -8.200 -0.0 -90 -106.36
-20.083 87.987 -8.200 -0.0 -90 -102.86
0.000 50.050 -8.200 -0.0 -90 -90.00
0.000 70.150 -8.200 -0.0 -90 -90.00
0.000 90.250 -8.200 -0.0 -90 -90.00
20.083 87.987 -8.200 -0.0 -90 -77.14
19.764 67.308 -8.200 -0.0 -90 -73.64
19.153 46.240 -8.200 -0.0 -90 -67.50
39.158 81.312 -8.200 -0.0 -90 -64.29
37.926 59.014 -8.200 -0.0 -90 -57.27
56.270 70.560 -8.200 -0.0 -90 -51.43
35.391 35.391 -8.200 -0.0 -90 -45.00
53.016 45.938 -8.200 -0.0 -90 -40.91
70.560 56.270 -8.200 -0.0 -90 -38.57
81.312 39.158 -8.200 -0.0 -90 -25.71
63.811 29.141 -8.200 -0.0 -90 -24.55
46.240 19.153 -8.200 -0.0 -90 -22.50
87.987 20.083 -8.200 -0.0 -90 -12.86
69.436 9.983 -8.200 -0.0 -90 -8.18
50.050 0.000 -8.200 -0.0 -90 -0.00
90.250 0.000 -8.200 -0.0 -90 -0.00
69.436 -9.983 -4.100 -0.0 -90 -351.82
87.987 -20.083 -4.100 -0.0 -90 -347.14
46.240 -19.153 -4.100 -0.0 -90 -337.50
63.811 -29.141 -4.100 -0.0 -90 -335.45
81.312 -39.158 -4.100 -0.0 -90 -334.29
70.560 -56.270 -4.100 -0.0 -90 -321.43
53.016 -45.938 -4.100 -0.0 -90 -319.09
35.391 -35.391 -4.100 -0.0 -90 -315.00
56.270 -70.560 -4.100 -0.0 -90 -308.57
37.926 -59.014 -4.100 -0.0 -90 -302.73
39.158 -81.312 -4.100 -0.0 -90 -295.71
19.153 -46.240 -4.100 -0.0 -90 -292.50
19.764 -67.308 -4.100 -0.0 -90 -286.36
20.083 -87.987 -4.100 -0.0 -90 -282.86
-0.000 -50.050 -4.100 -0.0 -90 -270.00
-0.000 -70.150 -4.100 -0.0 -90 -270.00
-0.000 -90.250 -4.100 -0.0 -90 -270.00
-20.083 -87.987 -4.100 -0.0 -90 -257.14
-19.764 -67.308 -4.100 -0.0 -90 -253.64
-19.153 -46.240 -4.100 -0.0 -90 -247.50
-39.158 -81.312 -4.100 -0.0 -90 -244.29
-37.926 -59.014 -4.100 -0.0 -90 -237.27
-56.270 -70.560 -4.100 -0.0 -90 -231.43
-35.391 -35.391 -4.100 -0.0 -90 -225.00
-53.016 -45.938 -4.100 -0.0 -90 -220.91
-70.560 -56.270 -4.100 -0.0 -90 -218.57
-81.312 -39.158 -4.100 -0.0 -90 -205.71
-63.811 -29.141 -4.100 -0.0 -90 -204.55
-46.240 -19.153 -4.100 -0.0 -90 -202.50
-87.987 -20.083 -4.100 -0.0 -90 -192.86
-69.436 -9.983 -4.100 -0.0 -90 -188.18
-50.050 0.000 -4.100 -0.0 -90 -180.00
-90.250 0.000 -4.100 -0.0 -90 -180.00
-69.436 9.983 -4.100 -0.0 -90 -171.82
-87.987 20.083 -4.100 -0.0 -90 -167.14
-46.240 19.153 -4.100 -0.0 -90 -157.50
-63.811 29.141 -4.100 -0.0 -90 -155.45
-81.312 39.158 -4.100 -0.0 -90 -154.29
-70.560 56.270 -4.100 -0.0 -90 -141.43
-53.016 45.938 -4.100 -0.0 -90 -139.09
-35.391 35.391 -4.100 -0.0 -90 -135.00
-56.270 70.560 -4.100 -0.0 -90 -128.57
-37.926 59.014 -4.100 -0.0 -90 -122.73
-39.158 81.312 -4.100 -0.0 -90 -115.71
-19.153 46.240 -4.100 -0.0 -90 -112.50
-19.764 67.308 -4.100 -0.0 -90 -106.36
-20.083 87.987 -4.100 -0.0 -90 -102.86
0.000 50.050 -4.100 -0.0 -90 -90.00
0.000 70.150 -4.100 -0.0 -90 -90.00
0.000 90.250 -4.100 -0.0 -90 -90.00
20.083 87.987 -4.100 -0.0 -90 -77.14
19.764 67.308 -4.100 -0.0 -90 -73.64
19.153 46.240 -4.100 -0.0 -90 -67.50
39.158 81.312 -4.100 -0.0 -90 -64.29
37.926 59.014 -4.100 -0.0 -90 -57.27
56.270 70.560 -4.100 -0.0 -90 -51.43
35.391 35.391 -4.100 -0.0 -90 -45.00
53.016 45.938 -4.100 -0.0 -90 -40.91
70.560 56.270 -4.100 -0.0 -90 -38.57
81.312 39.158 -4.100 -0.0 -90 -25.71
63.811 29.141 -4.100 -0.0 -90 -24.55
46.240 19.153 -4.100 -0.0 -90 -22.50
87.987 20.083 -4.100 -0.0 -90 -12.86
69.436 9.983 -4.100 -0.0 -90 -8.18
50.050 0.000 -4.100 -0.0 -90 -0.00
90.250 0.000 -4.100 -0.0 -90 -0.00
69.436 -9.983 0.000 -0.0 -90 -351.82
87.987 -20.083 0.000 -0.0 -90 -347.14
46.240 -19.153 0.000 -0.0 -90 -337.50
63.811 -29.141 0.000 -0.0 -90 -335.45
81.312 -39.158 0.000 -0.0 -90 -334.29
70.560 -56.270 0.000 -0.0 -90 -321.43
53.016 -45.938 0.000 -0.0 -90 -319.09
35.391 -35.391 0.000 -0.0 -90 -315.00
56.270 -70.560 0.000 -0.0 -90 -308.57
37.926 -59.014 0.000 -0.0 -90 -302.73
39.158 -81.312 0.000 -0.0 -90 -295.71
19.153 -46.240 0.000 -0.0 -90 -292.50
19.764 -67.308 0.000 -0.0 -90 -286.36
20.083 -87.987 0.000 -0.0 -90 -282.86
-0.000 -50.050 0.000 -0.0 -90 -270.00
-0.000 -70.150 0.000 -0.0 -90 -270.00
-0.000 -90.250 0.000 -0.0 -90 -270.00
-20.083 -87.987 0.000 -0.0 -90 -257.14
-19.764 -67.308 0.000 -0.0 -90 -253.64
-19.153 -46.240 0.000 -0.0 -90 -247.50
-39.158 -81.312 0.000 -0.0 -90 -244.29
-37.926 -59.014 0.000 -0.0 -90 -237.27
-56.270 -70.560 0.000 -0.0 -90 -231.43
-35.391 -35.391 0.000 -0.0 -90 -225.00
-53.016 -45.938 0.000 -0.0 -90 -220.91
-70.560 -56.270 0.000 -0.0 -90 -218.57
-81.312 -39.158 0.000 -0.0 -90 -205.71
-63.811 -29.141 0.000 -0.0 -90 -204.55
-46.240 -19.153 0.000 -0.0 -90 -202.50
-87.987 -20.083 0.000 -0.0 -90 -192.86
-69.436 -9.983 0.000 -0.0 -90 -188.18
-50.050 0.000 0.000 -0.0 -90 -180.00
-90.250 0.000 0.000 -0.0 -90 -180.00
-69.436 9.983 0.000 -0.0 -90 -171.82
-87.987 20.083 0.000 -0.0 -90 -167.14
-46.240 19.153 0.000 -0.0 -90 -157.50
-63.811 29.141 0.000 -0.0 -90 -155.45
-81.312 39.158 0.000 -0.0 -90 -154.29
-70.560 56.270 0.000 -0.0 -90 -141.43
-53.016 45.938 0.000 -0.0 -90 -139.09
-35.391 35.391 0.000 -0.0 -90 -135.00
-56.270 70.560 0.000 -0.0 -90 -128.57
-37.926 59.014 0.000 -0.0 -90 -122.73
-39.158 81.312 0.000 -0.0 -90 -115.71
-19.153 46.240 0.000 -0.0 -90 -112.50
-19.764 67.308 0.000 -0.0 -90 -106.36
-20.083 87.987 0.000 -0.0 -90 -102.86
0.000 50.050 0.000 -0.0 -90 -90.00
0.000 70.150 0.000 -0.0 -90 -90.00
0.000 90.250 0.000 -0.0 -90 -90.00
20.083 87.987 0.000 -0.0 -90 -77.14
19.764 67.308 0.000 -0.0 -90 -73.64
19.153 46.240 0.000 -0.0 -90 -67.50
39.158 81.312 0.000 -0.0 -90 -64.29
37.926 59.014 0.000 -0.0 -90 -57.27
56.270 70.560 0.000 -0.0 -90 -51.43
35.391 35.391 0.000 -0.0 -90 -45.00
53.016 45.938 0.000 -0.0 -90 -40.91
70.560 56.270 0.000 -0.0 -90 -38.57
81.312 39.158 0.000 -0.0 -90 -25.71
63.811 29.141 0.000 -0.0 -90 -24.55
46.240 19.153 0.000 -0.0 -90 -22.50
87.987 20.083 0.000 -0.0 -90 -12.86
69.436 9.983 0.000 -0.0 -90 -8.18
50.050 0.000 0.000 -0.0 -90 -0.00
90.250 0.000 0.000 -0.0 -90 -0.00
69.436 -9.983 4.100 -0.0 -90 -351.82
87.987 -20.083 4.100 -0.0 -90 -347.14
46.240 -19.153 4.100 -0.0 -90 -337.50
63.811 -29.141 4.100 -0.0 -90 -335.45
81.312 -39.158 4.100 -0.0 -90 -334.29
70.560 -56.270 4.100 -0.0 -90 -321.43
53.016 -45.938 4.100 -0.0 -90 -319.09
35.391 -35.391 4.100 -0.0 -90 -315.00
56.270 -70.560 4.100 -0.0 -90 -308.57
37.926 -59.014 4.100 -0.0 -90 -302.73
39.158 -81.312 4.100 -0.0 -90 -295.71
19.153 -46.240 4.100 -0.0 -90 -292.50
19.764 -67.308 4.100 -0.0 -90 -286.36
20.083 -87.987 4.100 -0.0 -90 -282.86
-0.000 -50.050 4.100 -0.0 -90 -270.00
-0.000 -70.150 4.100 -0.0 -90 -270.00
-0.000 -90.250 4.100 -0.0 -90 -270.00
-20.083 -87.987 4.100 -0.0 -90 -257.14
-19.764 -67.308 4.100 -0.0 -90 -253.64
-19.153 -46.240 4.100 -0.0 -90 -247.50
-39.158 -81.312 4.100 -0.0 -90 -244.29
-37.926 -59.014 4.100 -0.0 -90 -237.27
-56.270 -70.560 4.100 -0.0 -90 -231.43
-35.391 -35.391 4.100 -0.0 -90 -225.00
-53.016 -45.938 4.100 -0.0 -90 -220.91
-70.560 -56.270 4.100 -0.0 -90 -218.57
-81.312 -39.158 4.100 -0.0 -90 -205.71
-63.811 -29.141 4.100 -0.0 -90 -204.55
-46.240 -19.153 4.100 -0.0 -90 -202.50
-87.987 -20.083 4.100 -0.0 -90 -192.86
-69.436 -9.983 4.100 -0.0 -90 -188.18
-50.050 0.000 4.100 -0.0 -90 -180.00
-90.250 0.000 4.100 -0.0 -90 -180.00
-69.436 9.983 4.100 -0.0 -90 -171.82
-87.987 20.083 4.100 -0.0 -90 -167.14
-46.240 19.153 4.100 -0.0 -90 -157.50
-63.811 29.141 4.100 -0.0 -90 -155.45
-81.312 39.158 4.100 -0.0 -90 -154.29
-70.560 56.270 4.100 -0.0 -90 -141.43
-53.016 45.938 4.100 -0.0 -90 -139.09
-35.391 35.391 4.100 -0.0 -90 -135.00
-56.270 70.560 4.100 -0.0 -90 -128.57
-37.926 59.014 4.100 -0.0 -90 -122.73
-39.158 81.312 4.100 -0.0 -90 -115.71
-19.153 46.240 4.100 -0.0 -90 -112.50
-19.764 67.308 4.100 -0.0 -90 -106.36
-20.083 87.987 4.100 -0.0 -90 -102.86
0.000 50.050 4.100 -0.0 -90 -90.00
0.000 70.150 4.100 -0.0 -90 -90.00
0.000 90.250 4.100 -0.0 -90 -90.00
20.083 87.987 4.100 -0.0 -90 -77.14
19.764 67.308 4.100 -0.0 -90 -73.64
19.153 46.240 4.100 -0.0 -90 -67.50
39.158 81.312 4.100 -0.0 -90 -64.29
37.926 59.014 4.100 -0.0 -90 -57.27
56.270 70.560 4.100 -0.0 -90 -51.43
35.391 35.391 4.100 -0.0 -90 -45.00
53.016 45.938 4.100 -0.0 -90 -40.91
70.560 56.270 4.100 -0.0 -90 -38.57
81.312 39.158 4.100 -0.0 -90 -25.71
63.811 29.141 4.100 -0.0 -90 -24.55
46.240 19.153 4.100 -0.0 -90 -22.50
87.987 20.083 4.100 -0.0 -90 -12.86
69.436 9.983 4.100 -0.0 -90 -8.18
50.050 0.000 4.100 -0.0 -90 -0.00
90.250 0.000 4.100 -0.0 -90 -0.00
69.436 -9.983 8.200 -0.0 -90 -351.82
87.987 -20.083 8.200 -0.0 -90 -347.14
46.240 -19.153 8.200 -0.0 -90 -337.50
63.811 -29.141 8.200 -0.0 -90 -335.45
81.312 -39.158 8.200 -0.0 -90 -334.29
70.560 -56.270 8.200 -0.0 -90 -321.43
53.016 -45.938 8.200 -0.0 -90 -319.09
35.391 -35.391 8.200 -0.0 -90 -315.00
56.270 -70.560 8.200 -0.0 -90 -308.57
37.926 -59.014 8.200 -0.0 -90 -302.73
39.158 -81.312 8.200 -0.0 -90 -295.71
19.153 -46.240 8.200 -0.0 -90 -292.50
19.764 -67.308 8.200 -0.0 -90 -286.36
20.083 -87.987 8.200 -0.0 -90 -282.86
-0.000 -50.050 8.200 -0.0 -90 -270.00
-0.000 -70.150 8.200 -0.0 -90 -270.00
-0.000 -90.250 8.200 -0.0 -90 -270.00
-20.083 -87.987 8.200 -0.0 -90 -257.14
-19.764 -67.308 8.200 -0.0 -90 -253.64
-19.153 -46.240 8.200 -0.0 -90 -247.50
-39.158 -81.312 8.200 -0.0 -90 -244.29
-37.926 -59.014 8.200 -0.0 -90 -237.27
-56.270 -70.560 8.200 -0.0 -90 -231.43
-35.391 -35.391 8.200 -0.0 -90 -225.00
-53.016 -45.938 8.200 -0.0 -90 -220.91
-70.560 -56.270 8.200 -0.0 -90 -218.57
-81.312 -39.158 8.200 -0.0 -90 -205.71
-63.811 -29.141 8.200 -0.0 -90 -204.55
-46.240 -19.153 8.200 -0.0 -90 -202.50
-87.987 -20.083 8.200 -0.0 -90 -192.86
-69.436 -9.983 8.200 -0.0 -90 -188.18
-50.050 0.000 8.200 -0.0 -90 -180.00
-90.250 0.000 8.200 -0.0 -90 -180.00
-69.436 9.983 8.200 -0.0 -90 -171.82
-87.987 20.083 8.200 -0.0 -90 -167.14
-46.240 19.153 8.200 -0.0 -90 -157.50
-63.811 29.141 8.200 -0.0 -90 -155.45
-81.312 39.158 8.200 -0.0 -90 -154.29
-70.560 56.270 8.200 -0.0 -90 -141.43
-53.016 45.938 8.200 -0.0 -90 -139.09
-35.391 35.391 8.200 -0.0 -90 -135.00
-56.270 70.560 8.200 -0.0 -90 -128.57
-37.926 59.014 8.200 -0.0 -90 -122.73
-39.158 81.312 8.200 -0.0 -90 -115.71
-19.153 46.240 8.200 -0.0 -90 -112.50
-19.764 67.308 8.200 -0.0 -90 -106.36
-20.083 87.987 8.200 -0.0 -90 -102.86
0.000 50.050 8.200 -0.0 -90 -90.00
0.000 70.150 8.200 -0.0 -90 -90.00
0.000 90.250 8.200 -0.0 -90 -90.00
20.083 87.987 8.200 -0.0 -90 -77.14
19.764 67.308 8.200 -0.0 -90 -73.64
19.153 46.240 8.200 -0.0 -90 -67.50
39.158 81.312 8.200 -0.0 -90 -64.29
37.926 59.014 8.200 -0.0 -90 -57.27
56.270 70.560 8.200 -0.0 -90 -51.43
35.391 35.391 8.200 -0.0 -90 -45.00
53.016 45.938 8.200 -0.0 -90 -40.91
70.560 56.270 8.200 -0.0 -90 -38.57
81.312 39.158 8.200 -0.0 -90 -25.71
63.811 29.141 8.200 -0.0 -90 -24.55
46.240 19.153 8.200 -0.0 -90 -22.50
87.987 20.083 8.200 -0.0 -90 -12.86
69.436 9.983 8.200 -0.0 -90 -8.18
50.050 0.000 8.200 -0.0 -90 -0.00
90.250 0.000 8.200 -0.0 -90 -0.00
