26.372 -6.019 -8.200 0.0 -90.0 -347.14
24.371 -11.737 -8.200 0.0 -90.0 -334.29
21.149 -16.865 -8.200 0.0 -90.0 -321.43
16.865 -21.149 -8.200 0.0 -90.0 -308.57
11.737 -24.371 -8.200 0.0 -90.0 -295.71
6.019 -26.372 -8.200 0.0 -90.0 -282.86
-0.000 -27.050 -8.200 0.0 -90.0 -270.00
-6.019 -26.372 -8.200 0.0 -90.0 -257.14
-11.737 -24.371 -8.200 0.0 -90.0 -244.29
-16.865 -21.149 -8.200 0.0 -90.0 -231.43
-21.149 -16.865 -8.200 0.0 -90.0 -218.57
-24.371 -11.737 -8.200 0.0 -90.0 -205.71
-26.372 -6.019 -8.200 0.0 -90.0 -192.86
-27.050 0.000 -8.200 0.0 -90.0 -180.00
-26.372 6.019 -8.200 0.0 -90.0 -167.14
-24.371 11.737 -8.200 0.0 -90.0 -154.29
-21.149 16.865 -8.200 0.0 -90.0 -141.43
-16.865 21.149 -8.200 0.0 -90.0 -128.57
-11.737 24.371 -8.200 0.0 -90.0 -115.71
-6.019 26.372 -8.200 0.0 -90.0 -102.86
0.000 27.050 -8.200 0.0 -90.0 -90.00
6.019 26.372 -8.200 0.0 -90.0 -77.14
11.737 24.371 -8.200 0.0 -90.0 -64.29
16.865 21.149 -8.200 0.0 -90.0 -51.43
21.149 16.865 -8.200 0.0 -90.0 -38.57
24.371 11.737 -8.200 0.0 -90.0 -25.71
26.372 6.019 -8.200 0.0 -90.0 -12.86
27.050 0.000 -8.200 0.0 -90.0 -0.00
26.372 -6.019 -4.100 0.0 -90.0 -347.14
24.371 -11.737 -4.100 0.0 -90.0 -334.29
21.149 -16.865 -4.100 0.0 -90.0 -321.43
16.865 -21.149 -4.100 0.0 -90.0 -308.57
11.737 -24.371 -4.100 0.0 -90.0 -295.71
6.019 -26.372 -4.100 0.0 -90.0 -282.86
-0.000 -27.050 -4.100 0.0 -90.0 -270.00
-6.019 -26.372 -4.100 0.0 -90.0 -257.14
-11.737 -24.371 -4.100 0.0 -90.0 -244.29
-16.865 -21.149 -4.100 0.0 -90.0 -231.43
-21.149 -16.865 -4.100 0.0 -90.0 -218.57
-24.371 -11.737 -4.100 0.0 -90.0 -205.71
-26.372 -6.019 -4.100 0.0 -90.0 -192.86
-27.050 0.000 -4.100 0.0 -90.0 -180.00
-26.372 6.019 -4.100 0.0 -90.0 -167.14
-24.371 11.737 -4.100 0.0 -90.0 -154.29
-21.149 16.865 -4.100 0.0 -90.0 -141.43
-16.865 21.149 -4.100 0.0 -90.0 -128.57
-11.737 24.371 -4.100 0.0 -90.0 -115.71
-6.019 26.372 -4.100 0.0 -90.0 -102.86
0.000 27.050 -4.100 0.0 -90.0 -90.00
6.019 26.372 -4.100 0.0 -90.0 -77.14
11.737 24.371 -4.100 0.0 -90.0 -64.29
16.865 21.149 -4.100 0.0 -90.0 -51.43
21.149 16.865 -4.100 0.0 -90.0 -38.57
24.371 11.737 -4.100 0.0 -90.0 -25.71
26.372 6.019 -4.100 0.0 -90.0 -12.86
27.050 0.000 -4.100 0.0 -90.0 -0.00
26.372 -6.019 0.000 0.0 -90.0 -347.14
24.371 -11.737 0.000 0.0 -90.0 -334.29
21.149 -16.865 0.000 0.0 -90.0 -321.43
16.865 -21.149 0.000 0.0 -90.0 -308.57
11.737 -24.371 0.000 0.0 -90.0 -295.71
6.019 -26.372 0.000 0.0 -90.0 -282.86
-0.000 -27.050 0.000 0.0 -90.0 -270.00
-6.019 -26.372 0.000 0.0 -90.0 -257.14
-11.737 -24.371 0.000 0.0 -90.0 -244.29
-16.865 -21.149 0.000 0.0 -90.0 -231.43
-21.149 -16.865 0.000 0.0 -90.0 -218.57
-24.371 -11.737 0.000 0.0 -90.0 -205.71
-26.372 -6.019 0.000 0.0 -90.0 -192.86
-27.050 0.000 0.000 0.0 -90.0 -180.00
-26.372 6.019 0.000 0.0 -90.0 -167.14
-24.371 11.737 0.000 0.0 -90.0 -154.29
-21.149 16.865 0.000 0.0 -90.0 -141.43
-16.865 21.149 0.000 0.0 -90.0 -128.57
-11.737 24.371 0.000 0.0 -90.0 -115.71
-6.019 26.372 0.000 0.0 -90.0 -102.86
0.000 27.050 0.000 0.0 -90.0 -90.00
6.019 26.372 0.000 0.0 -90.0 -77.14
11.737 24.371 0.000 0.0 -90.0 -64.29
16.865 21.149 0.000 0.0 -90.0 -51.43
21.149 16.865 0.000 0.0 -90.0 -38.57
24.371 11.737 0.000 0.0 -90.0 -25.71
26.372 6.019 0.000 0.0 -90.0 -12.86
27.050 0.000 0.000 0.0 -90.0 -0.00
26.372 -6.019 4.100 0.0 -90.0 -347.14
24.371 -11.737 4.100 0.0 -90.0 -334.29
21.149 -16.865 4.100 0.0 -90.0 -321.43
16.865 -21.149 4.100 0.0 -90.0 -308.57
11.737 -24.371 4.100 0.0 -90.0 -295.71
6.019 -26.372 4.100 0.0 -90.0 -282.86
-0.000 -27.050 4.100 0.0 -90.0 -270.00
-6.019 -26.372 4.100 0.0 -90.0 -257.14
-11.737 -24.371 4.100 0.0 -90.0 -244.29
-16.865 -21.149 4.100 0.0 -90.0 -231.43
-21.149 -16.865 4.100 0.0 -90.0 -218.57
-24.371 -11.737 4.100 0.0 -90.0 -205.71
-26.372 -6.019 4.100 0.0 -90.0 -192.86
-27.050 0.000 4.100 0.0 -90.0 -180.00
-26.372 6.019 4.100 0.0 -90.0 -167.14
-24.371 11.737 4.100 0.0 -90.0 -154.29
-21.149 16.865 4.100 0.0 -90.0 -141.43
-16.865 21.149 4.100 0.0 -90.0 -128.57
-11.737 24.371 4.100 0.0 -90.0 -115.71
-6.019 26.372 4.100 0.0 -90.0 -102.86
0.000 27.050 4.100 0.0 -90.0 -90.00
6.019 26.372 4.100 0.0 -90.0 -77.14
11.737 24.371 4.100 0.0 -90.0 -64.29
16.865 21.149 4.100 0.0 -90.0 -51.43
21.149 16.865 4.100 0.0 -90.0 -38.57
24.371 11.737 4.100 0.0 -90.0 -25.71
26.372 6.019 4.100 0.0 -90.0 -12.86
27.050 0.000 4.100 0.0 -90.0 -0.00
26.372 -6.019 8.200 0.0 -90.0 -347.14
24.371 -11.737 8.200 0.0 -90.0 -334.29
21.149 -16.865 8.200 0.0 -90.0 -321.43
16.865 -21.149 8.200 0.0 -90.0 -308.57
11.737 -24.371 8.200 0.0 -90.0 -295.71
6.019 -26.372 8.200 0.0 -90.0 -282.86
-0.000 -27.050 8.200 0.0 -90.0 -270.00
-6.019 -26.372 8.200 0.0 -90.0 -257.14
-11.737 -24.371 8.200 0.0 -90.0 -244.29
-16.865 -21.149 8.200 0.0 -90.0 -231.43
-21.149 -16.865 8.200 0.0 -90.0 -218.57
-24.371 -11.737 8.200 0.0 -90.0 -205.71
-26.372 -6.019 8.200 0.0 -90.0 -192.86
-27.050 0.000 8.200 0.0 -90.0 -180.00
-26.372 6.019 8.200 0.0 -90.0 -167.14
-24.371 11.737 8.200 0.0 -90.0 -154.29
-21.149 16.865 8.200 0.0 -90.0 -141.43
-16.865 21.149 8.200 0.0 -90.0 -128.57
-11.737 24.371 8.200 0.0 -90.0 -115.71
-6.019 26.372 8.200 0.0 -90.0 -102.86
0.000 27.050 8.200 0.0 -90.0 -90.00
6.019 26.372 8.200 0.0 -90.0 -77.14
11.737 24.371 8.200 0.0 -90.0 -64.29
16.865 21.149 8.200 0.0 -90.0 -51.43
21.149 16.865 8.200 0.0 -90.0 -38.57
24.371 11.737 8.200 0.0 -90.0 -25.71
26.372 6.019 8.200 0.0 -90.0 -12.86
27.050 0.000 8.200 0.0 -90.0 -0.00
