46.647 -6.141 -8.200 0.0 -90.0 -352.50
45.447 -12.177 -8.200 0.0 -90.0 -345.00
43.469 -18.005 -8.200 0.0 -90.0 -337.50
40.746 -23.525 -8.200 0.0 -90.0 -330.00
37.327 -28.642 -8.200 0.0 -90.0 -322.50
33.269 -33.269 -8.200 0.0 -90.0 -315.00
28.642 -37.327 -8.200 0.0 -90.0 -307.50
23.525 -40.746 -8.200 0.0 -90.0 -300.00
18.005 -43.469 -8.200 0.0 -90.0 -292.50
12.177 -45.447 -8.200 0.0 -90.0 -285.00
6.141 -46.647 -8.200 0.0 -90.0 -277.50
-0.000 -47.050 -8.200 0.0 -90.0 -270.00
-6.141 -46.647 -8.200 0.0 -90.0 -262.50
-12.177 -45.447 -8.200 0.0 -90.0 -255.00
-18.005 -43.469 -8.200 0.0 -90.0 -247.50
-23.525 -40.746 -8.200 0.0 -90.0 -240.00
-28.642 -37.327 -8.200 0.0 -90.0 -232.50
-33.269 -33.269 -8.200 0.0 -90.0 -225.00
-37.327 -28.642 -8.200 0.0 -90.0 -217.50
-40.746 -23.525 -8.200 0.0 -90.0 -210.00
-43.469 -18.005 -8.200 0.0 -90.0 -202.50
-45.447 -12.177 -8.200 0.0 -90.0 -195.00
-46.647 -6.141 -8.200 0.0 -90.0 -187.50
-47.050 0.000 -8.200 0.0 -90.0 -180.00
-46.647 6.141 -8.200 0.0 -90.0 -172.50
-45.447 12.177 -8.200 0.0 -90.0 -165.00
-43.469 18.005 -8.200 0.0 -90.0 -157.50
-40.746 23.525 -8.200 0.0 -90.0 -150.00
-37.327 28.642 -8.200 0.0 -90.0 -142.50
-33.269 33.269 -8.200 0.0 -90.0 -135.00
-28.642 37.327 -8.200 0.0 -90.0 -127.50
-23.525 40.746 -8.200 0.0 -90.0 -120.00
-18.005 43.469 -8.200 0.0 -90.0 -112.50
-12.177 45.447 -8.200 0.0 -90.0 -105.00
-6.141 46.647 -8.200 0.0 -90.0 -97.50
0.000 47.050 -8.200 0.0 -90.0 -90.00
6.141 46.647 -8.200 0.0 -90.0 -82.50
12.177 45.447 -8.200 0.0 -90.0 -75.00
18.005 43.469 -8.200 0.0 -90.0 -67.50
23.525 40.746 -8.200 0.0 -90.0 -60.00
28.642 37.327 -8.200 0.0 -90.0 -52.50
33.269 33.269 -8.200 0.0 -90.0 -45.00
37.327 28.642 -8.200 0.0 -90.0 -37.50
40.746 23.525 -8.200 0.0 -90.0 -30.00
43.469 18.005 -8.200 0.0 -90.0 -22.50
45.447 12.177 -8.200 0.0 -90.0 -15.00
46.647 6.141 -8.200 0.0 -90.0 -7.50
47.050 0.000 -8.200 0.0 -90.0 -0.00
46.647 -6.141 -4.100 0.0 -90.0 -352.50
45.447 -12.177 -4.100 0.0 -90.0 -345.00
43.469 -18.005 -4.100 0.0 -90.0 -337.50
40.746 -23.525 -4.100 0.0 -90.0 -330.00
37.327 -28.642 -4.100 0.0 -90.0 -322.50
33.269 -33.269 -4.100 0.0 -90.0 -315.00
28.642 -37.327 -4.100 0.0 -90.0 -307.50
23.525 -40.746 -4.100 0.0 -90.0 -300.00
18.005 -43.469 -4.100 0.0 -90.0 -292.50
12.177 -45.447 -4.100 0.0 -90.0 -285.00
6.141 -46.647 -4.100 0.0 -90.0 -277.50
-0.000 -47.050 -4.100 0.0 -90.0 -270.00
-6.141 -46.647 -4.100 0.0 -90.0 -262.50
-12.177 -45.447 -4.100 0.0 -90.0 -255.00
-18.005 -43.469 -4.100 0.0 -90.0 -247.50
-23.525 -40.746 -4.100 0.0 -90.0 -240.00
-28.642 -37.327 -4.100 0.0 -90.0 -232.50
-33.269 -33.269 -4.100 0.0 -90.0 -225.00
-37.327 -28.642 -4.100 0.0 -90.0 -217.50
-40.746 -23.525 -4.100 0.0 -90.0 -210.00
-43.469 -18.005 -4.100 0.0 -90.0 -202.50
-45.447 -12.177 -4.100 0.0 -90.0 -195.00
-46.647 -6.141 -4.100 0.0 -90.0 -187.50
-47.050 0.000 -4.100 0.0 -90.0 -180.00
-46.647 6.141 -4.100 0.0 -90.0 -172.50
-45.447 12.177 -4.100 0.0 -90.0 -165.00
-43.469 18.005 -4.100 0.0 -90.0 -157.50
-40.746 23.525 -4.100 0.0 -90.0 -150.00
-37.327 28.642 -4.100 0.0 -90.0 -142.50
-33.269 33.269 -4.100 0.0 -90.0 -135.00
-28.642 37.327 -4.100 0.0 -90.0 -127.50
-23.525 40.746 -4.100 0.0 -90.0 -120.00
-18.005 43.469 -4.100 0.0 -90.0 -112.50
-12.177 45.447 -4.100 0.0 -90.0 -105.00
-6.141 46.647 -4.100 0.0 -90.0 -97.50
0.000 47.050 -4.100 0.0 -90.0 -90.00
6.141 46.647 -4.100 0.0 -90.0 -82.50
12.177 45.447 -4.100 0.0 -90.0 -75.00
18.005 43.469 -4.100 0.0 -90.0 -67.50
23.525 40.746 -4.100 0.0 -90.0 -60.00
28.642 37.327 -4.100 0.0 -90.0 -52.50
33.269 33.269 -4.100 0.0 -90.0 -45.00
37.327 28.642 -4.100 0.0 -90.0 -37.50
40.746 23.525 -4.100 0.0 -90.0 -30.00
43.469 18.005 -4.100 0.0 -90.0 -22.50
45.447 12.177 -4.100 0.0 -90.0 -15.00
46.647 6.141 -4.100 0.0 -90.0 -7.50
47.050 0.000 -4.100 0.0 -90.0 -0.00
46.647 -6.141 0.000 0.0 -90.0 -352.50
45.447 -12.177 0.000 0.0 -90.0 -345.00
43.469 -18.005 0.000 0.0 -90.0 -337.50
40.746 -23.525 0.000 0.0 -90.0 -330.00
37.327 -28.642 0.000 0.0 -90.0 -322.50
33.269 -33.269 0.000 0.0 -90.0 -315.00
28.642 -37.327 0.000 0.0 -90.0 -307.50
23.525 -40.746 0.000 0.0 -90.0 -300.00
18.005 -43.469 0.000 0.0 -90.0 -292.50
12.177 -45.447 0.000 0.0 -90.0 -285.00
6.141 -46.647 0.000 0.0 -90.0 -277.50
-0.000 -47.050 0.000 0.0 -90.0 -270.00
-6.141 -46.647 0.000 0.0 -90.0 -262.50
-12.177 -45.447 0.000 0.0 -90.0 -255.00
-18.005 -43.469 0.000 0.0 -90.0 -247.50
-23.525 -40.746 0.000 0.0 -90.0 -240.00
-28.642 -37.327 0.000 0.0 -90.0 -232.50
-33.269 -33.269 0.000 0.0 -90.0 -225.00
-37.327 -28.642 0.000 0.0 -90.0 -217.50
-40.746 -23.525 0.000 0.0 -90.0 -210.00
-43.469 -18.005 0.000 0.0 -90.0 -202.50
-45.447 -12.177 0.000 0.0 -90.0 -195.00
-46.647 -6.141 0.000 0.0 -90.0 -187.50
-47.050 0.000 0.000 0.0 -90.0 -180.00
-46.647 6.141 0.000 0.0 -90.0 -172.50
-45.447 12.177 0.000 0.0 -90.0 -165.00
-43.469 18.005 0.000 0.0 -90.0 -157.50
-40.746 23.525 0.000 0.0 -90.0 -150.00
-37.327 28.642 0.000 0.0 -90.0 -142.50
-33.269 33.269 0.000 0.0 -90.0 -135.00
-28.642 37.327 0.000 0.0 -90.0 -127.50
-23.525 40.746 0.000 0.0 -90.0 -120.00
-18.005 43.469 0.000 0.0 -90.0 -112.50
-12.177 45.447 0.000 0.0 -90.0 -105.00
-6.141 46.647 0.000 0.0 -90.0 -97.50
0.000 47.050 0.000 0.0 -90.0 -90.00
6.141 46.647 0.000 0.0 -90.0 -82.50
12.177 45.447 0.000 0.0 -90.0 -75.00
18.005 43.469 0.000 0.0 -90.0 -67.50
23.525 40.746 0.000 0.0 -90.0 -60.00
28.642 37.327 0.000 0.0 -90.0 -52.50
33.269 33.269 0.000 0.0 -90.0 -45.00
37.327 28.642 0.000 0.0 -90.0 -37.50
40.746 23.525 0.000 0.0 -90.0 -30.00
43.469 18.005 0.000 0.0 -90.0 -22.50
45.447 12.177 0.000 0.0 -90.0 -15.00
46.647 6.141 0.000 0.0 -90.0 -7.50
47.050 0.000 0.000 0.0 -90.0 -0.00
46.647 -6.141 4.100 0.0 -90.0 -352.50
45.447 -12.177 4.100 0.0 -90.0 -345.00
43.469 -18.005 4.100 0.0 -90.0 -337.50
40.746 -23.525 4.100 0.0 -90.0 -330.00
37.327 -28.642 4.100 0.0 -90.0 -322.50
33.269 -33.269 4.100 0.0 -90.0 -315.00
28.642 -37.327 4.100 0.0 -90.0 -307.50
23.525 -40.746 4.100 0.0 -90.0 -300.00
18.005 -43.469 4.100 0.0 -90.0 -292.50
12.177 -45.447 4.100 0.0 -90.0 -285.00
6.141 -46.647 4.100 0.0 -90.0 -277.50
-0.000 -47.050 4.100 0.0 -90.0 -270.00
-6.141 -46.647 4.100 0.0 -90.0 -262.50
-12.177 -45.447 4.100 0.0 -90.0 -255.00
-18.005 -43.469 4.100 0.0 -90.0 -247.50
-23.525 -40.746 4.100 0.0 -90.0 -240.00
-28.642 -37.327 4.100 0.0 -90.0 -232.50
-33.269 -33.269 4.100 0.0 -90.0 -225.00
-37.327 -28.642 4.100 0.0 -90.0 -217.50
-40.746 -23.525 4.100 0.0 -90.0 -210.00
-43.469 -18.005 4.100 0.0 -90.0 -202.50
-45.447 -12.177 4.100 0.0 -90.0 -195.00
-46.647 -6.141 4.100 0.0 -90.0 -187.50
-47.050 0.000 4.100 0.0 -90.0 -180.00
-46.647 6.141 4.100 0.0 -90.0 -172.50
-45.447 12.177 4.100 0.0 -90.0 -165.00
-43.469 18.005 4.100 0.0 -90.0 -157.50
-40.746 23.525 4.100 0.0 -90.0 -150.00
-37.327 28.642 4.100 0.0 -90.0 -142.50
-33.269 33.269 4.100 0.0 -90.0 -135.00
-28.642 37.327 4.100 0.0 -90.0 -127.50
-23.525 40.746 4.100 0.0 -90.0 -120.00
-18.005 43.469 4.100 0.0 -90.0 -112.50
-12.177 45.447 4.100 0.0 -90.0 -105.00
-6.141 46.647 4.100 0.0 -90.0 -97.50
0.000 47.050 4.100 0.0 -90.0 -90.00
6.141 46.647 4.100 0.0 -90.0 -82.50
12.177 45.447 4.100 0.0 -90.0 -75.00
18.005 43.469 4.100 0.0 -90.0 -67.50
23.525 40.746 4.100 0.0 -90.0 -60.00
28.642 37.327 4.100 0.0 -90.0 -52.50
33.269 33.269 4.100 0.0 -90.0 -45.00
37.327 28.642 4.100 0.0 -90.0 -37.50
40.746 23.525 4.100 0.0 -90.0 -30.00
43.469 18.005 4.100 0.0 -90.0 -22.50
45.447 12.177 4.100 0.0 -90.0 -15.00
46.647 6.141 4.100 0.0 -90.0 -7.50
47.050 0.000 4.100 0.0 -90.0 -0.00
46.647 -6.141 8.200 0.0 -90.0 -352.50
45.447 -12.177 8.200 0.0 -90.0 -345.00
43.469 -18.005 8.200 0.0 -90.0 -337.50
40.746 -23.525 8.200 0.0 -90.0 -330.00
37.327 -28.642 8.200 0.0 -90.0 -322.50
33.269 -33.269 8.200 0.0 -90.0 -315.00
28.642 -37.327 8.200 0.0 -90.0 -307.50
23.525 -40.746 8.200 0.0 -90.0 -300.00
18.005 -43.469 8.200 0.0 -90.0 -292.50
12.177 -45.447 8.200 0.0 -90.0 -285.00
6.141 -46.647 8.200 0.0 -90.0 -277.50
-0.000 -47.050 8.200 0.0 -90.0 -270.00
-6.141 -46.647 8.200 0.0 -90.0 -262.50
-12.177 -45.447 8.200 0.0 -90.0 -255.00
-18.005 -43.469 8.200 0.0 -90.0 -247.50
-23.525 -40.746 8.200 0.0 -90.0 -240.00
-28.642 -37.327 8.200 0.0 -90.0 -232.50
-33.269 -33.269 8.200 0.0 -90.0 -225.00
-37.327 -28.642 8.200 0.0 -90.0 -217.50
-40.746 -23.525 8.200 0.0 -90.0 -210.00
-43.469 -18.005 8.200 0.0 -90.0 -202.50
-45.447 -12.177 8.200 0.0 -90.0 -195.00
-46.647 -6.141 8.200 0.0 -90.0 -187.50
-47.050 0.000 8.200 0.0 -90.0 -180.00
-46.647 6.141 8.200 0.0 -90.0 -172.50
-45.447 12.177 8.200 0.0 -90.0 -165.00
-43.469 18.005 8.200 0.0 -90.0 -157.50
-40.746 23.525 8.200 0.0 -90.0 -150.00
-37.327 28.642 8.200 0.0 -90.0 -142.50
-33.269 33.269 8.200 0.0 -90.0 -135.00
-28.642 37.327 8.200 0.0 -90.0 -127.50
-23.525 40.746 8.200 0.0 -90.0 -120.00
-18.005 43.469 8.200 0.0 -90.0 -112.50
-12.177 45.447 8.200 0.0 -90.0 -105.00
-6.141 46.647 8.200 0.0 -90.0 -97.50
0.000 47.050 8.200 0.0 -90.0 -90.00
6.141 46.647 8.200 0.0 -90.0 -82.50
12.177 45.447 8.200 0.0 -90.0 -75.00
18.005 43.469 8.200 0.0 -90.0 -67.50
23.525 40.746 8.200 0.0 -90.0 -60.00
28.642 37.327 8.200 0.0 -90.0 -52.50
33.269 33.269 8.200 0.0 -90.0 -45.00
37.327 28.642 8.200 0.0 -90.0 -37.50
40.746 23.525 8.200 0.0 -90.0 -30.00
43.469 18.005 8.200 0.0 -90.0 -22.50
45.447 12.177 8.200 0.0 -90.0 -15.00
46.647 6.141 8.200 0.0 -90.0 -7.50
47.050 0.000 8.200 0.0 -90.0 -0.00
