67.302 -2.549 0.000 0 0 -357.83
57.092 -2.564 0.000 0 0 -357.43
72.270 -5.111 0.000 0 0 -355.96
62.043 -5.074 0.000 0 0 -355.32
51.799 -5.102 0.000 0 0 -354.38
66.916 -7.631 0.000 0 0 -353.49
56.633 -7.671 0.000 0 0 -352.29
71.729 -10.196 0.000 0 0 -351.91
61.423 -10.114 0.000 0 0 -350.65
66.147 -12.670 0.000 0 0 -349.16
51.050 -10.154 0.000 0 0 -348.75
70.831 -15.230 0.000 0 0 -347.87
55.717 -12.717 0.000 0 0 -347.14
60.394 -15.087 0.000 0 0 -345.97
65.000 -17.637 0.000 0 0 -344.82
69.580 -20.188 0.000 0 0 -343.82
49.809 -15.109 0.000 0 0 -343.12
54.353 -17.660 0.000 0 0 -342.00
58.963 -19.959 0.000 0 0 -341.30
63.480 -22.502 0.000 0 0 -340.48
67.983 -25.046 0.000 0 0 -339.78
48.088 -19.919 0.000 0 0 -337.50
52.551 -22.461 0.000 0 0 -336.86
57.140 -24.699 0.000 0 0 -336.62
61.596 -27.238 0.000 0 0 -336.14
66.047 -29.779 0.000 0 0 -335.73
54.937 -29.274 0.000 0 0 -331.95
45.904 -24.536 0.000 0 0 -331.88
59.360 -31.819 0.000 0 0 -331.81
50.326 -27.082 0.000 0 0 -331.71
63.782 -34.364 0.000 0 0 -331.69
61.199 -38.777 0.000 0 0 -327.64
56.783 -36.217 0.000 0 0 -327.47
52.368 -33.655 0.000 0 0 -327.27
47.696 -31.484 0.000 0 0 -326.57
43.278 -28.917 0.000 0 0 -326.25
58.311 -42.998 0.000 0 0 -323.60
53.882 -40.408 0.000 0 0 -323.13
49.451 -37.811 0.000 0 0 -322.60
44.682 -35.632 0.000 0 0 -321.43
40.235 -33.020 0.000 0 0 -320.62
55.133 -47.004 0.000 0 0 -319.55
50.671 -44.367 0.000 0 0 -318.80
46.204 -41.716 0.000 0 0 -317.92
41.308 -39.494 0.000 0 0 -316.29
51.680 -50.776 0.000 0 0 -315.51
36.805 -36.805 0.000 0 0 -315.00
47.171 -48.072 0.000 0 0 -314.46
42.650 -45.344 0.000 0 0 -313.25
47.970 -54.295 0.000 0 0 -311.46
37.601 -43.038 0.000 0 0 -311.14
43.400 -51.502 0.000 0 0 -310.12
33.020 -40.235 0.000 0 0 -309.38
38.812 -48.669 0.000 0 0 -308.57
44.020 -57.543 0.000 0 0 -307.42
33.592 -46.235 0.000 0 0 -306.00
39.381 -54.637 0.000 0 0 -305.78
34.716 -51.671 0.000 0 0 -303.90
28.917 -43.278 0.000 0 0 -303.75
39.851 -60.505 0.000 0 0 -303.37
35.136 -57.459 0.000 0 0 -301.45
29.312 -49.060 0.000 0 0 -300.86
35.484 -63.165 0.000 0 0 -299.33
30.389 -54.328 0.000 0 0 -299.22
24.536 -45.904 0.000 0 0 -298.12
30.690 -59.951 0.000 0 0 -297.11
24.796 -51.490 0.000 0 0 -295.71
30.940 -65.511 0.000 0 0 -295.28
25.860 -56.625 0.000 0 0 -294.55
26.068 -62.101 0.000 0 0 -292.77
19.919 -48.088 0.000 0 0 -292.50
26.242 -67.530 0.000 0 0 -291.24
20.081 -53.506 0.000 0 0 -290.57
21.158 -58.544 0.000 0 0 -289.87
21.297 -63.894 0.000 0 0 -288.43
21.413 -69.213 0.000 0 0 -287.19
15.109 -49.809 0.000 0 0 -286.88
15.204 -55.090 0.000 0 0 -285.43
16.316 -60.074 0.000 0 0 -285.19
16.403 -65.322 0.000 0 0 -284.10
16.478 -70.551 0.000 0 0 -283.15
10.154 -51.050 0.000 0 0 -281.25
11.365 -61.204 0.000 0 0 -280.52
10.205 -56.232 0.000 0 0 -280.29
11.416 -66.375 0.000 0 0 -279.76
11.460 -71.538 0.000 0 0 -279.10
6.338 -61.926 0.000 0 0 -275.84
5.102 -51.799 0.000 0 0 -275.62
6.364 -67.049 0.000 0 0 -275.42
5.123 -56.920 0.000 0 0 -275.14
6.385 -72.168 0.000 0 0 -275.06
1.270 -62.237 0.000 0 0 -271.17
1.275 -67.338 0.000 0 0 -271.08
1.279 -72.439 0.000 0 0 -271.01
-0.000 -52.050 0.000 0 0 -270.00
-0.000 -57.150 0.000 0 0 -270.00
-3.834 -72.348 0.000 0 0 -266.97
-3.822 -67.241 0.000 0 0 -266.75
-3.807 -62.133 0.000 0 0 -266.49
-5.123 -56.920 0.000 0 0 -264.86
-5.102 -51.799 0.000 0 0 -264.38
-8.928 -71.898 0.000 0 0 -262.92
-8.896 -66.760 0.000 0 0 -262.41
-8.859 -61.616 0.000 0 0 -261.82
-10.205 -56.232 0.000 0 0 -259.71
-13.977 -71.089 0.000 0 0 -258.88
-10.154 -51.050 0.000 0 0 -258.75
-13.920 -65.896 0.000 0 0 -258.07
-13.852 -60.689 0.000 0 0 -257.14
-18.957 -69.926 0.000 0 0 -254.83
-15.204 -55.090 0.000 0 0 -254.57
-18.863 -64.654 0.000 0 0 -253.73
-15.109 -49.809 0.000 0 0 -253.12
-18.753 -59.358 0.000 0 0 -252.47
-23.842 -68.414 0.000 0 0 -250.79
-20.081 -53.506 0.000 0 0 -249.43
-23.699 -63.043 0.000 0 0 -249.40
-23.528 -57.632 0.000 0 0 -247.79
-19.919 -48.088 0.000 0 0 -247.50
-28.609 -66.562 0.000 0 0 -246.74
-28.399 -61.070 0.000 0 0 -245.06
-24.796 -51.490 0.000 0 0 -244.29
-28.148 -55.523 0.000 0 0 -243.12
-33.233 -64.378 0.000 0 0 -242.70
-24.536 -45.904 0.000 0 0 -241.88
-32.936 -58.747 0.000 0 0 -240.72
-29.312 -49.060 0.000 0 0 -239.14
-37.691 -61.874 0.000 0 0 -238.65
-32.580 -53.044 0.000 0 0 -238.44
-37.285 -56.088 0.000 0 0 -236.39
-28.917 -43.278 0.000 0 0 -236.25
-41.962 -59.061 0.000 0 0 -234.61
-33.592 -46.235 0.000 0 0 -234.00
-36.795 -50.212 0.000 0 0 -233.77
-41.420 -53.107 0.000 0 0 -232.05
-33.020 -40.235 0.000 0 0 -230.62
-46.024 -55.954 0.000 0 0 -230.56
-40.765 -47.045 0.000 0 0 -229.09
-37.601 -43.038 0.000 0 0 -228.86
-45.318 -49.823 0.000 0 0 -227.71
-49.856 -52.568 0.000 0 0 -226.52
-36.805 -36.805 0.000 0 0 -225.00
-44.464 -43.566 0.000 0 0 -224.42
-41.308 -39.494 0.000 0 0 -223.71
-48.956 -46.253 0.000 0 0 -223.37
-53.440 -48.920 0.000 0 0 -222.47
-47.867 -39.797 0.000 0 0 -219.74
-40.235 -33.020 0.000 0 0 -219.38
-52.314 -42.418 0.000 0 0 -219.04
-44.682 -35.632 0.000 0 0 -218.57
-56.757 -45.029 0.000 0 0 -218.43
-50.952 -35.763 0.000 0 0 -215.06
-55.372 -38.340 0.000 0 0 -214.70
-59.792 -40.913 0.000 0 0 -214.38
-43.278 -28.917 0.000 0 0 -213.75
-47.696 -31.484 0.000 0 0 -213.43
-53.697 -31.491 0.000 0 0 -210.39
-58.113 -34.042 0.000 0 0 -210.36
-62.529 -36.593 0.000 0 0 -210.34
-50.326 -27.082 0.000 0 0 -208.29
-45.904 -24.536 0.000 0 0 -208.12
-64.955 -32.092 0.000 0 0 -206.29
-60.521 -29.550 0.000 0 0 -206.02
-56.085 -27.009 0.000 0 0 -205.71
-52.551 -22.461 0.000 0 0 -203.14
-48.088 -19.919 0.000 0 0 -202.50
-67.057 -27.430 0.000 0 0 -202.25
-62.583 -24.888 0.000 0 0 -201.69
-58.100 -22.348 0.000 0 0 -201.04
-68.825 -22.631 0.000 0 0 -198.20
-54.353 -17.660 0.000 0 0 -198.00
-64.286 -20.084 0.000 0 0 -197.35
-49.809 -15.109 0.000 0 0 -196.88
-59.728 -17.538 0.000 0 0 -196.36
-70.250 -17.720 0.000 0 0 -194.16
-65.621 -15.164 0.000 0 0 -193.01
-55.717 -12.717 0.000 0 0 -192.86
-60.959 -12.611 0.000 0 0 -191.69
-51.050 -10.154 0.000 0 0 -191.25
-71.325 -12.721 0.000 0 0 -190.11
-66.580 -10.158 0.000 0 0 -188.67
-56.633 -7.671 0.000 0 0 -187.71
-61.784 -7.600 0.000 0 0 -187.01
-72.044 -7.658 0.000 0 0 -186.07
-51.799 -5.102 0.000 0 0 -185.62
-67.157 -5.094 0.000 0 0 -184.34
-57.092 -2.564 0.000 0 0 -182.57
-62.198 -2.539 0.000 0 0 -182.34
-72.405 -2.557 0.000 0 0 -182.02
-52.050 0.000 0.000 0 0 -180.00
-67.350 0.000 0.000 0 0 -180.00
-72.405 2.557 0.000 0 0 -177.98
-62.198 2.539 0.000 0 0 -177.66
-57.092 2.564 0.000 0 0 -177.43
-67.157 5.094 0.000 0 0 -175.66
-51.799 5.102 0.000 0 0 -174.38
-72.044 7.658 0.000 0 0 -173.93
-61.784 7.600 0.000 0 0 -172.99
-56.633 7.671 0.000 0 0 -172.29
-66.580 10.158 0.000 0 0 -171.33
-71.325 12.721 0.000 0 0 -169.89
-51.050 10.154 0.000 0 0 -168.75
-60.959 12.611 0.000 0 0 -168.31
-55.717 12.717 0.000 0 0 -167.14
-65.621 15.164 0.000 0 0 -166.99
-70.250 17.720 0.000 0 0 -165.84
-59.728 17.538 0.000 0 0 -163.64
-49.809 15.109 0.000 0 0 -163.12
-64.286 20.084 0.000 0 0 -162.65
-54.353 17.660 0.000 0 0 -162.00
-68.825 22.631 0.000 0 0 -161.80
-58.100 22.348 0.000 0 0 -158.96
-62.583 24.888 0.000 0 0 -158.31
-67.057 27.430 0.000 0 0 -157.75
-48.088 19.919 0.000 0 0 -157.50
-52.551 22.461 0.000 0 0 -156.86
-56.085 27.009 0.000 0 0 -154.29
-60.521 29.550 0.000 0 0 -153.98
-64.955 32.092 0.000 0 0 -153.71
-45.904 24.536 0.000 0 0 -151.88
-50.326 27.082 0.000 0 0 -151.71
-62.529 36.593 0.000 0 0 -149.66
-58.113 34.042 0.000 0 0 -149.64
-53.697 31.491 0.000 0 0 -149.61
-47.696 31.484 0.000 0 0 -146.57
-43.278 28.917 0.000 0 0 -146.25
-59.792 40.913 0.000 0 0 -145.62
-55.372 38.340 0.000 0 0 -145.30
-50.952 35.763 0.000 0 0 -144.94
-56.757 45.029 0.000 0 0 -141.57
-44.682 35.632 0.000 0 0 -141.43
-52.314 42.418 0.000 0 0 -140.96
-40.235 33.020 0.000 0 0 -140.62
-47.867 39.797 0.000 0 0 -140.26
-53.440 48.920 0.000 0 0 -137.53
-48.956 46.253 0.000 0 0 -136.63
-41.308 39.494 0.000 0 0 -136.29
-44.464 43.566 0.000 0 0 -135.58
-36.805 36.805 0.000 0 0 -135.00
-49.856 52.568 0.000 0 0 -133.48
-45.318 49.823 0.000 0 0 -132.29
-37.601 43.038 0.000 0 0 -131.14
-40.765 47.045 0.000 0 0 -130.91
-46.024 55.954 0.000 0 0 -129.44
-33.020 40.235 0.000 0 0 -129.38
-41.420 53.107 0.000 0 0 -127.95
-36.795 50.212 0.000 0 0 -126.23
-33.592 46.235 0.000 0 0 -126.00
-41.962 59.061 0.000 0 0 -125.39
-28.917 43.278 0.000 0 0 -123.75
-37.285 56.088 0.000 0 0 -123.61
-32.580 53.044 0.000 0 0 -121.56
-37.691 61.874 0.000 0 0 -121.35
-29.312 49.060 0.000 0 0 -120.86
-32.936 58.747 0.000 0 0 -119.28
-24.536 45.904 0.000 0 0 -118.12
-33.233 64.378 0.000 0 0 -117.30
-28.148 55.523 0.000 0 0 -116.88
-24.796 51.490 0.000 0 0 -115.71
-28.399 61.070 0.000 0 0 -114.94
-28.609 66.562 0.000 0 0 -113.26
-19.919 48.088 0.000 0 0 -112.50
-23.528 57.632 0.000 0 0 -112.21
-23.699 63.043 0.000 0 0 -110.60
-20.081 53.506 0.000 0 0 -110.57
-23.842 68.414 0.000 0 0 -109.21
-18.753 59.358 0.000 0 0 -107.53
-15.109 49.809 0.000 0 0 -106.88
-18.863 64.654 0.000 0 0 -106.27
-15.204 55.090 0.000 0 0 -105.43
-18.957 69.926 0.000 0 0 -105.17
-13.852 60.689 0.000 0 0 -102.86
-13.920 65.896 0.000 0 0 -101.93
-10.154 51.050 0.000 0 0 -101.25
-13.977 71.089 0.000 0 0 -101.12
-10.205 56.232 0.000 0 0 -100.29
-8.859 61.616 0.000 0 0 -98.18
-8.896 66.760 0.000 0 0 -97.59
-8.928 71.898 0.000 0 0 -97.08
-5.102 51.799 0.000 0 0 -95.62
-5.123 56.920 0.000 0 0 -95.14
-3.807 62.133 0.000 0 0 -93.51
-3.822 67.241 0.000 0 0 -93.25
-3.834 72.348 0.000 0 0 -93.03
0.000 52.050 0.000 0 0 -90.00
0.000 57.150 0.000 0 0 -90.00
1.279 72.439 0.000 0 0 -88.99
1.275 67.338 0.000 0 0 -88.92
1.270 62.237 0.000 0 0 -88.83
6.385 72.168 0.000 0 0 -84.94
5.123 56.920 0.000 0 0 -84.86
6.364 67.049 0.000 0 0 -84.58
5.102 51.799 0.000 0 0 -84.38
6.338 61.926 0.000 0 0 -84.16
11.460 71.538 0.000 0 0 -80.90
11.416 66.375 0.000 0 0 -80.24
10.205 56.232 0.000 0 0 -79.71
11.365 61.204 0.000 0 0 -79.48
10.154 51.050 0.000 0 0 -78.75
16.478 70.551 0.000 0 0 -76.85
16.403 65.322 0.000 0 0 -75.90
16.316 60.074 0.000 0 0 -74.81
15.204 55.090 0.000 0 0 -74.57
15.109 49.809 0.000 0 0 -73.12
21.413 69.213 0.000 0 0 -72.81
21.297 63.894 0.000 0 0 -71.57
21.158 58.544 0.000 0 0 -70.13
20.081 53.506 0.000 0 0 -69.43
26.242 67.530 0.000 0 0 -68.76
19.919 48.088 0.000 0 0 -67.50
26.068 62.101 0.000 0 0 -67.23
25.860 56.625 0.000 0 0 -65.45
30.940 65.511 0.000 0 0 -64.72
24.796 51.490 0.000 0 0 -64.29
30.690 59.951 0.000 0 0 -62.89
24.536 45.904 0.000 0 0 -61.87
30.389 54.328 0.000 0 0 -60.78
35.484 63.165 0.000 0 0 -60.67
29.312 49.060 0.000 0 0 -59.14
35.136 57.459 0.000 0 0 -58.55
39.851 60.505 0.000 0 0 -56.63
28.917 43.278 0.000 0 0 -56.25
34.716 51.671 0.000 0 0 -56.10
39.381 54.637 0.000 0 0 -54.22
33.592 46.235 0.000 0 0 -54.00
44.020 57.543 0.000 0 0 -52.58
38.812 48.669 0.000 0 0 -51.43
33.020 40.235 0.000 0 0 -50.62
43.400 51.502 0.000 0 0 -49.88
37.601 43.038 0.000 0 0 -48.86
47.970 54.295 0.000 0 0 -48.54
42.650 45.344 0.000 0 0 -46.75
47.171 48.072 0.000 0 0 -45.54
36.805 36.805 0.000 0 0 -45.00
51.680 50.776 0.000 0 0 -44.49
41.308 39.494 0.000 0 0 -43.71
46.204 41.716 0.000 0 0 -42.08
50.671 44.367 0.000 0 0 -41.20
55.133 47.004 0.000 0 0 -40.45
40.235 33.020 0.000 0 0 -39.38
44.682 35.632 0.000 0 0 -38.57
49.451 37.811 0.000 0 0 -37.40
53.882 40.408 0.000 0 0 -36.87
58.311 42.998 0.000 0 0 -36.40
43.278 28.917 0.000 0 0 -33.75
47.696 31.484 0.000 0 0 -33.43
52.368 33.655 0.000 0 0 -32.73
56.783 36.217 0.000 0 0 -32.53
61.199 38.777 0.000 0 0 -32.36
63.782 34.364 0.000 0 0 -28.31
50.326 27.082 0.000 0 0 -28.29
59.360 31.819 0.000 0 0 -28.19
45.904 24.536 0.000 0 0 -28.12
54.937 29.274 0.000 0 0 -28.05
66.047 29.779 0.000 0 0 -24.27
61.596 27.238 0.000 0 0 -23.86
57.140 24.699 0.000 0 0 -23.38
52.551 22.461 0.000 0 0 -23.14
48.088 19.919 0.000 0 0 -22.50
67.983 25.046 0.000 0 0 -20.22
63.480 22.502 0.000 0 0 -19.52
58.963 19.959 0.000 0 0 -18.70
54.353 17.660 0.000 0 0 -18.00
49.809 15.109 0.000 0 0 -16.88
69.580 20.188 0.000 0 0 -16.18
65.000 17.637 0.000 0 0 -15.18
60.394 15.087 0.000 0 0 -14.03
55.717 12.717 0.000 0 0 -12.86
70.831 15.230 0.000 0 0 -12.13
51.050 10.154 0.000 0 0 -11.25
66.147 12.670 0.000 0 0 -10.84
61.423 10.114 0.000 0 0 -9.35
71.729 10.196 0.000 0 0 -8.09
56.633 7.671 0.000 0 0 -7.71
66.916 7.631 0.000 0 0 -6.51
51.799 5.102 0.000 0 0 -5.62
62.043 5.074 0.000 0 0 -4.68
72.270 5.111 0.000 0 0 -4.04
57.092 2.564 0.000 0 0 -2.57
67.302 2.549 0.000 0 0 -2.17
52.050 0.000 0.000 0 0 -0.00
62.250 0.000 0.000 0 0 -0.00
72.450 0.000 0.000 0 0 -0.00
