37.263 -2.549 0.000 0 0 -356.09
27.027 -2.581 0.000 0 0 -354.55
42.140 -5.117 0.000 0 0 -353.08
31.853 -5.045 0.000 0 0 -351.00
36.569 -7.599 0.000 0 0 -348.26
21.456 -5.085 0.000 0 0 -346.67
41.216 -10.159 0.000 0 0 -346.15
26.050 -7.649 0.000 0 0 -343.64
30.672 -9.966 0.000 0 0 -342.00
35.193 -12.508 0.000 0 0 -340.43
39.691 -15.053 0.000 0 0 -339.23
19.705 -9.896 0.000 0 0 -333.33
28.735 -14.641 0.000 0 0 -333.00
24.132 -12.441 0.000 0 0 -332.73
33.163 -17.183 0.000 0 0 -332.61
37.588 -19.727 0.000 0 0 -332.31
34.936 -24.114 0.000 0 0 -325.38
30.514 -21.539 0.000 0 0 -324.78
26.091 -18.956 0.000 0 0 -324.00
21.341 -16.783 0.000 0 0 -321.82
16.891 -14.173 0.000 0 0 -320.00
31.774 -28.150 0.000 0 0 -318.46
27.297 -25.493 0.000 0 0 -316.96
22.804 -22.804 0.000 0 0 -315.00
28.150 -31.774 0.000 0 0 -311.54
17.779 -20.519 0.000 0 0 -310.91
23.571 -28.973 0.000 0 0 -309.13
13.167 -17.687 0.000 0 0 -306.67
18.956 -26.091 0.000 0 0 -306.00
24.114 -34.936 0.000 0 0 -304.62
19.406 -31.913 0.000 0 0 -301.30
13.575 -23.513 0.000 0 0 -300.00
19.727 -37.588 0.000 0 0 -297.69
14.641 -28.735 0.000 0 0 -297.00
14.880 -34.258 0.000 0 0 -293.48
8.734 -20.247 0.000 0 0 -293.33
15.053 -39.691 0.000 0 0 -290.77
8.880 -25.657 0.000 0 0 -289.09
9.966 -30.672 0.000 0 0 -288.00
10.077 -35.965 0.000 0 0 -285.65
10.159 -41.216 0.000 0 0 -283.85
3.829 -21.715 0.000 0 0 -280.00
5.045 -31.853 0.000 0 0 -279.00
3.864 -26.874 0.000 0 0 -278.18
5.086 -37.002 0.000 0 0 -277.83
5.117 -42.140 0.000 0 0 -276.92
-0.000 -32.250 0.000 0 0 -270.00
-0.000 -37.350 0.000 0 0 -270.00
-0.000 -42.450 0.000 0 0 -270.00
-1.292 -27.119 0.000 0 0 -267.27
-1.282 -22.013 0.000 0 0 -266.67
-5.117 -42.140 0.000 0 0 -263.08
-5.086 -37.002 0.000 0 0 -262.17
-5.045 -31.853 0.000 0 0 -261.00
-6.401 -26.385 0.000 0 0 -256.36
-10.159 -41.216 0.000 0 0 -256.15
-10.077 -35.965 0.000 0 0 -254.35
-6.324 -21.124 0.000 0 0 -253.33
-9.966 -30.672 0.000 0 0 -252.00
-15.053 -39.691 0.000 0 0 -249.23
-14.880 -34.258 0.000 0 0 -246.52
-11.279 -24.697 0.000 0 0 -245.45
-14.641 -28.735 0.000 0 0 -243.00
-19.727 -37.588 0.000 0 0 -242.31
-11.025 -19.096 0.000 0 0 -240.00
-19.406 -31.913 0.000 0 0 -238.70
-24.114 -34.936 0.000 0 0 -235.38
-15.749 -22.116 0.000 0 0 -234.55
-18.956 -26.091 0.000 0 0 -234.00
-23.571 -28.973 0.000 0 0 -230.87
-28.150 -31.774 0.000 0 0 -228.46
-15.132 -16.039 0.000 0 0 -226.67
-22.804 -22.804 0.000 0 0 -225.00
-19.649 -18.736 0.000 0 0 -223.64
-27.297 -25.493 0.000 0 0 -223.04
-31.774 -28.150 0.000 0 0 -221.54
-26.091 -18.956 0.000 0 0 -216.00
-30.514 -21.539 0.000 0 0 -215.22
-34.936 -24.114 0.000 0 0 -214.62
-18.423 -12.117 0.000 0 0 -213.33
-22.840 -14.678 0.000 0 0 -212.73
-37.588 -19.727 0.000 0 0 -207.69
-33.163 -17.183 0.000 0 0 -207.39
-28.735 -14.641 0.000 0 0 -207.00
-25.205 -10.091 0.000 0 0 -201.82
-39.691 -15.053 0.000 0 0 -200.77
-20.720 -7.542 0.000 0 0 -200.00
-35.193 -12.508 0.000 0 0 -199.57
-30.672 -9.966 0.000 0 0 -198.00
-41.216 -10.159 0.000 0 0 -193.85
-36.569 -7.599 0.000 0 0 -191.74
-26.659 -5.138 0.000 0 0 -190.91
-31.853 -5.045 0.000 0 0 -189.00
-42.140 -5.117 0.000 0 0 -186.92
-21.901 -2.560 0.000 0 0 -186.67
-37.263 -2.549 0.000 0 0 -183.91
-27.150 0.000 0.000 0 0 -180.00
-32.250 0.000 0.000 0 0 -180.00
-42.450 0.000 0.000 0 0 -180.00
-37.263 2.549 0.000 0 0 -176.09
-21.901 2.560 0.000 0 0 -173.33
-42.140 5.117 0.000 0 0 -173.08
-31.853 5.045 0.000 0 0 -171.00
-26.659 5.138 0.000 0 0 -169.09
-36.569 7.599 0.000 0 0 -168.26
-41.216 10.159 0.000 0 0 -166.15
-30.672 9.966 0.000 0 0 -162.00
-35.193 12.508 0.000 0 0 -160.43
-20.720 7.542 0.000 0 0 -160.00
-39.691 15.053 0.000 0 0 -159.23
-25.205 10.091 0.000 0 0 -158.18
-28.735 14.641 0.000 0 0 -153.00
-33.163 17.183 0.000 0 0 -152.61
-37.588 19.727 0.000 0 0 -152.31
-22.840 14.678 0.000 0 0 -147.27
-18.423 12.117 0.000 0 0 -146.67
-34.936 24.114 0.000 0 0 -145.38
-30.514 21.539 0.000 0 0 -144.78
-26.091 18.956 0.000 0 0 -144.00
-31.774 28.150 0.000 0 0 -138.46
-27.297 25.493 0.000 0 0 -136.96
-19.649 18.736 0.000 0 0 -136.36
-22.804 22.804 0.000 0 0 -135.00
-15.132 16.039 0.000 0 0 -133.33
-28.150 31.774 0.000 0 0 -131.54
-23.571 28.973 0.000 0 0 -129.13
-18.956 26.091 0.000 0 0 -126.00
-15.749 22.116 0.000 0 0 -125.45
-24.114 34.936 0.000 0 0 -124.62
-19.406 31.913 0.000 0 0 -121.30
-11.025 19.096 0.000 0 0 -120.00
-19.727 37.588 0.000 0 0 -117.69
-14.641 28.735 0.000 0 0 -117.00
-11.279 24.697 0.000 0 0 -114.55
-14.880 34.258 0.000 0 0 -113.48
-15.053 39.691 0.000 0 0 -110.77
-9.966 30.672 0.000 0 0 -108.00
-6.324 21.124 0.000 0 0 -106.67
-10.077 35.965 0.000 0 0 -105.65
-10.159 41.216 0.000 0 0 -103.85
-6.401 26.385 0.000 0 0 -103.64
-5.045 31.853 0.000 0 0 -99.00
-5.086 37.002 0.000 0 0 -97.83
-5.117 42.140 0.000 0 0 -96.92
-1.282 22.013 0.000 0 0 -93.33
-1.292 27.119 0.000 0 0 -92.73
0.000 32.250 0.000 0 0 -90.00
0.000 37.350 0.000 0 0 -90.00
0.000 42.450 0.000 0 0 -90.00
5.117 42.140 0.000 0 0 -83.08
5.086 37.002 0.000 0 0 -82.17
3.864 26.874 0.000 0 0 -81.82
5.045 31.853 0.000 0 0 -81.00
3.829 21.715 0.000 0 0 -80.00
10.159 41.216 0.000 0 0 -76.15
10.077 35.965 0.000 0 0 -74.35
9.966 30.672 0.000 0 0 -72.00
8.880 25.657 0.000 0 0 -70.91
15.053 39.691 0.000 0 0 -69.23
8.734 20.247 0.000 0 0 -66.67
14.880 34.258 0.000 0 0 -66.52
14.641 28.735 0.000 0 0 -63.00
19.727 37.588 0.000 0 0 -62.31
13.575 23.513 0.000 0 0 -60.00
19.406 31.913 0.000 0 0 -58.70
24.114 34.936 0.000 0 0 -55.38
18.956 26.091 0.000 0 0 -54.00
13.167 17.687 0.000 0 0 -53.33
23.571 28.973 0.000 0 0 -50.87
17.779 20.519 0.000 0 0 -49.09
28.150 31.774 0.000 0 0 -48.46
22.804 22.804 0.000 0 0 -45.00
27.297 25.493 0.000 0 0 -43.04
31.774 28.150 0.000 0 0 -41.54
16.891 14.173 0.000 0 0 -40.00
21.341 16.783 0.000 0 0 -38.18
26.091 18.956 0.000 0 0 -36.00
30.514 21.539 0.000 0 0 -35.22
34.936 24.114 0.000 0 0 -34.62
37.588 19.727 0.000 0 0 -27.69
33.163 17.183 0.000 0 0 -27.39
24.132 12.441 0.000 0 0 -27.27
28.735 14.641 0.000 0 0 -27.00
19.705 9.896 0.000 0 0 -26.67
39.691 15.053 0.000 0 0 -20.77
35.193 12.508 0.000 0 0 -19.57
30.672 9.966 0.000 0 0 -18.00
26.050 7.649 0.000 0 0 -16.36
41.216 10.159 0.000 0 0 -13.85
21.456 5.085 0.000 0 0 -13.33
36.569 7.599 0.000 0 0 -11.74
31.853 5.045 0.000 0 0 -9.00
42.140 5.117 0.000 0 0 -6.92
27.027 2.581 0.000 0 0 -5.45
37.263 2.549 0.000 0 0 -3.91
22.050 0.000 0.000 0 0 -0.00
32.250 0.000 0.000 0 0 -0.00
42.450 0.000 0.000 0 0 -0.00
