57.294 -2.537 0.000 0 0 -357.46
47.081 -2.553 0.000 0 0 -356.90
62.242 -5.090 0.000 0 0 -355.32
51.998 -5.121 0.000 0 0 -354.38
41.743 -5.069 0.000 0 0 -353.08
56.845 -7.590 0.000 0 0 -352.39
46.529 -7.628 0.000 0 0 -350.69
61.620 -10.147 0.000 0 0 -350.65
51.246 -10.193 0.000 0 0 -348.75
55.952 -12.585 0.000 0 0 -347.32
40.828 -10.063 0.000 0 0 -346.15
60.588 -15.135 0.000 0 0 -345.97
45.431 -12.614 0.000 0 0 -344.48
50.000 -15.167 0.000 0 0 -343.12
54.621 -17.481 0.000 0 0 -342.25
59.153 -20.024 0.000 0 0 -341.30
39.317 -14.911 0.000 0 0 -339.23
43.801 -17.452 0.000 0 0 -338.28
48.273 -19.995 0.000 0 0 -337.50
52.862 -22.240 0.000 0 0 -337.18
57.324 -24.778 0.000 0 0 -336.62
37.233 -19.542 0.000 0 0 -332.31
50.690 -26.825 0.000 0 0 -332.11
41.658 -22.085 0.000 0 0 -332.07
55.113 -29.368 0.000 0 0 -331.95
46.080 -24.630 0.000 0 0 -331.88
52.536 -33.763 0.000 0 0 -327.27
48.121 -31.200 0.000 0 0 -327.04
43.444 -29.029 0.000 0 0 -326.25
39.026 -26.460 0.000 0 0 -325.86
34.606 -23.887 0.000 0 0 -325.38
49.609 -37.933 0.000 0 0 -322.60
45.175 -35.330 0.000 0 0 -321.97
40.390 -33.147 0.000 0 0 -320.62
35.936 -30.524 0.000 0 0 -319.66
31.475 -27.884 0.000 0 0 -318.46
46.353 -41.850 0.000 0 0 -317.92
41.876 -39.185 0.000 0 0 -316.90
36.946 -36.946 0.000 0 0 -315.00
32.425 -34.231 0.000 0 0 -313.45
42.787 -45.489 0.000 0 0 -313.25
38.249 -42.732 0.000 0 0 -311.83
27.884 -31.475 0.000 0 0 -311.54
33.147 -40.390 0.000 0 0 -309.38
38.937 -48.825 0.000 0 0 -308.57
28.534 -37.536 0.000 0 0 -307.24
34.322 -45.946 0.000 0 0 -306.76
23.887 -34.606 0.000 0 0 -304.62
34.828 -51.837 0.000 0 0 -303.90
29.029 -43.444 0.000 0 0 -303.75
30.127 -48.799 0.000 0 0 -301.69
24.308 -40.401 0.000 0 0 -301.03
30.487 -54.503 0.000 0 0 -299.22
24.630 -46.080 0.000 0 0 -298.12
19.542 -37.233 0.000 0 0 -297.69
25.697 -51.271 0.000 0 0 -296.62
19.798 -42.792 0.000 0 0 -294.83
25.943 -56.807 0.000 0 0 -294.55
19.995 -48.273 0.000 0 0 -292.50
21.065 -53.341 0.000 0 0 -291.55
14.911 -39.317 0.000 0 0 -290.77
21.226 -58.732 0.000 0 0 -289.87
15.055 -44.682 0.000 0 0 -288.62
15.167 -50.000 0.000 0 0 -286.88
16.268 -54.994 0.000 0 0 -286.48
16.368 -60.267 0.000 0 0 -285.19
10.063 -40.828 0.000 0 0 -283.85
10.136 -46.048 0.000 0 0 -282.41
11.344 -56.217 0.000 0 0 -281.41
10.193 -51.246 0.000 0 0 -281.25
11.401 -61.400 0.000 0 0 -280.52
5.069 -41.743 0.000 0 0 -276.92
6.331 -56.999 0.000 0 0 -276.34
5.098 -46.874 0.000 0 0 -276.21
6.359 -62.125 0.000 0 0 -275.84
5.121 -51.998 0.000 0 0 -275.62
1.269 -57.336 0.000 0 0 -271.27
1.274 -62.437 0.000 0 0 -271.17
-0.000 -42.050 0.000 0 0 -270.00
-0.000 -47.150 0.000 0 0 -270.00
-0.000 -52.250 0.000 0 0 -270.00
-3.820 -62.333 0.000 0 0 -266.49
-3.804 -57.224 0.000 0 0 -266.20
-5.121 -51.998 0.000 0 0 -264.38
-5.098 -46.874 0.000 0 0 -263.79
-5.069 -41.743 0.000 0 0 -263.08
-8.888 -61.814 0.000 0 0 -261.82
-8.846 -56.664 0.000 0 0 -261.13
-10.193 -51.246 0.000 0 0 -258.75
-10.136 -46.048 0.000 0 0 -257.59
-13.896 -60.884 0.000 0 0 -257.14
-10.063 -40.828 0.000 0 0 -256.15
-13.819 -55.660 0.000 0 0 -256.06
-15.167 -50.000 0.000 0 0 -253.12
-18.813 -59.549 0.000 0 0 -252.47
-15.055 -44.682 0.000 0 0 -251.38
-18.685 -54.221 0.000 0 0 -250.99
-14.911 -39.317 0.000 0 0 -249.23
-23.604 -57.817 0.000 0 0 -247.79
-19.995 -48.273 0.000 0 0 -247.50
-23.404 -52.357 0.000 0 0 -245.92
-19.798 -42.792 0.000 0 0 -245.17
-28.238 -55.701 0.000 0 0 -243.12
-19.542 -37.233 0.000 0 0 -242.31
-24.630 -46.080 0.000 0 0 -241.88
-27.939 -50.084 0.000 0 0 -240.85
-24.308 -40.401 0.000 0 0 -238.97
-32.684 -53.214 0.000 0 0 -238.44
-29.029 -43.444 0.000 0 0 -236.25
-32.256 -47.419 0.000 0 0 -235.77
-23.887 -34.606 0.000 0 0 -235.38
-36.913 -50.373 0.000 0 0 -233.77
-28.534 -37.536 0.000 0 0 -232.76
-36.321 -44.382 0.000 0 0 -230.70
-33.147 -40.390 0.000 0 0 -230.62
-40.896 -47.197 0.000 0 0 -229.09
-27.884 -31.475 0.000 0 0 -228.46
-32.425 -34.231 0.000 0 0 -226.55
-40.102 -40.999 0.000 0 0 -225.63
-36.946 -36.946 0.000 0 0 -225.00
-44.607 -43.706 0.000 0 0 -224.42
-31.475 -27.884 0.000 0 0 -221.54
-43.568 -37.294 0.000 0 0 -220.56
-35.936 -30.524 0.000 0 0 -220.34
-48.021 -39.925 0.000 0 0 -219.74
-40.390 -33.147 0.000 0 0 -219.38
-46.694 -33.298 0.000 0 0 -215.49
-51.115 -35.878 0.000 0 0 -215.06
-34.606 -23.887 0.000 0 0 -214.62
-39.026 -26.460 0.000 0 0 -214.14
-43.444 -29.029 0.000 0 0 -213.75
-49.454 -29.040 0.000 0 0 -210.42
-53.870 -31.592 0.000 0 0 -210.39
-46.080 -24.630 0.000 0 0 -208.12
-41.658 -22.085 0.000 0 0 -207.93
-37.233 -19.542 0.000 0 0 -207.69
-56.266 -27.096 0.000 0 0 -205.71
-51.827 -24.556 0.000 0 0 -205.35
-48.273 -19.995 0.000 0 0 -202.50
-43.801 -17.452 0.000 0 0 -201.72
-58.287 -22.420 0.000 0 0 -201.04
-39.317 -14.911 0.000 0 0 -200.77
-53.794 -19.880 0.000 0 0 -200.28
-50.000 -15.167 0.000 0 0 -196.88
-59.920 -17.594 0.000 0 0 -196.36
-45.431 -12.614 0.000 0 0 -195.52
-55.341 -15.047 0.000 0 0 -195.21
-40.828 -10.063 0.000 0 0 -193.85
-61.155 -12.652 0.000 0 0 -191.69
-51.246 -10.193 0.000 0 0 -191.25
-56.454 -10.098 0.000 0 0 -190.14
-46.529 -7.628 0.000 0 0 -189.31
-61.983 -7.625 0.000 0 0 -187.01
-41.743 -5.069 0.000 0 0 -186.92
-51.998 -5.121 0.000 0 0 -185.62
-57.126 -5.069 0.000 0 0 -185.07
-47.081 -2.553 0.000 0 0 -183.10
-62.398 -2.547 0.000 0 0 -182.34
-42.050 0.000 0.000 0 0 -180.00
-52.250 0.000 0.000 0 0 -180.00
-57.350 0.000 0.000 0 0 -180.00
-62.398 2.547 0.000 0 0 -177.66
-47.081 2.553 0.000 0 0 -176.90
-57.126 5.069 0.000 0 0 -174.93
-51.998 5.121 0.000 0 0 -174.38
-41.743 5.069 0.000 0 0 -173.08
-61.983 7.625 0.000 0 0 -172.99
-46.529 7.628 0.000 0 0 -170.69
-56.454 10.098 0.000 0 0 -169.86
-51.246 10.193 0.000 0 0 -168.75
-61.155 12.652 0.000 0 0 -168.31
-40.828 10.063 0.000 0 0 -166.15
-55.341 15.047 0.000 0 0 -164.79
-45.431 12.614 0.000 0 0 -164.48
-59.920 17.594 0.000 0 0 -163.64
-50.000 15.167 0.000 0 0 -163.12
-53.794 19.880 0.000 0 0 -159.72
-39.317 14.911 0.000 0 0 -159.23
-58.287 22.420 0.000 0 0 -158.96
-43.801 17.452 0.000 0 0 -158.28
-48.273 19.995 0.000 0 0 -157.50
-51.827 24.556 0.000 0 0 -154.65
-56.266 27.096 0.000 0 0 -154.29
-37.233 19.542 0.000 0 0 -152.31
-41.658 22.085 0.000 0 0 -152.07
-46.080 24.630 0.000 0 0 -151.88
-53.870 31.592 0.000 0 0 -149.61
-49.454 29.040 0.000 0 0 -149.58
-43.444 29.029 0.000 0 0 -146.25
-39.026 26.460 0.000 0 0 -145.86
-34.606 23.887 0.000 0 0 -145.38
-51.115 35.878 0.000 0 0 -144.94
-46.694 33.298 0.000 0 0 -144.51
-40.390 33.147 0.000 0 0 -140.62
-48.021 39.925 0.000 0 0 -140.26
-35.936 30.524 0.000 0 0 -139.66
-43.568 37.294 0.000 0 0 -139.44
-31.475 27.884 0.000 0 0 -138.46
-44.607 43.706 0.000 0 0 -135.58
-36.946 36.946 0.000 0 0 -135.00
-40.102 40.999 0.000 0 0 -134.37
-32.425 34.231 0.000 0 0 -133.45
-27.884 31.475 0.000 0 0 -131.54
-40.896 47.197 0.000 0 0 -130.91
-33.147 40.390 0.000 0 0 -129.38
-36.321 44.382 0.000 0 0 -129.30
-28.534 37.536 0.000 0 0 -127.24
-36.913 50.373 0.000 0 0 -126.23
-23.887 34.606 0.000 0 0 -124.62
-32.256 47.419 0.000 0 0 -124.23
-29.029 43.444 0.000 0 0 -123.75
-32.684 53.214 0.000 0 0 -121.56
-24.308 40.401 0.000 0 0 -121.03
-27.939 50.084 0.000 0 0 -119.15
-24.630 46.080 0.000 0 0 -118.12
-19.542 37.233 0.000 0 0 -117.69
-28.238 55.701 0.000 0 0 -116.88
-19.798 42.792 0.000 0 0 -114.83
-23.404 52.357 0.000 0 0 -114.08
-19.995 48.273 0.000 0 0 -112.50
-23.604 57.817 0.000 0 0 -112.21
-14.911 39.317 0.000 0 0 -110.77
-18.685 54.221 0.000 0 0 -109.01
-15.055 44.682 0.000 0 0 -108.62
-18.813 59.549 0.000 0 0 -107.53
-15.167 50.000 0.000 0 0 -106.88
-13.819 55.660 0.000 0 0 -103.94
-10.063 40.828 0.000 0 0 -103.85
-13.896 60.884 0.000 0 0 -102.86
-10.136 46.048 0.000 0 0 -102.41
-10.193 51.246 0.000 0 0 -101.25
-8.846 56.664 0.000 0 0 -98.87
-8.888 61.814 0.000 0 0 -98.18
-5.069 41.743 0.000 0 0 -96.92
-5.098 46.874 0.000 0 0 -96.21
-5.121 51.998 0.000 0 0 -95.62
-3.804 57.224 0.000 0 0 -93.80
-3.820 62.333 0.000 0 0 -93.51
0.000 42.050 0.000 0 0 -90.00
0.000 47.150 0.000 0 0 -90.00
0.000 52.250 0.000 0 0 -90.00
1.274 62.437 0.000 0 0 -88.83
1.269 57.336 0.000 0 0 -88.73
5.121 51.998 0.000 0 0 -84.38
6.359 62.125 0.000 0 0 -84.16
5.098 46.874 0.000 0 0 -83.79
6.331 56.999 0.000 0 0 -83.66
5.069 41.743 0.000 0 0 -83.08
11.401 61.400 0.000 0 0 -79.48
10.193 51.246 0.000 0 0 -78.75
11.344 56.217 0.000 0 0 -78.59
10.136 46.048 0.000 0 0 -77.59
10.063 40.828 0.000 0 0 -76.15
16.368 60.267 0.000 0 0 -74.81
16.268 54.994 0.000 0 0 -73.52
15.167 50.000 0.000 0 0 -73.12
15.055 44.682 0.000 0 0 -71.38
21.226 58.732 0.000 0 0 -70.13
14.911 39.317 0.000 0 0 -69.23
21.065 53.341 0.000 0 0 -68.45
19.995 48.273 0.000 0 0 -67.50
25.943 56.807 0.000 0 0 -65.45
19.798 42.792 0.000 0 0 -65.17
25.697 51.271 0.000 0 0 -63.38
19.542 37.233 0.000 0 0 -62.31
24.630 46.080 0.000 0 0 -61.87
30.487 54.503 0.000 0 0 -60.78
24.308 40.401 0.000 0 0 -58.97
30.127 48.799 0.000 0 0 -58.31
29.029 43.444 0.000 0 0 -56.25
34.828 51.837 0.000 0 0 -56.10
23.887 34.606 0.000 0 0 -55.38
34.322 45.946 0.000 0 0 -53.24
28.534 37.536 0.000 0 0 -52.76
38.937 48.825 0.000 0 0 -51.43
33.147 40.390 0.000 0 0 -50.62
27.884 31.475 0.000 0 0 -48.46
38.249 42.732 0.000 0 0 -48.17
42.787 45.489 0.000 0 0 -46.75
32.425 34.231 0.000 0 0 -46.55
36.946 36.946 0.000 0 0 -45.00
41.876 39.185 0.000 0 0 -43.10
46.353 41.850 0.000 0 0 -42.08
31.475 27.884 0.000 0 0 -41.54
35.936 30.524 0.000 0 0 -40.34
40.390 33.147 0.000 0 0 -39.38
45.175 35.330 0.000 0 0 -38.03
49.609 37.933 0.000 0 0 -37.40
34.606 23.887 0.000 0 0 -34.62
39.026 26.460 0.000 0 0 -34.14
43.444 29.029 0.000 0 0 -33.75
48.121 31.200 0.000 0 0 -32.96
52.536 33.763 0.000 0 0 -32.73
46.080 24.630 0.000 0 0 -28.12
55.113 29.368 0.000 0 0 -28.05
41.658 22.085 0.000 0 0 -27.93
50.690 26.825 0.000 0 0 -27.89
37.233 19.542 0.000 0 0 -27.69
57.324 24.778 0.000 0 0 -23.38
52.862 22.240 0.000 0 0 -22.82
48.273 19.995 0.000 0 0 -22.50
43.801 17.452 0.000 0 0 -21.72
39.317 14.911 0.000 0 0 -20.77
59.153 20.024 0.000 0 0 -18.70
54.621 17.481 0.000 0 0 -17.75
50.000 15.167 0.000 0 0 -16.88
45.431 12.614 0.000 0 0 -15.52
60.588 15.135 0.000 0 0 -14.03
40.828 10.063 0.000 0 0 -13.85
55.952 12.585 0.000 0 0 -12.68
51.246 10.193 0.000 0 0 -11.25
61.620 10.147 0.000 0 0 -9.35
46.529 7.628 0.000 0 0 -9.31
56.845 7.590 0.000 0 0 -7.61
41.743 5.069 0.000 0 0 -6.92
51.998 5.121 0.000 0 0 -5.62
62.242 5.090 0.000 0 0 -4.68
47.081 2.553 0.000 0 0 -3.10
57.294 2.537 0.000 0 0 -2.54
42.050 0.000 0.000 0 0 -0.00
52.250 0.000 0.000 0 0 -0.00
62.450 0.000 0.000 0 0 -0.00
