32.250 -2.538 0.000 0 0 -355.50
22.000 -2.571 0.000 0 0 -353.33
37.101 -5.099 0.000 0 0 -352.17
26.786 -5.007 0.000 0 0 -349.41
31.456 -7.552 0.000 0 0 -346.50
36.061 -10.104 0.000 0 0 -344.35
16.293 -5.026 0.000 0 0 -342.86
20.814 -7.576 0.000 0 0 -340.00
25.410 -9.844 0.000 0 0 -338.82
29.888 -12.380 0.000 0 0 -337.50
34.350 -14.920 0.000 0 0 -336.52
31.998 -19.458 0.000 0 0 -328.70
27.583 -16.903 0.000 0 0 -328.50
23.168 -14.345 0.000 0 0 -328.24
18.506 -12.172 0.000 0 0 -326.67
14.087 -9.605 0.000 0 0 -325.71
29.050 -23.634 0.000 0 0 -320.87
24.599 -21.010 0.000 0 0 -319.50
20.138 -18.358 0.000 0 0 -317.65
15.200 -16.111 0.000 0 0 -313.33
25.562 -27.370 0.000 0 0 -313.04
21.010 -24.599 0.000 0 0 -310.50
10.631 -13.330 0.000 0 0 -308.57
16.422 -21.746 0.000 0 0 -307.06
21.597 -30.596 0.000 0 0 -305.22
16.903 -27.583 0.000 0 0 -301.50
11.075 -19.182 0.000 0 0 -300.00
17.229 -33.251 0.000 0 0 -297.39
12.146 -24.393 0.000 0 0 -296.47
12.380 -29.888 0.000 0 0 -292.50
6.229 -15.871 0.000 0 0 -291.43
12.541 -35.288 0.000 0 0 -289.57
6.353 -21.219 0.000 0 0 -286.67
7.457 -26.210 0.000 0 0 -285.88
7.552 -31.456 0.000 0 0 -283.50
7.619 -36.667 0.000 0 0 -281.74
2.514 -27.134 0.000 0 0 -275.29
2.538 -32.250 0.000 0 0 -274.50
1.274 -17.002 0.000 0 0 -274.29
2.556 -37.363 0.000 0 0 -273.91
1.288 -22.113 0.000 0 0 -273.33
-2.556 -37.363 0.000 0 0 -266.09
-2.538 -32.250 0.000 0 0 -265.50
-2.514 -27.134 0.000 0 0 -264.71
-3.846 -21.813 0.000 0 0 -260.00
-7.619 -36.667 0.000 0 0 -258.26
-3.794 -16.623 0.000 0 0 -257.14
-7.552 -31.456 0.000 0 0 -256.50
-7.457 -26.210 0.000 0 0 -254.12
-12.541 -35.288 0.000 0 0 -250.43
-12.380 -29.888 0.000 0 0 -247.50
-8.773 -20.338 0.000 0 0 -246.67
-12.146 -24.393 0.000 0 0 -243.53
-17.229 -33.251 0.000 0 0 -242.61
-8.525 -14.766 0.000 0 0 -240.00
-16.903 -27.583 0.000 0 0 -238.50
-21.597 -30.596 0.000 0 0 -234.78
-13.227 -17.767 0.000 0 0 -233.33
-16.422 -21.746 0.000 0 0 -232.94
-21.010 -24.599 0.000 0 0 -229.50
-25.562 -27.370 0.000 0 0 -226.96
-12.499 -11.597 0.000 0 0 -222.86
-20.138 -18.358 0.000 0 0 -222.35
-24.599 -21.010 0.000 0 0 -220.50
-16.968 -14.238 0.000 0 0 -220.00
-29.050 -23.634 0.000 0 0 -219.13
-23.168 -14.345 0.000 0 0 -211.76
-27.583 -16.903 0.000 0 0 -211.50
-31.998 -19.458 0.000 0 0 -211.30
-19.794 -9.941 0.000 0 0 -206.67
-15.362 -7.398 0.000 0 0 -205.71
-34.350 -14.920 0.000 0 0 -203.48
-29.888 -12.380 0.000 0 0 -202.50
-25.410 -9.844 0.000 0 0 -201.18
-36.061 -10.104 0.000 0 0 -195.65
-31.456 -7.552 0.000 0 0 -193.50
-21.553 -5.108 0.000 0 0 -193.33
-26.786 -5.007 0.000 0 0 -190.59
-16.860 -2.541 0.000 0 0 -188.57
-37.101 -5.099 0.000 0 0 -187.83
-32.250 -2.538 0.000 0 0 -184.50
-22.150 0.000 0.000 0 0 -180.00
-27.250 0.000 0.000 0 0 -180.00
-37.450 0.000 0.000 0 0 -180.00
-32.250 2.538 0.000 0 0 -175.50
-37.101 5.099 0.000 0 0 -172.17
-16.860 2.541 0.000 0 0 -171.43
-26.786 5.007 0.000 0 0 -169.41
-21.553 5.108 0.000 0 0 -166.67
-31.456 7.552 0.000 0 0 -166.50
-36.061 10.104 0.000 0 0 -164.35
-25.410 9.844 0.000 0 0 -158.82
-29.888 12.380 0.000 0 0 -157.50
-34.350 14.920 0.000 0 0 -156.52
-15.362 7.398 0.000 0 0 -154.29
-19.794 9.941 0.000 0 0 -153.33
-31.998 19.458 0.000 0 0 -148.70
-27.583 16.903 0.000 0 0 -148.50
-23.168 14.345 0.000 0 0 -148.24
-29.050 23.634 0.000 0 0 -140.87
-16.968 14.238 0.000 0 0 -140.00
-24.599 21.010 0.000 0 0 -139.50
-20.138 18.358 0.000 0 0 -137.65
-12.499 11.597 0.000 0 0 -137.14
-25.562 27.370 0.000 0 0 -133.04
-21.010 24.599 0.000 0 0 -130.50
-16.422 21.746 0.000 0 0 -127.06
-13.227 17.767 0.000 0 0 -126.67
-21.597 30.596 0.000 0 0 -125.22
-16.903 27.583 0.000 0 0 -121.50
-8.525 14.766 0.000 0 0 -120.00
-17.229 33.251 0.000 0 0 -117.39
-12.146 24.393 0.000 0 0 -116.47
-8.773 20.338 0.000 0 0 -113.33
-12.380 29.888 0.000 0 0 -112.50
-12.541 35.288 0.000 0 0 -109.57
-7.457 26.210 0.000 0 0 -105.88
-7.552 31.456 0.000 0 0 -103.50
-3.794 16.623 0.000 0 0 -102.86
-7.619 36.667 0.000 0 0 -101.74
-3.846 21.813 0.000 0 0 -100.00
-2.514 27.134 0.000 0 0 -95.29
-2.538 32.250 0.000 0 0 -94.50
-2.556 37.363 0.000 0 0 -93.91
1.288 22.113 0.000 0 0 -86.67
2.556 37.363 0.000 0 0 -86.09
1.274 17.002 0.000 0 0 -85.71
2.538 32.250 0.000 0 0 -85.50
2.514 27.134 0.000 0 0 -84.71
7.619 36.667 0.000 0 0 -78.26
7.552 31.456 0.000 0 0 -76.50
7.457 26.210 0.000 0 0 -74.12
6.353 21.219 0.000 0 0 -73.33
12.541 35.288 0.000 0 0 -70.43
6.229 15.871 0.000 0 0 -68.57
12.380 29.888 0.000 0 0 -67.50
12.146 24.393 0.000 0 0 -63.53
17.229 33.251 0.000 0 0 -62.61
11.075 19.182 0.000 0 0 -60.00
16.903 27.583 0.000 0 0 -58.50
21.597 30.596 0.000 0 0 -54.78
16.422 21.746 0.000 0 0 -52.94
10.631 13.330 0.000 0 0 -51.43
21.010 24.599 0.000 0 0 -49.50
25.562 27.370 0.000 0 0 -46.96
15.200 16.111 0.000 0 0 -46.67
20.138 18.358 0.000 0 0 -42.35
24.599 21.010 0.000 0 0 -40.50
29.050 23.634 0.000 0 0 -39.13
14.087 9.605 0.000 0 0 -34.29
18.506 12.172 0.000 0 0 -33.33
23.168 14.345 0.000 0 0 -31.76
27.583 16.903 0.000 0 0 -31.50
31.998 19.458 0.000 0 0 -31.30
34.350 14.920 0.000 0 0 -23.48
29.888 12.380 0.000 0 0 -22.50
25.410 9.844 0.000 0 0 -21.18
20.814 7.576 0.000 0 0 -20.00
16.293 5.026 0.000 0 0 -17.14
36.061 10.104 0.000 0 0 -15.65
31.456 7.552 0.000 0 0 -13.50
26.786 5.007 0.000 0 0 -10.59
37.101 5.099 0.000 0 0 -7.83
22.000 2.571 0.000 0 0 -6.67
32.250 2.538 0.000 0 0 -4.50
17.050 0.000 0.000 0 0 -0.00
27.250 0.000 0.000 0 0 -0.00
37.450 0.000 0.000 0 0 -0.00
