41.602 -6.123 -8.200 0.0 -90.0 -351.63
40.267 -12.115 -8.200 0.0 -90.0 -343.26
38.074 -17.848 -8.200 0.0 -90.0 -334.88
35.070 -23.202 -8.200 0.0 -90.0 -326.51
31.318 -28.061 -8.200 0.0 -90.0 -318.14
26.898 -32.322 -8.200 0.0 -90.0 -309.77
21.906 -35.894 -8.200 0.0 -90.0 -301.40
16.446 -38.701 -8.200 0.0 -90.0 -293.02
10.636 -40.683 -8.200 0.0 -90.0 -284.65
4.599 -41.798 -8.200 0.0 -90.0 -276.28
-1.536 -42.022 -8.200 0.0 -90.0 -267.91
-7.638 -41.351 -8.200 0.0 -90.0 -259.53
-13.577 -39.798 -8.200 0.0 -90.0 -251.16
-19.227 -37.397 -8.200 0.0 -90.0 -242.79
-24.467 -34.199 -8.200 0.0 -90.0 -234.42
-29.186 -30.272 -8.200 0.0 -90.0 -226.05
-33.282 -25.700 -8.200 0.0 -90.0 -217.67
-36.670 -20.580 -8.200 0.0 -90.0 -209.30
-39.275 -15.022 -8.200 0.0 -90.0 -200.93
-41.044 -9.143 -8.200 0.0 -90.0 -192.56
-41.938 -3.069 -8.200 0.0 -90.0 -184.19
-41.938 3.069 -8.200 0.0 -90.0 -175.81
-41.044 9.143 -8.200 0.0 -90.0 -167.44
-39.275 15.022 -8.200 0.0 -90.0 -159.07
-36.670 20.580 -8.200 0.0 -90.0 -150.70
-33.282 25.700 -8.200 0.0 -90.0 -142.33
-29.186 30.272 -8.200 0.0 -90.0 -133.95
-24.467 34.199 -8.200 0.0 -90.0 -125.58
-19.227 37.397 -8.200 0.0 -90.0 -117.21
-13.577 39.798 -8.200 0.0 -90.0 -108.84
-7.638 41.351 -8.200 0.0 -90.0 -100.47
-1.536 42.022 -8.200 0.0 -90.0 -92.09
4.599 41.798 -8.200 0.0 -90.0 -83.72
10.636 40.683 -8.200 0.0 -90.0 -75.35
16.446 38.701 -8.200 0.0 -90.0 -66.98
21.906 35.894 -8.200 0.0 -90.0 -58.60
26.898 32.322 -8.200 0.0 -90.0 -50.23
31.318 28.061 -8.200 0.0 -90.0 -41.86
35.070 23.202 -8.200 0.0 -90.0 -33.49
38.074 17.848 -8.200 0.0 -90.0 -25.12
40.267 12.115 -8.200 0.0 -90.0 -16.74
41.602 6.123 -8.200 0.0 -90.0 -8.37
42.050 0.000 -8.200 0.0 -90.0 -0.00
41.602 -6.123 -4.100 0.0 -90.0 -351.63
40.267 -12.115 -4.100 0.0 -90.0 -343.26
38.074 -17.848 -4.100 0.0 -90.0 -334.88
35.070 -23.202 -4.100 0.0 -90.0 -326.51
31.318 -28.061 -4.100 0.0 -90.0 -318.14
26.898 -32.322 -4.100 0.0 -90.0 -309.77
21.906 -35.894 -4.100 0.0 -90.0 -301.40
16.446 -38.701 -4.100 0.0 -90.0 -293.02
10.636 -40.683 -4.100 0.0 -90.0 -284.65
4.599 -41.798 -4.100 0.0 -90.0 -276.28
-1.536 -42.022 -4.100 0.0 -90.0 -267.91
-7.638 -41.351 -4.100 0.0 -90.0 -259.53
-13.577 -39.798 -4.100 0.0 -90.0 -251.16
-19.227 -37.397 -4.100 0.0 -90.0 -242.79
-24.467 -34.199 -4.100 0.0 -90.0 -234.42
-29.186 -30.272 -4.100 0.0 -90.0 -226.05
-33.282 -25.700 -4.100 0.0 -90.0 -217.67
-36.670 -20.580 -4.100 0.0 -90.0 -209.30
-39.275 -15.022 -4.100 0.0 -90.0 -200.93
-41.044 -9.143 -4.100 0.0 -90.0 -192.56
-41.938 -3.069 -4.100 0.0 -90.0 -184.19
-41.938 3.069 -4.100 0.0 -90.0 -175.81
-41.044 9.143 -4.100 0.0 -90.0 -167.44
-39.275 15.022 -4.100 0.0 -90.0 -159.07
-36.670 20.580 -4.100 0.0 -90.0 -150.70
-33.282 25.700 -4.100 0.0 -90.0 -142.33
-29.186 30.272 -4.100 0.0 -90.0 -133.95
-24.467 34.199 -4.100 0.0 -90.0 -125.58
-19.227 37.397 -4.100 0.0 -90.0 -117.21
-13.577 39.798 -4.100 0.0 -90.0 -108.84
-7.638 41.351 -4.100 0.0 -90.0 -100.47
-1.536 42.022 -4.100 0.0 -90.0 -92.09
4.599 41.798 -4.100 0.0 -90.0 -83.72
10.636 40.683 -4.100 0.0 -90.0 -75.35
16.446 38.701 -4.100 0.0 -90.0 -66.98
21.906 35.894 -4.100 0.0 -90.0 -58.60
26.898 32.322 -4.100 0.0 -90.0 -50.23
31.318 28.061 -4.100 0.0 -90.0 -41.86
35.070 23.202 -4.100 0.0 -90.0 -33.49
38.074 17.848 -4.100 0.0 -90.0 -25.12
40.267 12.115 -4.100 0.0 -90.0 -16.74
41.602 6.123 -4.100 0.0 -90.0 -8.37
42.050 0.000 -4.100 0.0 -90.0 -0.00
41.602 -6.123 0.000 0.0 -90.0 -351.63
40.267 -12.115 0.000 0.0 -90.0 -343.26
38.074 -17.848 0.000 0.0 -90.0 -334.88
35.070 -23.202 0.000 0.0 -90.0 -326.51
31.318 -28.061 0.000 0.0 -90.0 -318.14
26.898 -32.322 0.000 0.0 -90.0 -309.77
21.906 -35.894 0.000 0.0 -90.0 -301.40
16.446 -38.701 0.000 0.0 -90.0 -293.02
10.636 -40.683 0.000 0.0 -90.0 -284.65
4.599 -41.798 0.000 0.0 -90.0 -276.28
-1.536 -42.022 0.000 0.0 -90.0 -267.91
-7.638 -41.351 0.000 0.0 -90.0 -259.53
-13.577 -39.798 0.000 0.0 -90.0 -251.16
-19.227 -37.397 0.000 0.0 -90.0 -242.79
-24.467 -34.199 0.000 0.0 -90.0 -234.42
-29.186 -30.272 0.000 0.0 -90.0 -226.05
-33.282 -25.700 0.000 0.0 -90.0 -217.67
-36.670 -20.580 0.000 0.0 -90.0 -209.30
-39.275 -15.022 0.000 0.0 -90.0 -200.93
-41.044 -9.143 0.000 0.0 -90.0 -192.56
-41.938 -3.069 0.000 0.0 -90.0 -184.19
-41.938 3.069 0.000 0.0 -90.0 -175.81
-41.044 9.143 0.000 0.0 -90.0 -167.44
-39.275 15.022 0.000 0.0 -90.0 -159.07
-36.670 20.580 0.000 0.0 -90.0 -150.70
-33.282 25.700 0.000 0.0 -90.0 -142.33
-29.186 30.272 0.000 0.0 -90.0 -133.95
-24.467 34.199 0.000 0.0 -90.0 -125.58
-19.227 37.397 0.000 0.0 -90.0 -117.21
-13.577 39.798 0.000 0.0 -90.0 -108.84
-7.638 41.351 0.000 0.0 -90.0 -100.47
-1.536 42.022 0.000 0.0 -90.0 -92.09
4.599 41.798 0.000 0.0 -90.0 -83.72
10.636 40.683 0.000 0.0 -90.0 -75.35
16.446 38.701 0.000 0.0 -90.0 -66.98
21.906 35.894 0.000 0.0 -90.0 -58.60
26.898 32.322 0.000 0.0 -90.0 -50.23
31.318 28.061 0.000 0.0 -90.0 -41.86
35.070 23.202 0.000 0.0 -90.0 -33.49
38.074 17.848 0.000 0.0 -90.0 -25.12
40.267 12.115 0.000 0.0 -90.0 -16.74
41.602 6.123 0.000 0.0 -90.0 -8.37
42.050 0.000 0.000 0.0 -90.0 -0.00
41.602 -6.123 4.100 0.0 -90.0 -351.63
40.267 -12.115 4.100 0.0 -90.0 -343.26
38.074 -17.848 4.100 0.0 -90.0 -334.88
35.070 -23.202 4.100 0.0 -90.0 -326.51
31.318 -28.061 4.100 0.0 -90.0 -318.14
26.898 -32.322 4.100 0.0 -90.0 -309.77
21.906 -35.894 4.100 0.0 -90.0 -301.40
16.446 -38.701 4.100 0.0 -90.0 -293.02
10.636 -40.683 4.100 0.0 -90.0 -284.65
4.599 -41.798 4.100 0.0 -90.0 -276.28
-1.536 -42.022 4.100 0.0 -90.0 -267.91
-7.638 -41.351 4.100 0.0 -90.0 -259.53
-13.577 -39.798 4.100 0.0 -90.0 -251.16
-19.227 -37.397 4.100 0.0 -90.0 -242.79
-24.467 -34.199 4.100 0.0 -90.0 -234.42
-29.186 -30.272 4.100 0.0 -90.0 -226.05
-33.282 -25.700 4.100 0.0 -90.0 -217.67
-36.670 -20.580 4.100 0.0 -90.0 -209.30
-39.275 -15.022 4.100 0.0 -90.0 -200.93
-41.044 -9.143 4.100 0.0 -90.0 -192.56
-41.938 -3.069 4.100 0.0 -90.0 -184.19
-41.938 3.069 4.100 0.0 -90.0 -175.81
-41.044 9.143 4.100 0.0 -90.0 -167.44
-39.275 15.022 4.100 0.0 -90.0 -159.07
-36.670 20.580 4.100 0.0 -90.0 -150.70
-33.282 25.700 4.100 0.0 -90.0 -142.33
-29.186 30.272 4.100 0.0 -90.0 -133.95
-24.467 34.199 4.100 0.0 -90.0 -125.58
-19.227 37.397 4.100 0.0 -90.0 -117.21
-13.577 39.798 4.100 0.0 -90.0 -108.84
-7.638 41.351 4.100 0.0 -90.0 -100.47
-1.536 42.022 4.100 0.0 -90.0 -92.09
4.599 41.798 4.100 0.0 -90.0 -83.72
10.636 40.683 4.100 0.0 -90.0 -75.35
16.446 38.701 4.100 0.0 -90.0 -66.98
21.906 35.894 4.100 0.0 -90.0 -58.60
26.898 32.322 4.100 0.0 -90.0 -50.23
31.318 28.061 4.100 0.0 -90.0 -41.86
35.070 23.202 4.100 0.0 -90.0 -33.49
38.074 17.848 4.100 0.0 -90.0 -25.12
40.267 12.115 4.100 0.0 -90.0 -16.74
41.602 6.123 4.100 0.0 -90.0 -8.37
42.050 0.000 4.100 0.0 -90.0 -0.00
41.602 -6.123 8.200 0.0 -90.0 -351.63
40.267 -12.115 8.200 0.0 -90.0 -343.26
38.074 -17.848 8.200 0.0 -90.0 -334.88
35.070 -23.202 8.200 0.0 -90.0 -326.51
31.318 -28.061 8.200 0.0 -90.0 -318.14
26.898 -32.322 8.200 0.0 -90.0 -309.77
21.906 -35.894 8.200 0.0 -90.0 -301.40
16.446 -38.701 8.200 0.0 -90.0 -293.02
10.636 -40.683 8.200 0.0 -90.0 -284.65
4.599 -41.798 8.200 0.0 -90.0 -276.28
-1.536 -42.022 8.200 0.0 -90.0 -267.91
-7.638 -41.351 8.200 0.0 -90.0 -259.53
-13.577 -39.798 8.200 0.0 -90.0 -251.16
-19.227 -37.397 8.200 0.0 -90.0 -242.79
-24.467 -34.199 8.200 0.0 -90.0 -234.42
-29.186 -30.272 8.200 0.0 -90.0 -226.05
-33.282 -25.700 8.200 0.0 -90.0 -217.67
-36.670 -20.580 8.200 0.0 -90.0 -209.30
-39.275 -15.022 8.200 0.0 -90.0 -200.93
-41.044 -9.143 8.200 0.0 -90.0 -192.56
-41.938 -3.069 8.200 0.0 -90.0 -184.19
-41.938 3.069 8.200 0.0 -90.0 -175.81
-41.044 9.143 8.200 0.0 -90.0 -167.44
-39.275 15.022 8.200 0.0 -90.0 -159.07
-36.670 20.580 8.200 0.0 -90.0 -150.70
-33.282 25.700 8.200 0.0 -90.0 -142.33
-29.186 30.272 8.200 0.0 -90.0 -133.95
-24.467 34.199 8.200 0.0 -90.0 -125.58
-19.227 37.397 8.200 0.0 -90.0 -117.21
-13.577 39.798 8.200 0.0 -90.0 -108.84
-7.638 41.351 8.200 0.0 -90.0 -100.47
-1.536 42.022 8.200 0.0 -90.0 -92.09
4.599 41.798 8.200 0.0 -90.0 -83.72
10.636 40.683 8.200 0.0 -90.0 -75.35
16.446 38.701 8.200 0.0 -90.0 -66.98
21.906 35.894 8.200 0.0 -90.0 -58.60
26.898 32.322 8.200 0.0 -90.0 -50.23
31.318 28.061 8.200 0.0 -90.0 -41.86
35.070 23.202 8.200 0.0 -90.0 -33.49
38.074 17.848 8.200 0.0 -90.0 -25.12
40.267 12.115 8.200 0.0 -90.0 -16.74
41.602 6.123 8.200 0.0 -90.0 -8.37
42.050 0.000 8.200 0.0 -90.0 -0.00
