51.698 -6.043 -8.200 0.0 -90.0 -353.33
50.647 -12.004 -8.200 0.0 -90.0 -346.67
48.911 -17.802 -8.200 0.0 -90.0 -340.00
46.514 -23.360 -8.200 0.0 -90.0 -333.33
43.487 -28.602 -8.200 0.0 -90.0 -326.67
39.873 -33.457 -8.200 0.0 -90.0 -320.00
35.719 -37.860 -8.200 0.0 -90.0 -313.33
31.082 -41.751 -8.200 0.0 -90.0 -306.67
26.025 -45.077 -8.200 0.0 -90.0 -300.00
20.616 -47.793 -8.200 0.0 -90.0 -293.33
14.928 -49.863 -8.200 0.0 -90.0 -286.67
9.038 -51.259 -8.200 0.0 -90.0 -280.00
3.026 -51.962 -8.200 0.0 -90.0 -273.33
-3.026 -51.962 -8.200 0.0 -90.0 -266.67
-9.038 -51.259 -8.200 0.0 -90.0 -260.00
-14.928 -49.863 -8.200 0.0 -90.0 -253.33
-20.616 -47.793 -8.200 0.0 -90.0 -246.67
-26.025 -45.077 -8.200 0.0 -90.0 -240.00
-31.082 -41.751 -8.200 0.0 -90.0 -233.33
-35.719 -37.860 -8.200 0.0 -90.0 -226.67
-39.873 -33.457 -8.200 0.0 -90.0 -220.00
-43.487 -28.602 -8.200 0.0 -90.0 -213.33
-46.514 -23.360 -8.200 0.0 -90.0 -206.67
-48.911 -17.802 -8.200 0.0 -90.0 -200.00
-50.647 -12.004 -8.200 0.0 -90.0 -193.33
-51.698 -6.043 -8.200 0.0 -90.0 -186.67
-52.050 0.000 -8.200 0.0 -90.0 -180.00
-51.698 6.043 -8.200 0.0 -90.0 -173.33
-50.647 12.004 -8.200 0.0 -90.0 -166.67
-48.911 17.802 -8.200 0.0 -90.0 -160.00
-46.514 23.360 -8.200 0.0 -90.0 -153.33
-43.487 28.602 -8.200 0.0 -90.0 -146.67
-39.873 33.457 -8.200 0.0 -90.0 -140.00
-35.719 37.860 -8.200 0.0 -90.0 -133.33
-31.082 41.751 -8.200 0.0 -90.0 -126.67
-26.025 45.077 -8.200 0.0 -90.0 -120.00
-20.616 47.793 -8.200 0.0 -90.0 -113.33
-14.928 49.863 -8.200 0.0 -90.0 -106.67
-9.038 51.259 -8.200 0.0 -90.0 -100.00
-3.026 51.962 -8.200 0.0 -90.0 -93.33
3.026 51.962 -8.200 0.0 -90.0 -86.67
9.038 51.259 -8.200 0.0 -90.0 -80.00
14.928 49.863 -8.200 0.0 -90.0 -73.33
20.616 47.793 -8.200 0.0 -90.0 -66.67
26.025 45.077 -8.200 0.0 -90.0 -60.00
31.082 41.751 -8.200 0.0 -90.0 -53.33
35.719 37.860 -8.200 0.0 -90.0 -46.67
39.873 33.457 -8.200 0.0 -90.0 -40.00
43.487 28.602 -8.200 0.0 -90.0 -33.33
46.514 23.360 -8.200 0.0 -90.0 -26.67
48.911 17.802 -8.200 0.0 -90.0 -20.00
50.647 12.004 -8.200 0.0 -90.0 -13.33
51.698 6.043 -8.200 0.0 -90.0 -6.67
52.050 0.000 -8.200 0.0 -90.0 -0.00
51.698 -6.043 -4.100 0.0 -90.0 -353.33
50.647 -12.004 -4.100 0.0 -90.0 -346.67
48.911 -17.802 -4.100 0.0 -90.0 -340.00
46.514 -23.360 -4.100 0.0 -90.0 -333.33
43.487 -28.602 -4.100 0.0 -90.0 -326.67
39.873 -33.457 -4.100 0.0 -90.0 -320.00
35.719 -37.860 -4.100 0.0 -90.0 -313.33
31.082 -41.751 -4.100 0.0 -90.0 -306.67
26.025 -45.077 -4.100 0.0 -90.0 -300.00
20.616 -47.793 -4.100 0.0 -90.0 -293.33
14.928 -49.863 -4.100 0.0 -90.0 -286.67
9.038 -51.259 -4.100 0.0 -90.0 -280.00
3.026 -51.962 -4.100 0.0 -90.0 -273.33
-3.026 -51.962 -4.100 0.0 -90.0 -266.67
-9.038 -51.259 -4.100 0.0 -90.0 -260.00
-14.928 -49.863 -4.100 0.0 -90.0 -253.33
-20.616 -47.793 -4.100 0.0 -90.0 -246.67
-26.025 -45.077 -4.100 0.0 -90.0 -240.00
-31.082 -41.751 -4.100 0.0 -90.0 -233.33
-35.719 -37.860 -4.100 0.0 -90.0 -226.67
-39.873 -33.457 -4.100 0.0 -90.0 -220.00
-43.487 -28.602 -4.100 0.0 -90.0 -213.33
-46.514 -23.360 -4.100 0.0 -90.0 -206.67
-48.911 -17.802 -4.100 0.0 -90.0 -200.00
-50.647 -12.004 -4.100 0.0 -90.0 -193.33
-51.698 -6.043 -4.100 0.0 -90.0 -186.67
-52.050 0.000 -4.100 0.0 -90.0 -180.00
-51.698 6.043 -4.100 0.0 -90.0 -173.33
-50.647 12.004 -4.100 0.0 -90.0 -166.67
-48.911 17.802 -4.100 0.0 -90.0 -160.00
-46.514 23.360 -4.100 0.0 -90.0 -153.33
-43.487 28.602 -4.100 0.0 -90.0 -146.67
-39.873 33.457 -4.100 0.0 -90.0 -140.00
-35.719 37.860 -4.100 0.0 -90.0 -133.33
-31.082 41.751 -4.100 0.0 -90.0 -126.67
-26.025 45.077 -4.100 0.0 -90.0 -120.00
-20.616 47.793 -4.100 0.0 -90.0 -113.33
-14.928 49.863 -4.100 0.0 -90.0 -106.67
-9.038 51.259 -4.100 0.0 -90.0 -100.00
-3.026 51.962 -4.100 0.0 -90.0 -93.33
3.026 51.962 -4.100 0.0 -90.0 -86.67
9.038 51.259 -4.100 0.0 -90.0 -80.00
14.928 49.863 -4.100 0.0 -90.0 -73.33
20.616 47.793 -4.100 0.0 -90.0 -66.67
26.025 45.077 -4.100 0.0 -90.0 -60.00
31.082 41.751 -4.100 0.0 -90.0 -53.33
35.719 37.860 -4.100 0.0 -90.0 -46.67
39.873 33.457 -4.100 0.0 -90.0 -40.00
43.487 28.602 -4.100 0.0 -90.0 -33.33
46.514 23.360 -4.100 0.0 -90.0 -26.67
48.911 17.802 -4.100 0.0 -90.0 -20.00
50.647 12.004 -4.100 0.0 -90.0 -13.33
51.698 6.043 -4.100 0.0 -90.0 -6.67
52.050 0.000 -4.100 0.0 -90.0 -0.00
51.698 -6.043 0.000 0.0 -90.0 -353.33
50.647 -12.004 0.000 0.0 -90.0 -346.67
48.911 -17.802 0.000 0.0 -90.0 -340.00
46.514 -23.360 0.000 0.0 -90.0 -333.33
43.487 -28.602 0.000 0.0 -90.0 -326.67
39.873 -33.457 0.000 0.0 -90.0 -320.00
35.719 -37.860 0.000 0.0 -90.0 -313.33
31.082 -41.751 0.000 0.0 -90.0 -306.67
26.025 -45.077 0.000 0.0 -90.0 -300.00
20.616 -47.793 0.000 0.0 -90.0 -293.33
14.928 -49.863 0.000 0.0 -90.0 -286.67
9.038 -51.259 0.000 0.0 -90.0 -280.00
3.026 -51.962 0.000 0.0 -90.0 -273.33
-3.026 -51.962 0.000 0.0 -90.0 -266.67
-9.038 -51.259 0.000 0.0 -90.0 -260.00
-14.928 -49.863 0.000 0.0 -90.0 -253.33
-20.616 -47.793 0.000 0.0 -90.0 -246.67
-26.025 -45.077 0.000 0.0 -90.0 -240.00
-31.082 -41.751 0.000 0.0 -90.0 -233.33
-35.719 -37.860 0.000 0.0 -90.0 -226.67
-39.873 -33.457 0.000 0.0 -90.0 -220.00
-43.487 -28.602 0.000 0.0 -90.0 -213.33
-46.514 -23.360 0.000 0.0 -90.0 -206.67
-48.911 -17.802 0.000 0.0 -90.0 -200.00
-50.647 -12.004 0.000 0.0 -90.0 -193.33
-51.698 -6.043 0.000 0.0 -90.0 -186.67
-52.050 0.000 0.000 0.0 -90.0 -180.00
-51.698 6.043 0.000 0.0 -90.0 -173.33
-50.647 12.004 0.000 0.0 -90.0 -166.67
-48.911 17.802 0.000 0.0 -90.0 -160.00
-46.514 23.360 0.000 0.0 -90.0 -153.33
-43.487 28.602 0.000 0.0 -90.0 -146.67
-39.873 33.457 0.000 0.0 -90.0 -140.00
-35.719 37.860 0.000 0.0 -90.0 -133.33
-31.082 41.751 0.000 0.0 -90.0 -126.67
-26.025 45.077 0.000 0.0 -90.0 -120.00
-20.616 47.793 0.000 0.0 -90.0 -113.33
-14.928 49.863 0.000 0.0 -90.0 -106.67
-9.038 51.259 0.000 0.0 -90.0 -100.00
-3.026 51.962 0.000 0.0 -90.0 -93.33
3.026 51.962 0.000 0.0 -90.0 -86.67
9.038 51.259 0.000 0.0 -90.0 -80.00
14.928 49.863 0.000 0.0 -90.0 -73.33
20.616 47.793 0.000 0.0 -90.0 -66.67
26.025 45.077 0.000 0.0 -90.0 -60.00
31.082 41.751 0.000 0.0 -90.0 -53.33
35.719 37.860 0.000 0.0 -90.0 -46.67
39.873 33.457 0.000 0.0 -90.0 -40.00
43.487 28.602 0.000 0.0 -90.0 -33.33
46.514 23.360 0.000 0.0 -90.0 -26.67
48.911 17.802 0.000 0.0 -90.0 -20.00
50.647 12.004 0.000 0.0 -90.0 -13.33
51.698 6.043 0.000 0.0 -90.0 -6.67
52.050 0.000 0.000 0.0 -90.0 -0.00
51.698 -6.043 4.100 0.0 -90.0 -353.33
50.647 -12.004 4.100 0.0 -90.0 -346.67
48.911 -17.802 4.100 0.0 -90.0 -340.00
46.514 -23.360 4.100 0.0 -90.0 -333.33
43.487 -28.602 4.100 0.0 -90.0 -326.67
39.873 -33.457 4.100 0.0 -90.0 -320.00
35.719 -37.860 4.100 0.0 -90.0 -313.33
31.082 -41.751 4.100 0.0 -90.0 -306.67
26.025 -45.077 4.100 0.0 -90.0 -300.00
20.616 -47.793 4.100 0.0 -90.0 -293.33
14.928 -49.863 4.100 0.0 -90.0 -286.67
9.038 -51.259 4.100 0.0 -90.0 -280.00
3.026 -51.962 4.100 0.0 -90.0 -273.33
-3.026 -51.962 4.100 0.0 -90.0 -266.67
-9.038 -51.259 4.100 0.0 -90.0 -260.00
-14.928 -49.863 4.100 0.0 -90.0 -253.33
-20.616 -47.793 4.100 0.0 -90.0 -246.67
-26.025 -45.077 4.100 0.0 -90.0 -240.00
-31.082 -41.751 4.100 0.0 -90.0 -233.33
-35.719 -37.860 4.100 0.0 -90.0 -226.67
-39.873 -33.457 4.100 0.0 -90.0 -220.00
-43.487 -28.602 4.100 0.0 -90.0 -213.33
-46.514 -23.360 4.100 0.0 -90.0 -206.67
-48.911 -17.802 4.100 0.0 -90.0 -200.00
-50.647 -12.004 4.100 0.0 -90.0 -193.33
-51.698 -6.043 4.100 0.0 -90.0 -186.67
-52.050 0.000 4.100 0.0 -90.0 -180.00
-51.698 6.043 4.100 0.0 -90.0 -173.33
-50.647 12.004 4.100 0.0 -90.0 -166.67
-48.911 17.802 4.100 0.0 -90.0 -160.00
-46.514 23.360 4.100 0.0 -90.0 -153.33
-43.487 28.602 4.100 0.0 -90.0 -146.67
-39.873 33.457 4.100 0.0 -90.0 -140.00
-35.719 37.860 4.100 0.0 -90.0 -133.33
-31.082 41.751 4.100 0.0 -90.0 -126.67
-26.025 45.077 4.100 0.0 -90.0 -120.00
-20.616 47.793 4.100 0.0 -90.0 -113.33
-14.928 49.863 4.100 0.0 -90.0 -106.67
-9.038 51.259 4.100 0.0 -90.0 -100.00
-3.026 51.962 4.100 0.0 -90.0 -93.33
3.026 51.962 4.100 0.0 -90.0 -86.67
9.038 51.259 4.100 0.0 -90.0 -80.00
14.928 49.863 4.100 0.0 -90.0 -73.33
20.616 47.793 4.100 0.0 -90.0 -66.67
26.025 45.077 4.100 0.0 -90.0 -60.00
31.082 41.751 4.100 0.0 -90.0 -53.33
35.719 37.860 4.100 0.0 -90.0 -46.67
39.873 33.457 4.100 0.0 -90.0 -40.00
43.487 28.602 4.100 0.0 -90.0 -33.33
46.514 23.360 4.100 0.0 -90.0 -26.67
48.911 17.802 4.100 0.0 -90.0 -20.00
50.647 12.004 4.100 0.0 -90.0 -13.33
51.698 6.043 4.100 0.0 -90.0 -6.67
52.050 0.000 4.100 0.0 -90.0 -0.00
51.698 -6.043 8.200 0.0 -90.0 -353.33
50.647 -12.004 8.200 0.0 -90.0 -346.67
48.911 -17.802 8.200 0.0 -90.0 -340.00
46.514 -23.360 8.200 0.0 -90.0 -333.33
43.487 -28.602 8.200 0.0 -90.0 -326.67
39.873 -33.457 8.200 0.0 -90.0 -320.00
35.719 -37.860 8.200 0.0 -90.0 -313.33
31.082 -41.751 8.200 0.0 -90.0 -306.67
26.025 -45.077 8.200 0.0 -90.0 -300.00
20.616 -47.793 8.200 0.0 -90.0 -293.33
14.928 -49.863 8.200 0.0 -90.0 -286.67
9.038 -51.259 8.200 0.0 -90.0 -280.00
3.026 -51.962 8.200 0.0 -90.0 -273.33
-3.026 -51.962 8.200 0.0 -90.0 -266.67
-9.038 -51.259 8.200 0.0 -90.0 -260.00
-14.928 -49.863 8.200 0.0 -90.0 -253.33
-20.616 -47.793 8.200 0.0 -90.0 -246.67
-26.025 -45.077 8.200 0.0 -90.0 -240.00
-31.082 -41.751 8.200 0.0 -90.0 -233.33
-35.719 -37.860 8.200 0.0 -90.0 -226.67
-39.873 -33.457 8.200 0.0 -90.0 -220.00
-43.487 -28.602 8.200 0.0 -90.0 -213.33
-46.514 -23.360 8.200 0.0 -90.0 -206.67
-48.911 -17.802 8.200 0.0 -90.0 -200.00
-50.647 -12.004 8.200 0.0 -90.0 -193.33
-51.698 -6.043 8.200 0.0 -90.0 -186.67
-52.050 0.000 8.200 0.0 -90.0 -180.00
-51.698 6.043 8.200 0.0 -90.0 -173.33
-50.647 12.004 8.200 0.0 -90.0 -166.67
-48.911 17.802 8.200 0.0 -90.0 -160.00
-46.514 23.360 8.200 0.0 -90.0 -153.33
-43.487 28.602 8.200 0.0 -90.0 -146.67
-39.873 33.457 8.200 0.0 -90.0 -140.00
-35.719 37.860 8.200 0.0 -90.0 -133.33
-31.082 41.751 8.200 0.0 -90.0 -126.67
-26.025 45.077 8.200 0.0 -90.0 -120.00
-20.616 47.793 8.200 0.0 -90.0 -113.33
-14.928 49.863 8.200 0.0 -90.0 -106.67
-9.038 51.259 8.200 0.0 -90.0 -100.00
-3.026 51.962 8.200 0.0 -90.0 -93.33
3.026 51.962 8.200 0.0 -90.0 -86.67
9.038 51.259 8.200 0.0 -90.0 -80.00
14.928 49.863 8.200 0.0 -90.0 -73.33
20.616 47.793 8.200 0.0 -90.0 -66.67
26.025 45.077 8.200 0.0 -90.0 -60.00
31.082 41.751 8.200 0.0 -90.0 -53.33
35.719 37.860 8.200 0.0 -90.0 -46.67
39.873 33.457 8.200 0.0 -90.0 -40.00
43.487 28.602 8.200 0.0 -90.0 -33.33
46.514 23.360 8.200 0.0 -90.0 -26.67
48.911 17.802 8.200 0.0 -90.0 -20.00
50.647 12.004 8.200 0.0 -90.0 -13.33
51.698 6.043 8.200 0.0 -90.0 -6.67
52.050 0.000 8.200 0.0 -90.0 -0.00
