36.545 -6.098 -8.200 0.0 -90.0 -350.53
35.043 -12.030 -8.200 0.0 -90.0 -341.05
32.585 -17.634 -8.200 0.0 -90.0 -331.58
29.238 -22.757 -8.200 0.0 -90.0 -322.11
25.093 -27.259 -8.200 0.0 -90.0 -312.63
20.264 -31.017 -8.200 0.0 -90.0 -303.16
14.883 -33.929 -8.200 0.0 -90.0 -293.68
9.095 -35.916 -8.200 0.0 -90.0 -284.21
3.060 -36.923 -8.200 0.0 -90.0 -274.74
-3.060 -36.923 -8.200 0.0 -90.0 -265.26
-9.095 -35.916 -8.200 0.0 -90.0 -255.79
-14.883 -33.929 -8.200 0.0 -90.0 -246.32
-20.264 -31.017 -8.200 0.0 -90.0 -236.84
-25.093 -27.259 -8.200 0.0 -90.0 -227.37
-29.238 -22.757 -8.200 0.0 -90.0 -217.89
-32.585 -17.634 -8.200 0.0 -90.0 -208.42
-35.043 -12.030 -8.200 0.0 -90.0 -198.95
-36.545 -6.098 -8.200 0.0 -90.0 -189.47
-37.050 0.000 -8.200 0.0 -90.0 -180.00
-36.545 6.098 -8.200 0.0 -90.0 -170.53
-35.043 12.030 -8.200 0.0 -90.0 -161.05
-32.585 17.634 -8.200 0.0 -90.0 -151.58
-29.238 22.757 -8.200 0.0 -90.0 -142.11
-25.093 27.259 -8.200 0.0 -90.0 -132.63
-20.264 31.017 -8.200 0.0 -90.0 -123.16
-14.883 33.929 -8.200 0.0 -90.0 -113.68
-9.095 35.916 -8.200 0.0 -90.0 -104.21
-3.060 36.923 -8.200 0.0 -90.0 -94.74
3.060 36.923 -8.200 0.0 -90.0 -85.26
9.095 35.916 -8.200 0.0 -90.0 -75.79
14.883 33.929 -8.200 0.0 -90.0 -66.32
20.264 31.017 -8.200 0.0 -90.0 -56.84
25.093 27.259 -8.200 0.0 -90.0 -47.37
29.238 22.757 -8.200 0.0 -90.0 -37.89
32.585 17.634 -8.200 0.0 -90.0 -28.42
35.043 12.030 -8.200 0.0 -90.0 -18.95
36.545 6.098 -8.200 0.0 -90.0 -9.47
37.050 0.000 -8.200 0.0 -90.0 -0.00
36.545 -6.098 -4.100 0.0 -90.0 -350.53
35.043 -12.030 -4.100 0.0 -90.0 -341.05
32.585 -17.634 -4.100 0.0 -90.0 -331.58
29.238 -22.757 -4.100 0.0 -90.0 -322.11
25.093 -27.259 -4.100 0.0 -90.0 -312.63
20.264 -31.017 -4.100 0.0 -90.0 -303.16
14.883 -33.929 -4.100 0.0 -90.0 -293.68
9.095 -35.916 -4.100 0.0 -90.0 -284.21
3.060 -36.923 -4.100 0.0 -90.0 -274.74
-3.060 -36.923 -4.100 0.0 -90.0 -265.26
-9.095 -35.916 -4.100 0.0 -90.0 -255.79
-14.883 -33.929 -4.100 0.0 -90.0 -246.32
-20.264 -31.017 -4.100 0.0 -90.0 -236.84
-25.093 -27.259 -4.100 0.0 -90.0 -227.37
-29.238 -22.757 -4.100 0.0 -90.0 -217.89
-32.585 -17.634 -4.100 0.0 -90.0 -208.42
-35.043 -12.030 -4.100 0.0 -90.0 -198.95
-36.545 -6.098 -4.100 0.0 -90.0 -189.47
-37.050 0.000 -4.100 0.0 -90.0 -180.00
-36.545 6.098 -4.100 0.0 -90.0 -170.53
-35.043 12.030 -4.100 0.0 -90.0 -161.05
-32.585 17.634 -4.100 0.0 -90.0 -151.58
-29.238 22.757 -4.100 0.0 -90.0 -142.11
-25.093 27.259 -4.100 0.0 -90.0 -132.63
-20.264 31.017 -4.100 0.0 -90.0 -123.16
-14.883 33.929 -4.100 0.0 -90.0 -113.68
-9.095 35.916 -4.100 0.0 -90.0 -104.21
-3.060 36.923 -4.100 0.0 -90.0 -94.74
3.060 36.923 -4.100 0.0 -90.0 -85.26
9.095 35.916 -4.100 0.0 -90.0 -75.79
14.883 33.929 -4.100 0.0 -90.0 -66.32
20.264 31.017 -4.100 0.0 -90.0 -56.84
25.093 27.259 -4.100 0.0 -90.0 -47.37
29.238 22.757 -4.100 0.0 -90.0 -37.89
32.585 17.634 -4.100 0.0 -90.0 -28.42
35.043 12.030 -4.100 0.0 -90.0 -18.95
36.545 6.098 -4.100 0.0 -90.0 -9.47
37.050 0.000 -4.100 0.0 -90.0 -0.00
36.545 -6.098 0.000 0.0 -90.0 -350.53
35.043 -12.030 0.000 0.0 -90.0 -341.05
32.585 -17.634 0.000 0.0 -90.0 -331.58
29.238 -22.757 0.000 0.0 -90.0 -322.11
25.093 -27.259 0.000 0.0 -90.0 -312.63
20.264 -31.017 0.000 0.0 -90.0 -303.16
14.883 -33.929 0.000 0.0 -90.0 -293.68
9.095 -35.916 0.000 0.0 -90.0 -284.21
3.060 -36.923 0.000 0.0 -90.0 -274.74
-3.060 -36.923 0.000 0.0 -90.0 -265.26
-9.095 -35.916 0.000 0.0 -90.0 -255.79
-14.883 -33.929 0.000 0.0 -90.0 -246.32
-20.264 -31.017 0.000 0.0 -90.0 -236.84
-25.093 -27.259 0.000 0.0 -90.0 -227.37
-29.238 -22.757 0.000 0.0 -90.0 -217.89
-32.585 -17.634 0.000 0.0 -90.0 -208.42
-35.043 -12.030 0.000 0.0 -90.0 -198.95
-36.545 -6.098 0.000 0.0 -90.0 -189.47
-37.050 0.000 0.000 0.0 -90.0 -180.00
-36.545 6.098 0.000 0.0 -90.0 -170.53
-35.043 12.030 0.000 0.0 -90.0 -161.05
-32.585 17.634 0.000 0.0 -90.0 -151.58
-29.238 22.757 0.000 0.0 -90.0 -142.11
-25.093 27.259 0.000 0.0 -90.0 -132.63
-20.264 31.017 0.000 0.0 -90.0 -123.16
-14.883 33.929 0.000 0.0 -90.0 -113.68
-9.095 35.916 0.000 0.0 -90.0 -104.21
-3.060 36.923 0.000 0.0 -90.0 -94.74
3.060 36.923 0.000 0.0 -90.0 -85.26
9.095 35.916 0.000 0.0 -90.0 -75.79
14.883 33.929 0.000 0.0 -90.0 -66.32
20.264 31.017 0.000 0.0 -90.0 -56.84
25.093 27.259 0.000 0.0 -90.0 -47.37
29.238 22.757 0.000 0.0 -90.0 -37.89
32.585 17.634 0.000 0.0 -90.0 -28.42
35.043 12.030 0.000 0.0 -90.0 -18.95
36.545 6.098 0.000 0.0 -90.0 -9.47
37.050 0.000 0.000 0.0 -90.0 -0.00
36.545 -6.098 4.100 0.0 -90.0 -350.53
35.043 -12.030 4.100 0.0 -90.0 -341.05
32.585 -17.634 4.100 0.0 -90.0 -331.58
29.238 -22.757 4.100 0.0 -90.0 -322.11
25.093 -27.259 4.100 0.0 -90.0 -312.63
20.264 -31.017 4.100 0.0 -90.0 -303.16
14.883 -33.929 4.100 0.0 -90.0 -293.68
9.095 -35.916 4.100 0.0 -90.0 -284.21
3.060 -36.923 4.100 0.0 -90.0 -274.74
-3.060 -36.923 4.100 0.0 -90.0 -265.26
-9.095 -35.916 4.100 0.0 -90.0 -255.79
-14.883 -33.929 4.100 0.0 -90.0 -246.32
-20.264 -31.017 4.100 0.0 -90.0 -236.84
-25.093 -27.259 4.100 0.0 -90.0 -227.37
-29.238 -22.757 4.100 0.0 -90.0 -217.89
-32.585 -17.634 4.100 0.0 -90.0 -208.42
-35.043 -12.030 4.100 0.0 -90.0 -198.95
-36.545 -6.098 4.100 0.0 -90.0 -189.47
-37.050 0.000 4.100 0.0 -90.0 -180.00
-36.545 6.098 4.100 0.0 -90.0 -170.53
-35.043 12.030 4.100 0.0 -90.0 -161.05
-32.585 17.634 4.100 0.0 -90.0 -151.58
-29.238 22.757 4.100 0.0 -90.0 -142.11
-25.093 27.259 4.100 0.0 -90.0 -132.63
-20.264 31.017 4.100 0.0 -90.0 -123.16
-14.883 33.929 4.100 0.0 -90.0 -113.68
-9.095 35.916 4.100 0.0 -90.0 -104.21
-3.060 36.923 4.100 0.0 -90.0 -94.74
3.060 36.923 4.100 0.0 -90.0 -85.26
9.095 35.916 4.100 0.0 -90.0 -75.79
14.883 33.929 4.100 0.0 -90.0 -66.32
20.264 31.017 4.100 0.0 -90.0 -56.84
25.093 27.259 4.100 0.0 -90.0 -47.37
29.238 22.757 4.100 0.0 -90.0 -37.89
32.585 17.634 4.100 0.0 -90.0 -28.42
35.043 12.030 4.100 0.0 -90.0 -18.95
36.545 6.098 4.100 0.0 -90.0 -9.47
37.050 0.000 4.100 0.0 -90.0 -0.00
36.545 -6.098 8.200 0.0 -90.0 -350.53
35.043 -12.030 8.200 0.0 -90.0 -341.05
32.585 -17.634 8.200 0.0 -90.0 -331.58
29.238 -22.757 8.200 0.0 -90.0 -322.11
25.093 -27.259 8.200 0.0 -90.0 -312.63
20.264 -31.017 8.200 0.0 -90.0 -303.16
14.883 -33.929 8.200 0.0 -90.0 -293.68
9.095 -35.916 8.200 0.0 -90.0 -284.21
3.060 -36.923 8.200 0.0 -90.0 -274.74
-3.060 -36.923 8.200 0.0 -90.0 -265.26
-9.095 -35.916 8.200 0.0 -90.0 -255.79
-14.883 -33.929 8.200 0.0 -90.0 -246.32
-20.264 -31.017 8.200 0.0 -90.0 -236.84
-25.093 -27.259 8.200 0.0 -90.0 -227.37
-29.238 -22.757 8.200 0.0 -90.0 -217.89
-32.585 -17.634 8.200 0.0 -90.0 -208.42
-35.043 -12.030 8.200 0.0 -90.0 -198.95
-36.545 -6.098 8.200 0.0 -90.0 -189.47
-37.050 0.000 8.200 0.0 -90.0 -180.00
-36.545 6.098 8.200 0.0 -90.0 -170.53
-35.043 12.030 8.200 0.0 -90.0 -161.05
-32.585 17.634 8.200 0.0 -90.0 -151.58
-29.238 22.757 8.200 0.0 -90.0 -142.11
-25.093 27.259 8.200 0.0 -90.0 -132.63
-20.264 31.017 8.200 0.0 -90.0 -123.16
-14.883 33.929 8.200 0.0 -90.0 -113.68
-9.095 35.916 8.200 0.0 -90.0 -104.21
-3.060 36.923 8.200 0.0 -90.0 -94.74
3.060 36.923 8.200 0.0 -90.0 -85.26
9.095 35.916 8.200 0.0 -90.0 -75.79
14.883 33.929 8.200 0.0 -90.0 -66.32
20.264 31.017 8.200 0.0 -90.0 -56.84
25.093 27.259 8.200 0.0 -90.0 -47.37
29.238 22.757 8.200 0.0 -90.0 -37.89
32.585 17.634 8.200 0.0 -90.0 -28.42
35.043 12.030 8.200 0.0 -90.0 -18.95
36.545 6.098 8.200 0.0 -90.0 -9.47
37.050 0.000 8.200 0.0 -90.0 -0.00
