74.450 -10.233 -8.200 -0.0 -90 -352.17
93.169 -19.804 -8.200 -0.0 -90 -348.00
51.333 -19.886 -8.200 -0.0 -90 -338.82
68.928 -29.940 -8.200 -0.0 -90 -336.52
87.015 -38.742 -8.200 -0.0 -90 -336.00
77.059 -55.987 -8.200 -0.0 -90 -324.00
58.295 -47.426 -8.200 -0.0 -90 -320.87
40.682 -37.087 -8.200 -0.0 -90 -317.65
63.735 -70.785 -8.200 -0.0 -90 -312.00
43.338 -61.395 -8.200 -0.0 -90 -305.22
47.625 -82.489 -8.200 -0.0 -90 -300.00
24.538 -49.279 -8.200 -0.0 -90 -296.47
25.166 -70.811 -8.200 -0.0 -90 -289.57
29.434 -90.588 -8.200 -0.0 -90 -288.00
9.956 -94.728 -8.200 -0.0 -90 -276.00
5.079 -54.815 -8.200 -0.0 -90 -275.29
5.128 -74.975 -8.200 -0.0 -90 -273.91
-9.956 -94.728 -8.200 -0.0 -90 -264.00
-15.290 -73.578 -8.200 -0.0 -90 -258.26
-15.065 -52.949 -8.200 -0.0 -90 -254.12
-29.434 -90.588 -8.200 -0.0 -90 -252.00
-34.574 -66.725 -8.200 -0.0 -90 -242.61
-47.625 -82.489 -8.200 -0.0 -90 -240.00
-33.175 -43.931 -8.200 -0.0 -90 -232.94
-63.735 -70.785 -8.200 -0.0 -90 -228.00
-51.294 -54.922 -8.200 -0.0 -90 -226.96
-77.059 -55.987 -8.200 -0.0 -90 -216.00
-46.804 -28.980 -8.200 -0.0 -90 -211.76
-64.210 -39.047 -8.200 -0.0 -90 -211.30
-87.015 -38.742 -8.200 -0.0 -90 -204.00
-72.363 -20.275 -8.200 -0.0 -90 -195.65
-93.169 -19.804 -8.200 -0.0 -90 -192.00
-54.113 -10.115 -8.200 -0.0 -90 -190.59
-75.150 0.000 -8.200 -0.0 -90 -180.00
-95.250 0.000 -8.200 -0.0 -90 -180.00
-54.113 10.115 -8.200 -0.0 -90 -169.41
-93.169 19.804 -8.200 -0.0 -90 -168.00
-72.363 20.275 -8.200 -0.0 -90 -164.35
-87.015 38.742 -8.200 -0.0 -90 -156.00
-64.210 39.047 -8.200 -0.0 -90 -148.70
-46.804 28.980 -8.200 -0.0 -90 -148.24
-77.059 55.987 -8.200 -0.0 -90 -144.00
-51.294 54.922 -8.200 -0.0 -90 -133.04
-63.735 70.785 -8.200 -0.0 -90 -132.00
-33.175 43.931 -8.200 -0.0 -90 -127.06
-47.625 82.489 -8.200 -0.0 -90 -120.00
-34.574 66.725 -8.200 -0.0 -90 -117.39
-29.434 90.588 -8.200 -0.0 -90 -108.00
-15.065 52.949 -8.200 -0.0 -90 -105.88
-15.290 73.578 -8.200 -0.0 -90 -101.74
-9.956 94.728 -8.200 -0.0 -90 -96.00
5.128 74.975 -8.200 -0.0 -90 -86.09
5.079 54.815 -8.200 -0.0 -90 -84.71
9.956 94.728 -8.200 -0.0 -90 -84.00
29.434 90.588 -8.200 -0.0 -90 -72.00
25.166 70.811 -8.200 -0.0 -90 -70.43
24.538 49.279 -8.200 -0.0 -90 -63.53
47.625 82.489 -8.200 -0.0 -90 -60.00
43.338 61.395 -8.200 -0.0 -90 -54.78
63.735 70.785 -8.200 -0.0 -90 -48.00
40.682 37.087 -8.200 -0.0 -90 -42.35
58.295 47.426 -8.200 -0.0 -90 -39.13
77.059 55.987 -8.200 -0.0 -90 -36.00
87.015 38.742 -8.200 -0.0 -90 -24.00
68.928 29.940 -8.200 -0.0 -90 -23.48
51.333 19.886 -8.200 -0.0 -90 -21.18
93.169 19.804 -8.200 -0.0 -90 -12.00
74.450 10.233 -8.200 -0.0 -90 -7.83
55.050 0.000 -8.200 -0.0 -90 -0.00
95.250 0.000 -8.200 -0.0 -90 -0.00
74.450 -10.233 -4.100 -0.0 -90 -352.17
93.169 -19.804 -4.100 -0.0 -90 -348.00
51.333 -19.886 -4.100 -0.0 -90 -338.82
68.928 -29.940 -4.100 -0.0 -90 -336.52
87.015 -38.742 -4.100 -0.0 -90 -336.00
77.059 -55.987 -4.100 -0.0 -90 -324.00
58.295 -47.426 -4.100 -0.0 -90 -320.87
40.682 -37.087 -4.100 -0.0 -90 -317.65
63.735 -70.785 -4.100 -0.0 -90 -312.00
43.338 -61.395 -4.100 -0.0 -90 -305.22
47.625 -82.489 -4.100 -0.0 -90 -300.00
24.538 -49.279 -4.100 -0.0 -90 -296.47
25.166 -70.811 -4.100 -0.0 -90 -289.57
29.434 -90.588 -4.100 -0.0 -90 -288.00
9.956 -94.728 -4.100 -0.0 -90 -276.00
5.079 -54.815 -4.100 -0.0 -90 -275.29
5.128 -74.975 -4.100 -0.0 -90 -273.91
-9.956 -94.728 -4.100 -0.0 -90 -264.00
-15.290 -73.578 -4.100 -0.0 -90 -258.26
-15.065 -52.949 -4.100 -0.0 -90 -254.12
-29.434 -90.588 -4.100 -0.0 -90 -252.00
-34.574 -66.725 -4.100 -0.0 -90 -242.61
-47.625 -82.489 -4.100 -0.0 -90 -240.00
-33.175 -43.931 -4.100 -0.0 -90 -232.94
-63.735 -70.785 -4.100 -0.0 -90 -228.00
-51.294 -54.922 -4.100 -0.0 -90 -226.96
-77.059 -55.987 -4.100 -0.0 -90 -216.00
-46.804 -28.980 -4.100 -0.0 -90 -211.76
-64.210 -39.047 -4.100 -0.0 -90 -211.30
-87.015 -38.742 -4.100 -0.0 -90 -204.00
-72.363 -20.275 -4.100 -0.0 -90 -195.65
-93.169 -19.804 -4.100 -0.0 -90 -192.00
-54.113 -10.115 -4.100 -0.0 -90 -190.59
-75.150 0.000 -4.100 -0.0 -90 -180.00
-95.250 0.000 -4.100 -0.0 -90 -180.00
-54.113 10.115 -4.100 -0.0 -90 -169.41
-93.169 19.804 -4.100 -0.0 -90 -168.00
-72.363 20.275 -4.100 -0.0 -90 -164.35
-87.015 38.742 -4.100 -0.0 -90 -156.00
-64.210 39.047 -4.100 -0.0 -90 -148.70
-46.804 28.980 -4.100 -0.0 -90 -148.24
-77.059 55.987 -4.100 -0.0 -90 -144.00
-51.294 54.922 -4.100 -0.0 -90 -133.04
-63.735 70.785 -4.100 -0.0 -90 -132.00
-33.175 43.931 -4.100 -0.0 -90 -127.06
-47.625 82.489 -4.100 -0.0 -90 -120.00
-34.574 66.725 -4.100 -0.0 -90 -117.39
-29.434 90.588 -4.100 -0.0 -90 -108.00
-15.065 52.949 -4.100 -0.0 -90 -105.88
-15.290 73.578 -4.100 -0.0 -90 -101.74
-9.956 94.728 -4.100 -0.0 -90 -96.00
5.128 74.975 -4.100 -0.0 -90 -86.09
5.079 54.815 -4.100 -0.0 -90 -84.71
9.956 94.728 -4.100 -0.0 -90 -84.00
29.434 90.588 -4.100 -0.0 -90 -72.00
25.166 70.811 -4.100 -0.0 -90 -70.43
24.538 49.279 -4.100 -0.0 -90 -63.53
47.625 82.489 -4.100 -0.0 -90 -60.00
43.338 61.395 -4.100 -0.0 -90 -54.78
63.735 70.785 -4.100 -0.0 -90 -48.00
40.682 37.087 -4.100 -0.0 -90 -42.35
58.295 47.426 -4.100 -0.0 -90 -39.13
77.059 55.987 -4.100 -0.0 -90 -36.00
87.015 38.742 -4.100 -0.0 -90 -24.00
68.928 29.940 -4.100 -0.0 -90 -23.48
51.333 19.886 -4.100 -0.0 -90 -21.18
93.169 19.804 -4.100 -0.0 -90 -12.00
74.450 10.233 -4.100 -0.0 -90 -7.83
55.050 0.000 -4.100 -0.0 -90 -0.00
95.250 0.000 -4.100 -0.0 -90 -0.00
74.450 -10.233 0.000 -0.0 -90 -352.17
93.169 -19.804 0.000 -0.0 -90 -348.00
51.333 -19.886 0.000 -0.0 -90 -338.82
68.928 -29.940 0.000 -0.0 -90 -336.52
87.015 -38.742 0.000 -0.0 -90 -336.00
77.059 -55.987 0.000 -0.0 -90 -324.00
58.295 -47.426 0.000 -0.0 -90 -320.87
40.682 -37.087 0.000 -0.0 -90 -317.65
63.735 -70.785 0.000 -0.0 -90 -312.00
43.338 -61.395 0.000 -0.0 -90 -305.22
47.625 -82.489 0.000 -0.0 -90 -300.00
24.538 -49.279 0.000 -0.0 -90 -296.47
25.166 -70.811 0.000 -0.0 -90 -289.57
29.434 -90.588 0.000 -0.0 -90 -288.00
9.956 -94.728 0.000 -0.0 -90 -276.00
5.079 -54.815 0.000 -0.0 -90 -275.29
5.128 -74.975 0.000 -0.0 -90 -273.91
-9.956 -94.728 0.000 -0.0 -90 -264.00
-15.290 -73.578 0.000 -0.0 -90 -258.26
-15.065 -52.949 0.000 -0.0 -90 -254.12
-29.434 -90.588 0.000 -0.0 -90 -252.00
-34.574 -66.725 0.000 -0.0 -90 -242.61
-47.625 -82.489 0.000 -0.0 -90 -240.00
-33.175 -43.931 0.000 -0.0 -90 -232.94
-63.735 -70.785 0.000 -0.0 -90 -228.00
-51.294 -54.922 0.000 -0.0 -90 -226.96
-77.059 -55.987 0.000 -0.0 -90 -216.00
-46.804 -28.980 0.000 -0.0 -90 -211.76
-64.210 -39.047 0.000 -0.0 -90 -211.30
-87.015 -38.742 0.000 -0.0 -90 -204.00
-72.363 -20.275 0.000 -0.0 -90 -195.65
-93.169 -19.804 0.000 -0.0 -90 -192.00
-54.113 -10.115 0.000 -0.0 -90 -190.59
-75.150 0.000 0.000 -0.0 -90 -180.00
-95.250 0.000 0.000 -0.0 -90 -180.00
-54.113 10.115 0.000 -0.0 -90 -169.41
-93.169 19.804 0.000 -0.0 -90 -168.00
-72.363 20.275 0.000 -0.0 -90 -164.35
-87.015 38.742 0.000 -0.0 -90 -156.00
-64.210 39.047 0.000 -0.0 -90 -148.70
-46.804 28.980 0.000 -0.0 -90 -148.24
-77.059 55.987 0.000 -0.0 -90 -144.00
-51.294 54.922 0.000 -0.0 -90 -133.04
-63.735 70.785 0.000 -0.0 -90 -132.00
-33.175 43.931 0.000 -0.0 -90 -127.06
-47.625 82.489 0.000 -0.0 -90 -120.00
-34.574 66.725 0.000 -0.0 -90 -117.39
-29.434 90.588 0.000 -0.0 -90 -108.00
-15.065 52.949 0.000 -0.0 -90 -105.88
-15.290 73.578 0.000 -0.0 -90 -101.74
-9.956 94.728 0.000 -0.0 -90 -96.00
5.128 74.975 0.000 -0.0 -90 -86.09
5.079 54.815 0.000 -0.0 -90 -84.71
9.956 94.728 0.000 -0.0 -90 -84.00
29.434 90.588 0.000 -0.0 -90 -72.00
25.166 70.811 0.000 -0.0 -90 -70.43
24.538 49.279 0.000 -0.0 -90 -63.53
47.625 82.489 0.000 -0.0 -90 -60.00
43.338 61.395 0.000 -0.0 -90 -54.78
63.735 70.785 0.000 -0.0 -90 -48.00
40.682 37.087 0.000 -0.0 -90 -42.35
58.295 47.426 0.000 -0.0 -90 -39.13
77.059 55.987 0.000 -0.0 -90 -36.00
87.015 38.742 0.000 -0.0 -90 -24.00
68.928 29.940 0.000 -0.0 -90 -23.48
51.333 19.886 0.000 -0.0 -90 -21.18
93.169 19.804 0.000 -0.0 -90 -12.00
74.450 10.233 0.000 -0.0 -90 -7.83
55.050 0.000 0.000 -0.0 -90 -0.00
95.250 0.000 0.000 -0.0 -90 -0.00
74.450 -10.233 4.100 -0.0 -90 -352.17
93.169 -19.804 4.100 -0.0 -90 -348.00
51.333 -19.886 4.100 -0.0 -90 -338.82
68.928 -29.940 4.100 -0.0 -90 -336.52
87.015 -38.742 4.100 -0.0 -90 -336.00
77.059 -55.987 4.100 -0.0 -90 -324.00
58.295 -47.426 4.100 -0.0 -90 -320.87
40.682 -37.087 4.100 -0.0 -90 -317.65
63.735 -70.785 4.100 -0.0 -90 -312.00
43.338 -61.395 4.100 -0.0 -90 -305.22
47.625 -82.489 4.100 -0.0 -90 -300.00
24.538 -49.279 4.100 -0.0 -90 -296.47
25.166 -70.811 4.100 -0.0 -90 -289.57
29.434 -90.588 4.100 -0.0 -90 -288.00
9.956 -94.728 4.100 -0.0 -90 -276.00
5.079 -54.815 4.100 -0.0 -90 -275.29
5.128 -74.975 4.100 -0.0 -90 -273.91
-9.956 -94.728 4.100 -0.0 -90 -264.00
-15.290 -73.578 4.100 -0.0 -90 -258.26
-15.065 -52.949 4.100 -0.0 -90 -254.12
-29.434 -90.588 4.100 -0.0 -90 -252.00
-34.574 -66.725 4.100 -0.0 -90 -242.61
-47.625 -82.489 4.100 -0.0 -90 -240.00
-33.175 -43.931 4.100 -0.0 -90 -232.94
-63.735 -70.785 4.100 -0.0 -90 -228.00
-51.294 -54.922 4.100 -0.0 -90 -226.96
-77.059 -55.987 4.100 -0.0 -90 -216.00
-46.804 -28.980 4.100 -0.0 -90 -211.76
-64.210 -39.047 4.100 -0.0 -90 -211.30
-87.015 -38.742 4.100 -0.0 -90 -204.00
-72.363 -20.275 4.100 -0.0 -90 -195.65
-93.169 -19.804 4.100 -0.0 -90 -192.00
-54.113 -10.115 4.100 -0.0 -90 -190.59
-75.150 0.000 4.100 -0.0 -90 -180.00
-95.250 0.000 4.100 -0.0 -90 -180.00
-54.113 10.115 4.100 -0.0 -90 -169.41
-93.169 19.804 4.100 -0.0 -90 -168.00
-72.363 20.275 4.100 -0.0 -90 -164.35
-87.015 38.742 4.100 -0.0 -90 -156.00
-64.210 39.047 4.100 -0.0 -90 -148.70
-46.804 28.980 4.100 -0.0 -90 -148.24
-77.059 55.987 4.100 -0.0 -90 -144.00
-51.294 54.922 4.100 -0.0 -90 -133.04
-63.735 70.785 4.100 -0.0 -90 -132.00
-33.175 43.931 4.100 -0.0 -90 -127.06
-47.625 82.489 4.100 -0.0 -90 -120.00
-34.574 66.725 4.100 -0.0 -90 -117.39
-29.434 90.588 4.100 -0.0 -90 -108.00
-15.065 52.949 4.100 -0.0 -90 -105.88
-15.290 73.578 4.100 -0.0 -90 -101.74
-9.956 94.728 4.100 -0.0 -90 -96.00
5.128 74.975 4.100 -0.0 -90 -86.09
5.079 54.815 4.100 -0.0 -90 -84.71
9.956 94.728 4.100 -0.0 -90 -84.00
29.434 90.588 4.100 -0.0 -90 -72.00
25.166 70.811 4.100 -0.0 -90 -70.43
24.538 49.279 4.100 -0.0 -90 -63.53
47.625 82.489 4.100 -0.0 -90 -60.00
43.338 61.395 4.100 -0.0 -90 -54.78
63.735 70.785 4.100 -0.0 -90 -48.00
40.682 37.087 4.100 -0.0 -90 -42.35
58.295 47.426 4.100 -0.0 -90 -39.13
77.059 55.987 4.100 -0.0 -90 -36.00
87.015 38.742 4.100 -0.0 -90 -24.00
68.928 29.940 4.100 -0.0 -90 -23.48
51.333 19.886 4.100 -0.0 -90 -21.18
93.169 19.804 4.100 -0.0 -90 -12.00
74.450 10.233 4.100 -0.0 -90 -7.83
55.050 0.000 4.100 -0.0 -90 -0.00
95.250 0.000 4.100 -0.0 -90 -0.00
74.450 -10.233 8.200 -0.0 -90 -352.17
93.169 -19.804 8.200 -0.0 -90 -348.00
51.333 -19.886 8.200 -0.0 -90 -338.82
68.928 -29.940 8.200 -0.0 -90 -336.52
87.015 -38.742 8.200 -0.0 -90 -336.00
77.059 -55.987 8.200 -0.0 -90 -324.00
58.295 -47.426 8.200 -0.0 -90 -320.87
40.682 -37.087 8.200 -0.0 -90 -317.65
63.735 -70.785 8.200 -0.0 -90 -312.00
43.338 -61.395 8.200 -0.0 -90 -305.22
47.625 -82.489 8.200 -0.0 -90 -300.00
24.538 -49.279 8.200 -0.0 -90 -296.47
25.166 -70.811 8.200 -0.0 -90 -289.57
29.434 -90.588 8.200 -0.0 -90 -288.00
9.956 -94.728 8.200 -0.0 -90 -276.00
5.079 -54.815 8.200 -0.0 -90 -275.29
5.128 -74.975 8.200 -0.0 -90 -273.91
-9.956 -94.728 8.200 -0.0 -90 -264.00
-15.290 -73.578 8.200 -0.0 -90 -258.26
-15.065 -52.949 8.200 -0.0 -90 -254.12
-29.434 -90.588 8.200 -0.0 -90 -252.00
-34.574 -66.725 8.200 -0.0 -90 -242.61
-47.625 -82.489 8.200 -0.0 -90 -240.00
-33.175 -43.931 8.200 -0.0 -90 -232.94
-63.735 -70.785 8.200 -0.0 -90 -228.00
-51.294 -54.922 8.200 -0.0 -90 -226.96
-77.059 -55.987 8.200 -0.0 -90 -216.00
-46.804 -28.980 8.200 -0.0 -90 -211.76
-64.210 -39.047 8.200 -0.0 -90 -211.30
-87.015 -38.742 8.200 -0.0 -90 -204.00
-72.363 -20.275 8.200 -0.0 -90 -195.65
-93.169 -19.804 8.200 -0.0 -90 -192.00
-54.113 -10.115 8.200 -0.0 -90 -190.59
-75.150 0.000 8.200 -0.0 -90 -180.00
-95.250 0.000 8.200 -0.0 -90 -180.00
-54.113 10.115 8.200 -0.0 -90 -169.41
-93.169 19.804 8.200 -0.0 -90 -168.00
-72.363 20.275 8.200 -0.0 -90 -164.35
-87.015 38.742 8.200 -0.0 -90 -156.00
-64.210 39.047 8.200 -0.0 -90 -148.70
-46.804 28.980 8.200 -0.0 -90 -148.24
-77.059 55.987 8.200 -0.0 -90 -144.00
-51.294 54.922 8.200 -0.0 -90 -133.04
-63.735 70.785 8.200 -0.0 -90 -132.00
-33.175 43.931 8.200 -0.0 -90 -127.06
-47.625 82.489 8.200 -0.0 -90 -120.00
-34.574 66.725 8.200 -0.0 -90 -117.39
-29.434 90.588 8.200 -0.0 -90 -108.00
-15.065 52.949 8.200 -0.0 -90 -105.88
-15.290 73.578 8.200 -0.0 -90 -101.74
-9.956 94.728 8.200 -0.0 -90 -96.00
5.128 74.975 8.200 -0.0 -90 -86.09
5.079 54.815 8.200 -0.0 -90 -84.71
9.956 94.728 8.200 -0.0 -90 -84.00
29.434 90.588 8.200 -0.0 -90 -72.00
25.166 70.811 8.200 -0.0 -90 -70.43
24.538 49.279 8.200 -0.0 -90 -63.53
47.625 82.489 8.200 -0.0 -90 -60.00
43.338 61.395 8.200 -0.0 -90 -54.78
63.735 70.785 8.200 -0.0 -90 -48.00
40.682 37.087 8.200 -0.0 -90 -42.35
58.295 47.426 8.200 -0.0 -90 -39.13
77.059 55.987 8.200 -0.0 -90 -36.00
87.015 38.742 8.200 -0.0 -90 -24.00
68.928 29.940 8.200 -0.0 -90 -23.48
51.333 19.886 8.200 -0.0 -90 -21.18
93.169 19.804 8.200 -0.0 -90 -12.00
74.450 10.233 8.200 -0.0 -90 -7.83
55.050 0.000 8.200 -0.0 -90 -0.00
95.250 0.000 8.200 -0.0 -90 -0.00
