21.232 -5.949 -8.200 0.0 -90.0 -344.35
18.840 -11.457 -8.200 0.0 -90.0 -328.70
15.050 -16.115 -8.200 0.0 -90.0 -313.04
10.144 -19.578 -8.200 0.0 -90.0 -297.39
4.486 -21.589 -8.200 0.0 -90.0 -281.74
-1.505 -21.999 -8.200 0.0 -90.0 -266.09
-7.384 -20.777 -8.200 0.0 -90.0 -250.43
-12.716 -18.014 -8.200 0.0 -90.0 -234.78
-17.104 -13.915 -8.200 0.0 -90.0 -219.13
-20.225 -8.785 -8.200 0.0 -90.0 -203.48
-21.845 -3.002 -8.200 0.0 -90.0 -187.83
-21.845 3.002 -8.200 0.0 -90.0 -172.17
-20.225 8.785 -8.200 0.0 -90.0 -156.52
-17.104 13.915 -8.200 0.0 -90.0 -140.87
-12.716 18.014 -8.200 0.0 -90.0 -125.22
-7.384 20.777 -8.200 0.0 -90.0 -109.57
-1.505 21.999 -8.200 0.0 -90.0 -93.91
4.486 21.589 -8.200 0.0 -90.0 -78.26
10.144 19.578 -8.200 0.0 -90.0 -62.61
15.050 16.115 -8.200 0.0 -90.0 -46.96
18.840 11.457 -8.200 0.0 -90.0 -31.30
21.232 5.949 -8.200 0.0 -90.0 -15.65
22.050 0.000 -8.200 0.0 -90.0 -0.00
21.232 -5.949 -4.100 0.0 -90.0 -344.35
18.840 -11.457 -4.100 0.0 -90.0 -328.70
15.050 -16.115 -4.100 0.0 -90.0 -313.04
10.144 -19.578 -4.100 0.0 -90.0 -297.39
4.486 -21.589 -4.100 0.0 -90.0 -281.74
-1.505 -21.999 -4.100 0.0 -90.0 -266.09
-7.384 -20.777 -4.100 0.0 -90.0 -250.43
-12.716 -18.014 -4.100 0.0 -90.0 -234.78
-17.104 -13.915 -4.100 0.0 -90.0 -219.13
-20.225 -8.785 -4.100 0.0 -90.0 -203.48
-21.845 -3.002 -4.100 0.0 -90.0 -187.83
-21.845 3.002 -4.100 0.0 -90.0 -172.17
-20.225 8.785 -4.100 0.0 -90.0 -156.52
-17.104 13.915 -4.100 0.0 -90.0 -140.87
-12.716 18.014 -4.100 0.0 -90.0 -125.22
-7.384 20.777 -4.100 0.0 -90.0 -109.57
-1.505 21.999 -4.100 0.0 -90.0 -93.91
4.486 21.589 -4.100 0.0 -90.0 -78.26
10.144 19.578 -4.100 0.0 -90.0 -62.61
15.050 16.115 -4.100 0.0 -90.0 -46.96
18.840 11.457 -4.100 0.0 -90.0 -31.30
21.232 5.949 -4.100 0.0 -90.0 -15.65
22.050 0.000 -4.100 0.0 -90.0 -0.00
21.232 -5.949 0.000 0.0 -90.0 -344.35
18.840 -11.457 0.000 0.0 -90.0 -328.70
15.050 -16.115 0.000 0.0 -90.0 -313.04
10.144 -19.578 0.000 0.0 -90.0 -297.39
4.486 -21.589 0.000 0.0 -90.0 -281.74
-1.505 -21.999 0.000 0.0 -90.0 -266.09
-7.384 -20.777 0.000 0.0 -90.0 -250.43
-12.716 -18.014 0.000 0.0 -90.0 -234.78
-17.104 -13.915 0.000 0.0 -90.0 -219.13
-20.225 -8.785 0.000 0.0 -90.0 -203.48
-21.845 -3.002 0.000 0.0 -90.0 -187.83
-21.845 3.002 0.000 0.0 -90.0 -172.17
-20.225 8.785 0.000 0.0 -90.0 -156.52
-17.104 13.915 0.000 0.0 -90.0 -140.87
-12.716 18.014 0.000 0.0 -90.0 -125.22
-7.384 20.777 0.000 0.0 -90.0 -109.57
-1.505 21.999 0.000 0.0 -90.0 -93.91
4.486 21.589 0.000 0.0 -90.0 -78.26
10.144 19.578 0.000 0.0 -90.0 -62.61
15.050 16.115 0.000 0.0 -90.0 -46.96
18.840 11.457 0.000 0.0 -90.0 -31.30
21.232 5.949 0.000 0.0 -90.0 -15.65
22.050 0.000 0.000 0.0 -90.0 -0.00
21.232 -5.949 4.100 0.0 -90.0 -344.35
18.840 -11.457 4.100 0.0 -90.0 -328.70
15.050 -16.115 4.100 0.0 -90.0 -313.04
10.144 -19.578 4.100 0.0 -90.0 -297.39
4.486 -21.589 4.100 0.0 -90.0 -281.74
-1.505 -21.999 4.100 0.0 -90.0 -266.09
-7.384 -20.777 4.100 0.0 -90.0 -250.43
-12.716 -18.014 4.100 0.0 -90.0 -234.78
-17.104 -13.915 4.100 0.0 -90.0 -219.13
-20.225 -8.785 4.100 0.0 -90.0 -203.48
-21.845 -3.002 4.100 0.0 -90.0 -187.83
-21.845 3.002 4.100 0.0 -90.0 -172.17
-20.225 8.785 4.100 0.0 -90.0 -156.52
-17.104 13.915 4.100 0.0 -90.0 -140.87
-12.716 18.014 4.100 0.0 -90.0 -125.22
-7.384 20.777 4.100 0.0 -90.0 -109.57
-1.505 21.999 4.100 0.0 -90.0 -93.91
4.486 21.589 4.100 0.0 -90.0 -78.26
10.144 19.578 4.100 0.0 -90.0 -62.61
15.050 16.115 4.100 0.0 -90.0 -46.96
18.840 11.457 4.100 0.0 -90.0 -31.30
21.232 5.949 4.100 0.0 -90.0 -15.65
22.050 0.000 4.100 0.0 -90.0 -0.00
21.232 -5.949 8.200 0.0 -90.0 -344.35
18.840 -11.457 8.200 0.0 -90.0 -328.70
15.050 -16.115 8.200 0.0 -90.0 -313.04
10.144 -19.578 8.200 0.0 -90.0 -297.39
4.486 -21.589 8.200 0.0 -90.0 -281.74
-1.505 -21.999 8.200 0.0 -90.0 -266.09
-7.384 -20.777 8.200 0.0 -90.0 -250.43
-12.716 -18.014 8.200 0.0 -90.0 -234.78
-17.104 -13.915 8.200 0.0 -90.0 -219.13
-20.225 -8.785 8.200 0.0 -90.0 -203.48
-21.845 -3.002 8.200 0.0 -90.0 -187.83
-21.845 3.002 8.200 0.0 -90.0 -172.17
-20.225 8.785 8.200 0.0 -90.0 -156.52
-17.104 13.915 8.200 0.0 -90.0 -140.87
-12.716 18.014 8.200 0.0 -90.0 -125.22
-7.384 20.777 8.200 0.0 -90.0 -109.57
-1.505 21.999 8.200 0.0 -90.0 -93.91
4.486 21.589 8.200 0.0 -90.0 -78.26
10.144 19.578 8.200 0.0 -90.0 -62.61
15.050 16.115 8.200 0.0 -90.0 -46.96
18.840 11.457 8.200 0.0 -90.0 -31.30
21.232 5.949 8.200 0.0 -90.0 -15.65
22.050 0.000 8.200 0.0 -90.0 -0.00
