-10.05 -8.2 -8.2
-10.05 -8.2 -4.1
-10.05 -8.2 0.0
-10.05 -8.2 4.1
-10.05 -8.2 8.2
-10.05 -4.1 -8.2
-10.05 -4.1 -4.1
-10.05 -4.1 0.0
-10.05 -4.1 4.1
-10.05 -4.1 8.2
-10.05 0.0 -8.2
-10.05 0.0 -4.1
-10.05 0.0 0.0
-10.05 0.0 4.1
-10.05 0.0 8.2
-10.05 4.1 -8.2
-10.05 4.1 -4.1
-10.05 4.1 0.0
-10.05 4.1 4.1
-10.05 4.1 8.2
-10.05 8.2 -8.2
-10.05 8.2 -4.1
-10.05 8.2 0.0
-10.05 8.2 4.1
-10.05 8.2 8.2
-8.2 -10.05 -8.2
-8.2 -10.05 -4.1
-8.2 -10.05 0.0
-8.2 -10.05 4.1
-8.2 -10.05 8.2
-8.2 -8.2 -10.05
-8.2 -8.2 10.05
-8.2 -4.1 -10.05
-8.2 -4.1 10.05
-8.2 0.0 -10.05
-8.2 0.0 10.05
-8.2 4.1 -10.05
-8.2 4.1 10.05
-8.2 8.2 -10.05
-8.2 8.2 10.05
-8.2 10.05 -8.2
-8.2 10.05 -4.1
-8.2 10.05 0.0
-8.2 10.05 4.1
-8.2 10.05 8.2
-4.1 -10.05 -8.2
-4.1 -10.05 -4.1
-4.1 -10.05 0.0
-4.1 -10.05 4.1
-4.1 -10.05 8.2
-4.1 -8.2 -10.05
-4.1 -8.2 10.05
-4.1 -4.1 -10.05
-4.1 -4.1 10.05
-4.1 0.0 -10.05
-4.1 0.0 10.05
-4.1 4.1 -10.05
-4.1 4.1 10.05
-4.1 8.2 -10.05
-4.1 8.2 10.05
-4.1 10.05 -8.2
-4.1 10.05 -4.1
-4.1 10.05 0.0
-4.1 10.05 4.1
-4.1 10.05 8.2
0.0 -10.05 -8.2
0.0 -10.05 -4.1
0.0 -10.05 0.0
0.0 -10.05 4.1
0.0 -10.05 8.2
0.0 -8.2 -10.05
0.0 -8.2 10.05
0.0 -4.1 -10.05
0.0 -4.1 10.05
0.0 0.0 -10.05
0.0 0.0 10.05
0.0 4.1 -10.05
0.0 4.1 10.05
0.0 8.2 -10.05
0.0 8.2 10.05
0.0 10.05 -8.2
0.0 10.05 -4.1
0.0 10.05 0.0
0.0 10.05 4.1
0.0 10.05 8.2
4.1 -10.05 -8.2
4.1 -10.05 -4.1
4.1 -10.05 0.0
4.1 -10.05 4.1
4.1 -10.05 8.2
4.1 -8.2 -10.05
4.1 -8.2 10.05
4.1 -4.1 -10.05
4.1 -4.1 10.05
4.1 0.0 -10.05
4.1 0.0 10.05
4.1 4.1 -10.05
4.1 4.1 10.05
4.1 8.2 -10.05
4.1 8.2 10.05
4.1 10.05 -8.2
4.1 10.05 -4.1
4.1 10.05 0.0
4.1 10.05 4.1
4.1 10.05 8.2
8.2 -10.05 -8.2
8.2 -10.05 -4.1
8.2 -10.05 0.0
8.2 -10.05 4.1
8.2 -10.05 8.2
8.2 -8.2 -10.05
8.2 -8.2 10.05
8.2 -4.1 -10.05
8.2 -4.1 10.05
8.2 0.0 -10.05
8.2 0.0 10.05
8.2 4.1 -10.05
8.2 4.1 10.05
8.2 8.2 -10.05
8.2 8.2 10.05
8.2 10.05 -8.2
8.2 10.05 -4.1
8.2 10.05 0.0
8.2 10.05 4.1
8.2 10.05 8.2
10.05 -8.2 -8.2
10.05 -8.2 -4.1
10.05 -8.2 0.0
10.05 -8.2 4.1
10.05 -8.2 8.2
10.05 -4.1 -8.2
10.05 -4.1 -4.1
10.05 -4.1 0.0
10.05 -4.1 4.1
10.05 -4.1 8.2
10.05 0.0 -8.2
10.05 0.0 -4.1
10.05 0.0 0.0
10.05 0.0 4.1
10.05 0.0 8.2
10.05 4.1 -8.2
10.05 4.1 -4.1
10.05 4.1 0.0
10.05 4.1 4.1
10.05 4.1 8.2
10.05 8.2 -8.2
10.05 8.2 -4.1
10.05 8.2 0.0
10.05 8.2 4.1
10.05 8.2 8.2
