49.186 -9.784 -8.200 -0.0 -90 -348.75
67.404 -19.792 -8.200 -0.0 -90 -343.64
59.098 -37.980 -8.200 -0.0 -90 -327.27
41.698 -27.862 -8.200 -0.0 -90 -326.25
23.020 -19.316 -8.200 -0.0 -90 -320.00
46.004 -53.091 -8.200 -0.0 -90 -310.91
27.862 -41.698 -8.200 -0.0 -90 -303.75
29.183 -63.902 -8.200 -0.0 -90 -294.55
9.784 -49.186 -8.200 -0.0 -90 -281.25
5.218 -29.593 -8.200 -0.0 -90 -280.00
9.998 -69.535 -8.200 -0.0 -90 -278.18
-9.998 -69.535 -8.200 -0.0 -90 -261.82
-9.784 -49.186 -8.200 -0.0 -90 -258.75
-29.183 -63.902 -8.200 -0.0 -90 -245.45
-15.025 -26.024 -8.200 -0.0 -90 -240.00
-27.862 -41.698 -8.200 -0.0 -90 -236.25
-46.004 -53.091 -8.200 -0.0 -90 -229.09
-41.698 -27.862 -8.200 -0.0 -90 -213.75
-59.098 -37.980 -8.200 -0.0 -90 -212.73
-28.238 -10.278 -8.200 -0.0 -90 -200.00
-67.404 -19.792 -8.200 -0.0 -90 -196.36
-49.186 -9.784 -8.200 -0.0 -90 -191.25
-70.250 0.000 -8.200 -0.0 -90 -180.00
-49.186 9.784 -8.200 -0.0 -90 -168.75
-67.404 19.792 -8.200 -0.0 -90 -163.64
-28.238 10.278 -8.200 -0.0 -90 -160.00
-59.098 37.980 -8.200 -0.0 -90 -147.27
-41.698 27.862 -8.200 -0.0 -90 -146.25
-46.004 53.091 -8.200 -0.0 -90 -130.91
-27.862 41.698 -8.200 -0.0 -90 -123.75
-15.025 26.024 -8.200 -0.0 -90 -120.00
-29.183 63.902 -8.200 -0.0 -90 -114.55
-9.784 49.186 -8.200 -0.0 -90 -101.25
-9.998 69.535 -8.200 -0.0 -90 -98.18
9.998 69.535 -8.200 -0.0 -90 -81.82
5.218 29.593 -8.200 -0.0 -90 -80.00
9.784 49.186 -8.200 -0.0 -90 -78.75
29.183 63.902 -8.200 -0.0 -90 -65.45
27.862 41.698 -8.200 -0.0 -90 -56.25
46.004 53.091 -8.200 -0.0 -90 -49.09
23.020 19.316 -8.200 -0.0 -90 -40.00
41.698 27.862 -8.200 -0.0 -90 -33.75
59.098 37.980 -8.200 -0.0 -90 -32.73
67.404 19.792 -8.200 -0.0 -90 -16.36
49.186 9.784 -8.200 -0.0 -90 -11.25
30.050 0.000 -8.200 -0.0 -90 -0.00
70.250 0.000 -8.200 -0.0 -90 -0.00
49.186 -9.784 -4.100 -0.0 -90 -348.75
67.404 -19.792 -4.100 -0.0 -90 -343.64
59.098 -37.980 -4.100 -0.0 -90 -327.27
41.698 -27.862 -4.100 -0.0 -90 -326.25
23.020 -19.316 -4.100 -0.0 -90 -320.00
46.004 -53.091 -4.100 -0.0 -90 -310.91
27.862 -41.698 -4.100 -0.0 -90 -303.75
29.183 -63.902 -4.100 -0.0 -90 -294.55
9.784 -49.186 -4.100 -0.0 -90 -281.25
5.218 -29.593 -4.100 -0.0 -90 -280.00
9.998 -69.535 -4.100 -0.0 -90 -278.18
-9.998 -69.535 -4.100 -0.0 -90 -261.82
-9.784 -49.186 -4.100 -0.0 -90 -258.75
-29.183 -63.902 -4.100 -0.0 -90 -245.45
-15.025 -26.024 -4.100 -0.0 -90 -240.00
-27.862 -41.698 -4.100 -0.0 -90 -236.25
-46.004 -53.091 -4.100 -0.0 -90 -229.09
-41.698 -27.862 -4.100 -0.0 -90 -213.75
-59.098 -37.980 -4.100 -0.0 -90 -212.73
-28.238 -10.278 -4.100 -0.0 -90 -200.00
-67.404 -19.792 -4.100 -0.0 -90 -196.36
-49.186 -9.784 -4.100 -0.0 -90 -191.25
-70.250 0.000 -4.100 -0.0 -90 -180.00
-49.186 9.784 -4.100 -0.0 -90 -168.75
-67.404 19.792 -4.100 -0.0 -90 -163.64
-28.238 10.278 -4.100 -0.0 -90 -160.00
-59.098 37.980 -4.100 -0.0 -90 -147.27
-41.698 27.862 -4.100 -0.0 -90 -146.25
-46.004 53.091 -4.100 -0.0 -90 -130.91
-27.862 41.698 -4.100 -0.0 -90 -123.75
-15.025 26.024 -4.100 -0.0 -90 -120.00
-29.183 63.902 -4.100 -0.0 -90 -114.55
-9.784 49.186 -4.100 -0.0 -90 -101.25
-9.998 69.535 -4.100 -0.0 -90 -98.18
9.998 69.535 -4.100 -0.0 -90 -81.82
5.218 29.593 -4.100 -0.0 -90 -80.00
9.784 49.186 -4.100 -0.0 -90 -78.75
29.183 63.902 -4.100 -0.0 -90 -65.45
27.862 41.698 -4.100 -0.0 -90 -56.25
46.004 53.091 -4.100 -0.0 -90 -49.09
23.020 19.316 -4.100 -0.0 -90 -40.00
41.698 27.862 -4.100 -0.0 -90 -33.75
59.098 37.980 -4.100 -0.0 -90 -32.73
67.404 19.792 -4.100 -0.0 -90 -16.36
49.186 9.784 -4.100 -0.0 -90 -11.25
30.050 0.000 -4.100 -0.0 -90 -0.00
70.250 0.000 -4.100 -0.0 -90 -0.00
49.186 -9.784 0.000 -0.0 -90 -348.75
67.404 -19.792 0.000 -0.0 -90 -343.64
59.098 -37.980 0.000 -0.0 -90 -327.27
41.698 -27.862 0.000 -0.0 -90 -326.25
23.020 -19.316 0.000 -0.0 -90 -320.00
46.004 -53.091 0.000 -0.0 -90 -310.91
27.862 -41.698 0.000 -0.0 -90 -303.75
29.183 -63.902 0.000 -0.0 -90 -294.55
9.784 -49.186 0.000 -0.0 -90 -281.25
5.218 -29.593 0.000 -0.0 -90 -280.00
9.998 -69.535 0.000 -0.0 -90 -278.18
-9.998 -69.535 0.000 -0.0 -90 -261.82
-9.784 -49.186 0.000 -0.0 -90 -258.75
-29.183 -63.902 0.000 -0.0 -90 -245.45
-15.025 -26.024 0.000 -0.0 -90 -240.00
-27.862 -41.698 0.000 -0.0 -90 -236.25
-46.004 -53.091 0.000 -0.0 -90 -229.09
-41.698 -27.862 0.000 -0.0 -90 -213.75
-59.098 -37.980 0.000 -0.0 -90 -212.73
-28.238 -10.278 0.000 -0.0 -90 -200.00
-67.404 -19.792 0.000 -0.0 -90 -196.36
-49.186 -9.784 0.000 -0.0 -90 -191.25
-70.250 0.000 0.000 -0.0 -90 -180.00
-49.186 9.784 0.000 -0.0 -90 -168.75
-67.404 19.792 0.000 -0.0 -90 -163.64
-28.238 10.278 0.000 -0.0 -90 -160.00
-59.098 37.980 0.000 -0.0 -90 -147.27
-41.698 27.862 0.000 -0.0 -90 -146.25
-46.004 53.091 0.000 -0.0 -90 -130.91
-27.862 41.698 0.000 -0.0 -90 -123.75
-15.025 26.024 0.000 -0.0 -90 -120.00
-29.183 63.902 0.000 -0.0 -90 -114.55
-9.784 49.186 0.000 -0.0 -90 -101.25
-9.998 69.535 0.000 -0.0 -90 -98.18
9.998 69.535 0.000 -0.0 -90 -81.82
5.218 29.593 0.000 -0.0 -90 -80.00
9.784 49.186 0.000 -0.0 -90 -78.75
29.183 63.902 0.000 -0.0 -90 -65.45
27.862 41.698 0.000 -0.0 -90 -56.25
46.004 53.091 0.000 -0.0 -90 -49.09
23.020 19.316 0.000 -0.0 -90 -40.00
41.698 27.862 0.000 -0.0 -90 -33.75
59.098 37.980 0.000 -0.0 -90 -32.73
67.404 19.792 0.000 -0.0 -90 -16.36
49.186 9.784 0.000 -0.0 -90 -11.25
30.050 0.000 0.000 -0.0 -90 -0.00
70.250 0.000 0.000 -0.0 -90 -0.00
49.186 -9.784 4.100 -0.0 -90 -348.75
67.404 -19.792 4.100 -0.0 -90 -343.64
59.098 -37.980 4.100 -0.0 -90 -327.27
41.698 -27.862 4.100 -0.0 -90 -326.25
23.020 -19.316 4.100 -0.0 -90 -320.00
46.004 -53.091 4.100 -0.0 -90 -310.91
27.862 -41.698 4.100 -0.0 -90 -303.75
29.183 -63.902 4.100 -0.0 -90 -294.55
9.784 -49.186 4.100 -0.0 -90 -281.25
5.218 -29.593 4.100 -0.0 -90 -280.00
9.998 -69.535 4.100 -0.0 -90 -278.18
-9.998 -69.535 4.100 -0.0 -90 -261.82
-9.784 -49.186 4.100 -0.0 -90 -258.75
-29.183 -63.902 4.100 -0.0 -90 -245.45
-15.025 -26.024 4.100 -0.0 -90 -240.00
-27.862 -41.698 4.100 -0.0 -90 -236.25
-46.004 -53.091 4.100 -0.0 -90 -229.09
-41.698 -27.862 4.100 -0.0 -90 -213.75
-59.098 -37.980 4.100 -0.0 -90 -212.73
-28.238 -10.278 4.100 -0.0 -90 -200.00
-67.404 -19.792 4.100 -0.0 -90 -196.36
-49.186 -9.784 4.100 -0.0 -90 -191.25
-70.250 0.000 4.100 -0.0 -90 -180.00
-49.186 9.784 4.100 -0.0 -90 -168.75
-67.404 19.792 4.100 -0.0 -90 -163.64
-28.238 10.278 4.100 -0.0 -90 -160.00
-59.098 37.980 4.100 -0.0 -90 -147.27
-41.698 27.862 4.100 -0.0 -90 -146.25
-46.004 53.091 4.100 -0.0 -90 -130.91
-27.862 41.698 4.100 -0.0 -90 -123.75
-15.025 26.024 4.100 -0.0 -90 -120.00
-29.183 63.902 4.100 -0.0 -90 -114.55
-9.784 49.186 4.100 -0.0 -90 -101.25
-9.998 69.535 4.100 -0.0 -90 -98.18
9.998 69.535 4.100 -0.0 -90 -81.82
5.218 29.593 4.100 -0.0 -90 -80.00
9.784 49.186 4.100 -0.0 -90 -78.75
29.183 63.902 4.100 -0.0 -90 -65.45
27.862 41.698 4.100 -0.0 -90 -56.25
46.004 53.091 4.100 -0.0 -90 -49.09
23.020 19.316 4.100 -0.0 -90 -40.00
41.698 27.862 4.100 -0.0 -90 -33.75
59.098 37.980 4.100 -0.0 -90 -32.73
67.404 19.792 4.100 -0.0 -90 -16.36
49.186 9.784 4.100 -0.0 -90 -11.25
30.050 0.000 4.100 -0.0 -90 -0.00
70.250 0.000 4.100 -0.0 -90 -0.00
49.186 -9.784 8.200 -0.0 -90 -348.75
67.404 -19.792 8.200 -0.0 -90 -343.64
59.098 -37.980 8.200 -0.0 -90 -327.27
41.698 -27.862 8.200 -0.0 -90 -326.25
23.020 -19.316 8.200 -0.0 -90 -320.00
46.004 -53.091 8.200 -0.0 -90 -310.91
27.862 -41.698 8.200 -0.0 -90 -303.75
29.183 -63.902 8.200 -0.0 -90 -294.55
9.784 -49.186 8.200 -0.0 -90 -281.25
5.218 -29.593 8.200 -0.0 -90 -280.00
9.998 -69.535 8.200 -0.0 -90 -278.18
-9.998 -69.535 8.200 -0.0 -90 -261.82
-9.784 -49.186 8.200 -0.0 -90 -258.75
-29.183 -63.902 8.200 -0.0 -90 -245.45
-15.025 -26.024 8.200 -0.0 -90 -240.00
-27.862 -41.698 8.200 -0.0 -90 -236.25
-46.004 -53.091 8.200 -0.0 -90 -229.09
-41.698 -27.862 8.200 -0.0 -90 -213.75
-59.098 -37.980 8.200 -0.0 -90 -212.73
-28.238 -10.278 8.200 -0.0 -90 -200.00
-67.404 -19.792 8.200 -0.0 -90 -196.36
-49.186 -9.784 8.200 -0.0 -90 -191.25
-70.250 0.000 8.200 -0.0 -90 -180.00
-49.186 9.784 8.200 -0.0 -90 -168.75
-67.404 19.792 8.200 -0.0 -90 -163.64
-28.238 10.278 8.200 -0.0 -90 -160.00
-59.098 37.980 8.200 -0.0 -90 -147.27
-41.698 27.862 8.200 -0.0 -90 -146.25
-46.004 53.091 8.200 -0.0 -90 -130.91
-27.862 41.698 8.200 -0.0 -90 -123.75
-15.025 26.024 8.200 -0.0 -90 -120.00
-29.183 63.902 8.200 -0.0 -90 -114.55
-9.784 49.186 8.200 -0.0 -90 -101.25
-9.998 69.535 8.200 -0.0 -90 -98.18
9.998 69.535 8.200 -0.0 -90 -81.82
5.218 29.593 8.200 -0.0 -90 -80.00
9.784 49.186 8.200 -0.0 -90 -78.75
29.183 63.902 8.200 -0.0 -90 -65.45
27.862 41.698 8.200 -0.0 -90 -56.25
46.004 53.091 8.200 -0.0 -90 -49.09
23.020 19.316 8.200 -0.0 -90 -40.00
41.698 27.862 8.200 -0.0 -90 -33.75
59.098 37.980 8.200 -0.0 -90 -32.73
67.404 19.792 8.200 -0.0 -90 -16.36
49.186 9.784 8.200 -0.0 -90 -11.25
30.050 0.000 8.200 -0.0 -90 -0.00
70.250 0.000 8.200 -0.0 -90 -0.00
