202.050 0.000 -28.700 45.0 -90 0.00
221.694 14.233 -28.700 45.0 -90 3.67
200.084 28.120 -28.700 45.0 -90 8.00
218.053 42.466 -28.700 45.0 -90 11.02
194.223 55.693 -28.700 45.0 -90 16.00
210.833 70.001 -28.700 45.0 -90 18.37
184.582 82.181 -28.700 45.0 -90 24.00
200.150 96.387 -28.700 45.0 -90 25.71
171.348 107.070 -28.700 45.0 -90 32.00
186.181 121.191 -28.700 45.0 -90 33.06
154.779 129.875 -28.700 45.0 -90 40.00
169.155 144.004 -28.700 45.0 -90 40.41
149.352 164.453 -28.700 45.0 -90 47.76
135.198 150.152 -28.700 45.0 -90 48.00
127.096 182.201 -28.700 45.0 -90 55.10
112.985 167.507 -28.700 45.0 -90 56.00
102.753 196.958 -28.700 45.0 -90 62.45
88.573 181.601 -28.700 45.0 -90 64.00
76.723 208.481 -28.700 45.0 -90 69.80
62.437 192.161 -28.700 45.0 -90 72.00
49.433 216.580 -28.700 45.0 -90 77.14
35.086 198.980 -28.700 45.0 -90 80.00
21.332 221.123 -28.700 45.0 -90 84.49
7.051 201.927 -28.700 45.0 -90 88.00
-7.120 222.036 -28.700 45.0 -90 91.84
-21.120 200.943 -28.700 45.0 -90 96.00
-35.455 219.302 -28.700 45.0 -90 99.18
-48.880 196.048 -28.700 45.0 -90 104.00
-63.208 212.968 -28.700 45.0 -90 106.53
-75.689 187.337 -28.700 45.0 -90 112.00
-89.923 203.137 -28.700 45.0 -90 113.88
-101.025 174.980 -28.700 45.0 -90 120.00
-115.161 189.970 -28.700 45.0 -90 121.22
-124.394 159.218 -28.700 45.0 -90 128.00
-138.508 173.684 -28.700 45.0 -90 128.57
-159.581 154.546 -28.700 45.0 -90 135.92
-145.343 140.356 -28.700 45.0 -90 136.00
-178.034 132.870 -28.700 45.0 -90 143.27
-163.462 118.762 -28.700 45.0 -90 144.00
-193.563 109.013 -28.700 45.0 -90 150.61
-178.400 94.857 -28.700 45.0 -90 152.00
-205.915 83.366 -28.700 45.0 -90 157.96
-189.865 69.105 -28.700 45.0 -90 160.00
-214.885 56.349 -28.700 45.0 -90 165.31
-197.635 42.009 -28.700 45.0 -90 168.00
-220.326 28.408 -28.700 45.0 -90 172.65
-201.558 14.094 -28.700 45.0 -90 176.00
-222.150 0.000 -28.700 45.0 -90 180.00
-201.558 -14.094 -28.700 45.0 -90 184.00
-220.326 -28.408 -28.700 45.0 -90 187.35
-197.635 -42.009 -28.700 45.0 -90 192.00
-214.885 -56.349 -28.700 45.0 -90 194.69
-189.865 -69.105 -28.700 45.0 -90 200.00
-205.915 -83.366 -28.700 45.0 -90 202.04
-178.400 -94.857 -28.700 45.0 -90 208.00
-193.563 -109.013 -28.700 45.0 -90 209.39
-163.462 -118.762 -28.700 45.0 -90 216.00
-178.034 -132.870 -28.700 45.0 -90 216.73
-145.343 -140.356 -28.700 45.0 -90 224.00
-159.581 -154.546 -28.700 45.0 -90 224.08
-138.508 -173.684 -28.700 45.0 -90 231.43
-124.394 -159.218 -28.700 45.0 -90 232.00
-115.161 -189.970 -28.700 45.0 -90 238.78
-101.025 -174.980 -28.700 45.0 -90 240.00
-89.923 -203.137 -28.700 45.0 -90 246.12
-75.689 -187.337 -28.700 45.0 -90 248.00
-63.208 -212.968 -28.700 45.0 -90 253.47
-48.880 -196.048 -28.700 45.0 -90 256.00
-35.455 -219.302 -28.700 45.0 -90 260.82
-21.120 -200.943 -28.700 45.0 -90 264.00
-7.120 -222.036 -28.700 45.0 -90 268.16
7.051 -201.927 -28.700 45.0 -90 272.00
21.332 -221.123 -28.700 45.0 -90 275.51
35.086 -198.980 -28.700 45.0 -90 280.00
49.433 -216.580 -28.700 45.0 -90 282.86
62.437 -192.161 -28.700 45.0 -90 288.00
76.723 -208.481 -28.700 45.0 -90 290.20
88.573 -181.601 -28.700 45.0 -90 296.00
102.753 -196.958 -28.700 45.0 -90 297.55
112.985 -167.507 -28.700 45.0 -90 304.00
127.096 -182.201 -28.700 45.0 -90 304.90
135.198 -150.152 -28.700 45.0 -90 312.00
149.352 -164.453 -28.700 45.0 -90 312.24
169.155 -144.004 -28.700 45.0 -90 319.59
154.779 -129.875 -28.700 45.0 -90 320.00
186.181 -121.191 -28.700 45.0 -90 326.94
171.348 -107.070 -28.700 45.0 -90 328.00
200.150 -96.387 -28.700 45.0 -90 334.29
184.582 -82.181 -28.700 45.0 -90 336.00
210.833 -70.001 -28.700 45.0 -90 341.63
194.223 -55.693 -28.700 45.0 -90 344.00
218.053 -42.466 -28.700 45.0 -90 348.98
200.084 -28.120 -28.700 45.0 -90 352.00
221.694 -14.233 -28.700 45.0 -90 356.33
202.050 0.000 -24.600 45.0 -90 0.00
221.694 14.233 -24.600 45.0 -90 3.67
200.084 28.120 -24.600 45.0 -90 8.00
218.053 42.466 -24.600 45.0 -90 11.02
194.223 55.693 -24.600 45.0 -90 16.00
210.833 70.001 -24.600 45.0 -90 18.37
184.582 82.181 -24.600 45.0 -90 24.00
200.150 96.387 -24.600 45.0 -90 25.71
171.348 107.070 -24.600 45.0 -90 32.00
186.181 121.191 -24.600 45.0 -90 33.06
154.779 129.875 -24.600 45.0 -90 40.00
169.155 144.004 -24.600 45.0 -90 40.41
149.352 164.453 -24.600 45.0 -90 47.76
135.198 150.152 -24.600 45.0 -90 48.00
127.096 182.201 -24.600 45.0 -90 55.10
112.985 167.507 -24.600 45.0 -90 56.00
102.753 196.958 -24.600 45.0 -90 62.45
88.573 181.601 -24.600 45.0 -90 64.00
76.723 208.481 -24.600 45.0 -90 69.80
62.437 192.161 -24.600 45.0 -90 72.00
49.433 216.580 -24.600 45.0 -90 77.14
35.086 198.980 -24.600 45.0 -90 80.00
21.332 221.123 -24.600 45.0 -90 84.49
7.051 201.927 -24.600 45.0 -90 88.00
-7.120 222.036 -24.600 45.0 -90 91.84
-21.120 200.943 -24.600 45.0 -90 96.00
-35.455 219.302 -24.600 45.0 -90 99.18
-48.880 196.048 -24.600 45.0 -90 104.00
-63.208 212.968 -24.600 45.0 -90 106.53
-75.689 187.337 -24.600 45.0 -90 112.00
-89.923 203.137 -24.600 45.0 -90 113.88
-101.025 174.980 -24.600 45.0 -90 120.00
-115.161 189.970 -24.600 45.0 -90 121.22
-124.394 159.218 -24.600 45.0 -90 128.00
-138.508 173.684 -24.600 45.0 -90 128.57
-159.581 154.546 -24.600 45.0 -90 135.92
-145.343 140.356 -24.600 45.0 -90 136.00
-178.034 132.870 -24.600 45.0 -90 143.27
-163.462 118.762 -24.600 45.0 -90 144.00
-193.563 109.013 -24.600 45.0 -90 150.61
-178.400 94.857 -24.600 45.0 -90 152.00
-205.915 83.366 -24.600 45.0 -90 157.96
-189.865 69.105 -24.600 45.0 -90 160.00
-214.885 56.349 -24.600 45.0 -90 165.31
-197.635 42.009 -24.600 45.0 -90 168.00
-220.326 28.408 -24.600 45.0 -90 172.65
-201.558 14.094 -24.600 45.0 -90 176.00
-222.150 0.000 -24.600 45.0 -90 180.00
-201.558 -14.094 -24.600 45.0 -90 184.00
-220.326 -28.408 -24.600 45.0 -90 187.35
-197.635 -42.009 -24.600 45.0 -90 192.00
-214.885 -56.349 -24.600 45.0 -90 194.69
-189.865 -69.105 -24.600 45.0 -90 200.00
-205.915 -83.366 -24.600 45.0 -90 202.04
-178.400 -94.857 -24.600 45.0 -90 208.00
-193.563 -109.013 -24.600 45.0 -90 209.39
-163.462 -118.762 -24.600 45.0 -90 216.00
-178.034 -132.870 -24.600 45.0 -90 216.73
-145.343 -140.356 -24.600 45.0 -90 224.00
-159.581 -154.546 -24.600 45.0 -90 224.08
-138.508 -173.684 -24.600 45.0 -90 231.43
-124.394 -159.218 -24.600 45.0 -90 232.00
-115.161 -189.970 -24.600 45.0 -90 238.78
-101.025 -174.980 -24.600 45.0 -90 240.00
-89.923 -203.137 -24.600 45.0 -90 246.12
-75.689 -187.337 -24.600 45.0 -90 248.00
-63.208 -212.968 -24.600 45.0 -90 253.47
-48.880 -196.048 -24.600 45.0 -90 256.00
-35.455 -219.302 -24.600 45.0 -90 260.82
-21.120 -200.943 -24.600 45.0 -90 264.00
-7.120 -222.036 -24.600 45.0 -90 268.16
7.051 -201.927 -24.600 45.0 -90 272.00
21.332 -221.123 -24.600 45.0 -90 275.51
35.086 -198.980 -24.600 45.0 -90 280.00
49.433 -216.580 -24.600 45.0 -90 282.86
62.437 -192.161 -24.600 45.0 -90 288.00
76.723 -208.481 -24.600 45.0 -90 290.20
88.573 -181.601 -24.600 45.0 -90 296.00
102.753 -196.958 -24.600 45.0 -90 297.55
112.985 -167.507 -24.600 45.0 -90 304.00
127.096 -182.201 -24.600 45.0 -90 304.90
135.198 -150.152 -24.600 45.0 -90 312.00
149.352 -164.453 -24.600 45.0 -90 312.24
169.155 -144.004 -24.600 45.0 -90 319.59
154.779 -129.875 -24.600 45.0 -90 320.00
186.181 -121.191 -24.600 45.0 -90 326.94
171.348 -107.070 -24.600 45.0 -90 328.00
200.150 -96.387 -24.600 45.0 -90 334.29
184.582 -82.181 -24.600 45.0 -90 336.00
210.833 -70.001 -24.600 45.0 -90 341.63
194.223 -55.693 -24.600 45.0 -90 344.00
218.053 -42.466 -24.600 45.0 -90 348.98
200.084 -28.120 -24.600 45.0 -90 352.00
221.694 -14.233 -24.600 45.0 -90 356.33
202.050 0.000 -20.500 45.0 -90 0.00
221.694 14.233 -20.500 45.0 -90 3.67
200.084 28.120 -20.500 45.0 -90 8.00
218.053 42.466 -20.500 45.0 -90 11.02
194.223 55.693 -20.500 45.0 -90 16.00
210.833 70.001 -20.500 45.0 -90 18.37
184.582 82.181 -20.500 45.0 -90 24.00
200.150 96.387 -20.500 45.0 -90 25.71
171.348 107.070 -20.500 45.0 -90 32.00
186.181 121.191 -20.500 45.0 -90 33.06
154.779 129.875 -20.500 45.0 -90 40.00
169.155 144.004 -20.500 45.0 -90 40.41
149.352 164.453 -20.500 45.0 -90 47.76
135.198 150.152 -20.500 45.0 -90 48.00
127.096 182.201 -20.500 45.0 -90 55.10
112.985 167.507 -20.500 45.0 -90 56.00
102.753 196.958 -20.500 45.0 -90 62.45
88.573 181.601 -20.500 45.0 -90 64.00
76.723 208.481 -20.500 45.0 -90 69.80
62.437 192.161 -20.500 45.0 -90 72.00
49.433 216.580 -20.500 45.0 -90 77.14
35.086 198.980 -20.500 45.0 -90 80.00
21.332 221.123 -20.500 45.0 -90 84.49
7.051 201.927 -20.500 45.0 -90 88.00
-7.120 222.036 -20.500 45.0 -90 91.84
-21.120 200.943 -20.500 45.0 -90 96.00
-35.455 219.302 -20.500 45.0 -90 99.18
-48.880 196.048 -20.500 45.0 -90 104.00
-63.208 212.968 -20.500 45.0 -90 106.53
-75.689 187.337 -20.500 45.0 -90 112.00
-89.923 203.137 -20.500 45.0 -90 113.88
-101.025 174.980 -20.500 45.0 -90 120.00
-115.161 189.970 -20.500 45.0 -90 121.22
-124.394 159.218 -20.500 45.0 -90 128.00
-138.508 173.684 -20.500 45.0 -90 128.57
-159.581 154.546 -20.500 45.0 -90 135.92
-145.343 140.356 -20.500 45.0 -90 136.00
-178.034 132.870 -20.500 45.0 -90 143.27
-163.462 118.762 -20.500 45.0 -90 144.00
-193.563 109.013 -20.500 45.0 -90 150.61
-178.400 94.857 -20.500 45.0 -90 152.00
-205.915 83.366 -20.500 45.0 -90 157.96
-189.865 69.105 -20.500 45.0 -90 160.00
-214.885 56.349 -20.500 45.0 -90 165.31
-197.635 42.009 -20.500 45.0 -90 168.00
-220.326 28.408 -20.500 45.0 -90 172.65
-201.558 14.094 -20.500 45.0 -90 176.00
-222.150 0.000 -20.500 45.0 -90 180.00
-201.558 -14.094 -20.500 45.0 -90 184.00
-220.326 -28.408 -20.500 45.0 -90 187.35
-197.635 -42.009 -20.500 45.0 -90 192.00
-214.885 -56.349 -20.500 45.0 -90 194.69
-189.865 -69.105 -20.500 45.0 -90 200.00
-205.915 -83.366 -20.500 45.0 -90 202.04
-178.400 -94.857 -20.500 45.0 -90 208.00
-193.563 -109.013 -20.500 45.0 -90 209.39
-163.462 -118.762 -20.500 45.0 -90 216.00
-178.034 -132.870 -20.500 45.0 -90 216.73
-145.343 -140.356 -20.500 45.0 -90 224.00
-159.581 -154.546 -20.500 45.0 -90 224.08
-138.508 -173.684 -20.500 45.0 -90 231.43
-124.394 -159.218 -20.500 45.0 -90 232.00
-115.161 -189.970 -20.500 45.0 -90 238.78
-101.025 -174.980 -20.500 45.0 -90 240.00
-89.923 -203.137 -20.500 45.0 -90 246.12
-75.689 -187.337 -20.500 45.0 -90 248.00
-63.208 -212.968 -20.500 45.0 -90 253.47
-48.880 -196.048 -20.500 45.0 -90 256.00
-35.455 -219.302 -20.500 45.0 -90 260.82
-21.120 -200.943 -20.500 45.0 -90 264.00
-7.120 -222.036 -20.500 45.0 -90 268.16
7.051 -201.927 -20.500 45.0 -90 272.00
21.332 -221.123 -20.500 45.0 -90 275.51
35.086 -198.980 -20.500 45.0 -90 280.00
49.433 -216.580 -20.500 45.0 -90 282.86
62.437 -192.161 -20.500 45.0 -90 288.00
76.723 -208.481 -20.500 45.0 -90 290.20
88.573 -181.601 -20.500 45.0 -90 296.00
102.753 -196.958 -20.500 45.0 -90 297.55
112.985 -167.507 -20.500 45.0 -90 304.00
127.096 -182.201 -20.500 45.0 -90 304.90
135.198 -150.152 -20.500 45.0 -90 312.00
149.352 -164.453 -20.500 45.0 -90 312.24
169.155 -144.004 -20.500 45.0 -90 319.59
154.779 -129.875 -20.500 45.0 -90 320.00
186.181 -121.191 -20.500 45.0 -90 326.94
171.348 -107.070 -20.500 45.0 -90 328.00
200.150 -96.387 -20.500 45.0 -90 334.29
184.582 -82.181 -20.500 45.0 -90 336.00
210.833 -70.001 -20.500 45.0 -90 341.63
194.223 -55.693 -20.500 45.0 -90 344.00
218.053 -42.466 -20.500 45.0 -90 348.98
200.084 -28.120 -20.500 45.0 -90 352.00
221.694 -14.233 -20.500 45.0 -90 356.33
202.050 0.000 -16.400 45.0 -90 0.00
221.694 14.233 -16.400 45.0 -90 3.67
200.084 28.120 -16.400 45.0 -90 8.00
218.053 42.466 -16.400 45.0 -90 11.02
194.223 55.693 -16.400 45.0 -90 16.00
210.833 70.001 -16.400 45.0 -90 18.37
184.582 82.181 -16.400 45.0 -90 24.00
200.150 96.387 -16.400 45.0 -90 25.71
171.348 107.070 -16.400 45.0 -90 32.00
186.181 121.191 -16.400 45.0 -90 33.06
154.779 129.875 -16.400 45.0 -90 40.00
169.155 144.004 -16.400 45.0 -90 40.41
149.352 164.453 -16.400 45.0 -90 47.76
135.198 150.152 -16.400 45.0 -90 48.00
127.096 182.201 -16.400 45.0 -90 55.10
112.985 167.507 -16.400 45.0 -90 56.00
102.753 196.958 -16.400 45.0 -90 62.45
88.573 181.601 -16.400 45.0 -90 64.00
76.723 208.481 -16.400 45.0 -90 69.80
62.437 192.161 -16.400 45.0 -90 72.00
49.433 216.580 -16.400 45.0 -90 77.14
35.086 198.980 -16.400 45.0 -90 80.00
21.332 221.123 -16.400 45.0 -90 84.49
7.051 201.927 -16.400 45.0 -90 88.00
-7.120 222.036 -16.400 45.0 -90 91.84
-21.120 200.943 -16.400 45.0 -90 96.00
-35.455 219.302 -16.400 45.0 -90 99.18
-48.880 196.048 -16.400 45.0 -90 104.00
-63.208 212.968 -16.400 45.0 -90 106.53
-75.689 187.337 -16.400 45.0 -90 112.00
-89.923 203.137 -16.400 45.0 -90 113.88
-101.025 174.980 -16.400 45.0 -90 120.00
-115.161 189.970 -16.400 45.0 -90 121.22
-124.394 159.218 -16.400 45.0 -90 128.00
-138.508 173.684 -16.400 45.0 -90 128.57
-159.581 154.546 -16.400 45.0 -90 135.92
-145.343 140.356 -16.400 45.0 -90 136.00
-178.034 132.870 -16.400 45.0 -90 143.27
-163.462 118.762 -16.400 45.0 -90 144.00
-193.563 109.013 -16.400 45.0 -90 150.61
-178.400 94.857 -16.400 45.0 -90 152.00
-205.915 83.366 -16.400 45.0 -90 157.96
-189.865 69.105 -16.400 45.0 -90 160.00
-214.885 56.349 -16.400 45.0 -90 165.31
-197.635 42.009 -16.400 45.0 -90 168.00
-220.326 28.408 -16.400 45.0 -90 172.65
-201.558 14.094 -16.400 45.0 -90 176.00
-222.150 0.000 -16.400 45.0 -90 180.00
-201.558 -14.094 -16.400 45.0 -90 184.00
-220.326 -28.408 -16.400 45.0 -90 187.35
-197.635 -42.009 -16.400 45.0 -90 192.00
-214.885 -56.349 -16.400 45.0 -90 194.69
-189.865 -69.105 -16.400 45.0 -90 200.00
-205.915 -83.366 -16.400 45.0 -90 202.04
-178.400 -94.857 -16.400 45.0 -90 208.00
-193.563 -109.013 -16.400 45.0 -90 209.39
-163.462 -118.762 -16.400 45.0 -90 216.00
-178.034 -132.870 -16.400 45.0 -90 216.73
-145.343 -140.356 -16.400 45.0 -90 224.00
-159.581 -154.546 -16.400 45.0 -90 224.08
-138.508 -173.684 -16.400 45.0 -90 231.43
-124.394 -159.218 -16.400 45.0 -90 232.00
-115.161 -189.970 -16.400 45.0 -90 238.78
-101.025 -174.980 -16.400 45.0 -90 240.00
-89.923 -203.137 -16.400 45.0 -90 246.12
-75.689 -187.337 -16.400 45.0 -90 248.00
-63.208 -212.968 -16.400 45.0 -90 253.47
-48.880 -196.048 -16.400 45.0 -90 256.00
-35.455 -219.302 -16.400 45.0 -90 260.82
-21.120 -200.943 -16.400 45.0 -90 264.00
-7.120 -222.036 -16.400 45.0 -90 268.16
7.051 -201.927 -16.400 45.0 -90 272.00
21.332 -221.123 -16.400 45.0 -90 275.51
35.086 -198.980 -16.400 45.0 -90 280.00
49.433 -216.580 -16.400 45.0 -90 282.86
62.437 -192.161 -16.400 45.0 -90 288.00
76.723 -208.481 -16.400 45.0 -90 290.20
88.573 -181.601 -16.400 45.0 -90 296.00
102.753 -196.958 -16.400 45.0 -90 297.55
112.985 -167.507 -16.400 45.0 -90 304.00
127.096 -182.201 -16.400 45.0 -90 304.90
135.198 -150.152 -16.400 45.0 -90 312.00
149.352 -164.453 -16.400 45.0 -90 312.24
169.155 -144.004 -16.400 45.0 -90 319.59
154.779 -129.875 -16.400 45.0 -90 320.00
186.181 -121.191 -16.400 45.0 -90 326.94
171.348 -107.070 -16.400 45.0 -90 328.00
200.150 -96.387 -16.400 45.0 -90 334.29
184.582 -82.181 -16.400 45.0 -90 336.00
210.833 -70.001 -16.400 45.0 -90 341.63
194.223 -55.693 -16.400 45.0 -90 344.00
218.053 -42.466 -16.400 45.0 -90 348.98
200.084 -28.120 -16.400 45.0 -90 352.00
221.694 -14.233 -16.400 45.0 -90 356.33
202.050 0.000 -12.300 45.0 -90 0.00
221.694 14.233 -12.300 45.0 -90 3.67
200.084 28.120 -12.300 45.0 -90 8.00
218.053 42.466 -12.300 45.0 -90 11.02
194.223 55.693 -12.300 45.0 -90 16.00
210.833 70.001 -12.300 45.0 -90 18.37
184.582 82.181 -12.300 45.0 -90 24.00
200.150 96.387 -12.300 45.0 -90 25.71
171.348 107.070 -12.300 45.0 -90 32.00
186.181 121.191 -12.300 45.0 -90 33.06
154.779 129.875 -12.300 45.0 -90 40.00
169.155 144.004 -12.300 45.0 -90 40.41
149.352 164.453 -12.300 45.0 -90 47.76
135.198 150.152 -12.300 45.0 -90 48.00
127.096 182.201 -12.300 45.0 -90 55.10
112.985 167.507 -12.300 45.0 -90 56.00
102.753 196.958 -12.300 45.0 -90 62.45
88.573 181.601 -12.300 45.0 -90 64.00
76.723 208.481 -12.300 45.0 -90 69.80
62.437 192.161 -12.300 45.0 -90 72.00
49.433 216.580 -12.300 45.0 -90 77.14
35.086 198.980 -12.300 45.0 -90 80.00
21.332 221.123 -12.300 45.0 -90 84.49
7.051 201.927 -12.300 45.0 -90 88.00
-7.120 222.036 -12.300 45.0 -90 91.84
-21.120 200.943 -12.300 45.0 -90 96.00
-35.455 219.302 -12.300 45.0 -90 99.18
-48.880 196.048 -12.300 45.0 -90 104.00
-63.208 212.968 -12.300 45.0 -90 106.53
-75.689 187.337 -12.300 45.0 -90 112.00
-89.923 203.137 -12.300 45.0 -90 113.88
-101.025 174.980 -12.300 45.0 -90 120.00
-115.161 189.970 -12.300 45.0 -90 121.22
-124.394 159.218 -12.300 45.0 -90 128.00
-138.508 173.684 -12.300 45.0 -90 128.57
-159.581 154.546 -12.300 45.0 -90 135.92
-145.343 140.356 -12.300 45.0 -90 136.00
-178.034 132.870 -12.300 45.0 -90 143.27
-163.462 118.762 -12.300 45.0 -90 144.00
-193.563 109.013 -12.300 45.0 -90 150.61
-178.400 94.857 -12.300 45.0 -90 152.00
-205.915 83.366 -12.300 45.0 -90 157.96
-189.865 69.105 -12.300 45.0 -90 160.00
-214.885 56.349 -12.300 45.0 -90 165.31
-197.635 42.009 -12.300 45.0 -90 168.00
-220.326 28.408 -12.300 45.0 -90 172.65
-201.558 14.094 -12.300 45.0 -90 176.00
-222.150 0.000 -12.300 45.0 -90 180.00
-201.558 -14.094 -12.300 45.0 -90 184.00
-220.326 -28.408 -12.300 45.0 -90 187.35
-197.635 -42.009 -12.300 45.0 -90 192.00
-214.885 -56.349 -12.300 45.0 -90 194.69
-189.865 -69.105 -12.300 45.0 -90 200.00
-205.915 -83.366 -12.300 45.0 -90 202.04
-178.400 -94.857 -12.300 45.0 -90 208.00
-193.563 -109.013 -12.300 45.0 -90 209.39
-163.462 -118.762 -12.300 45.0 -90 216.00
-178.034 -132.870 -12.300 45.0 -90 216.73
-145.343 -140.356 -12.300 45.0 -90 224.00
-159.581 -154.546 -12.300 45.0 -90 224.08
-138.508 -173.684 -12.300 45.0 -90 231.43
-124.394 -159.218 -12.300 45.0 -90 232.00
-115.161 -189.970 -12.300 45.0 -90 238.78
-101.025 -174.980 -12.300 45.0 -90 240.00
-89.923 -203.137 -12.300 45.0 -90 246.12
-75.689 -187.337 -12.300 45.0 -90 248.00
-63.208 -212.968 -12.300 45.0 -90 253.47
-48.880 -196.048 -12.300 45.0 -90 256.00
-35.455 -219.302 -12.300 45.0 -90 260.82
-21.120 -200.943 -12.300 45.0 -90 264.00
-7.120 -222.036 -12.300 45.0 -90 268.16
7.051 -201.927 -12.300 45.0 -90 272.00
21.332 -221.123 -12.300 45.0 -90 275.51
35.086 -198.980 -12.300 45.0 -90 280.00
49.433 -216.580 -12.300 45.0 -90 282.86
62.437 -192.161 -12.300 45.0 -90 288.00
76.723 -208.481 -12.300 45.0 -90 290.20
88.573 -181.601 -12.300 45.0 -90 296.00
102.753 -196.958 -12.300 45.0 -90 297.55
112.985 -167.507 -12.300 45.0 -90 304.00
127.096 -182.201 -12.300 45.0 -90 304.90
135.198 -150.152 -12.300 45.0 -90 312.00
149.352 -164.453 -12.300 45.0 -90 312.24
169.155 -144.004 -12.300 45.0 -90 319.59
154.779 -129.875 -12.300 45.0 -90 320.00
186.181 -121.191 -12.300 45.0 -90 326.94
171.348 -107.070 -12.300 45.0 -90 328.00
200.150 -96.387 -12.300 45.0 -90 334.29
184.582 -82.181 -12.300 45.0 -90 336.00
210.833 -70.001 -12.300 45.0 -90 341.63
194.223 -55.693 -12.300 45.0 -90 344.00
218.053 -42.466 -12.300 45.0 -90 348.98
200.084 -28.120 -12.300 45.0 -90 352.00
221.694 -14.233 -12.300 45.0 -90 356.33
202.050 0.000 -8.200 45.0 -90 0.00
221.694 14.233 -8.200 45.0 -90 3.67
200.084 28.120 -8.200 45.0 -90 8.00
218.053 42.466 -8.200 45.0 -90 11.02
194.223 55.693 -8.200 45.0 -90 16.00
210.833 70.001 -8.200 45.0 -90 18.37
184.582 82.181 -8.200 45.0 -90 24.00
200.150 96.387 -8.200 45.0 -90 25.71
171.348 107.070 -8.200 45.0 -90 32.00
186.181 121.191 -8.200 45.0 -90 33.06
154.779 129.875 -8.200 45.0 -90 40.00
169.155 144.004 -8.200 45.0 -90 40.41
149.352 164.453 -8.200 45.0 -90 47.76
135.198 150.152 -8.200 45.0 -90 48.00
127.096 182.201 -8.200 45.0 -90 55.10
112.985 167.507 -8.200 45.0 -90 56.00
102.753 196.958 -8.200 45.0 -90 62.45
88.573 181.601 -8.200 45.0 -90 64.00
76.723 208.481 -8.200 45.0 -90 69.80
62.437 192.161 -8.200 45.0 -90 72.00
49.433 216.580 -8.200 45.0 -90 77.14
35.086 198.980 -8.200 45.0 -90 80.00
21.332 221.123 -8.200 45.0 -90 84.49
7.051 201.927 -8.200 45.0 -90 88.00
-7.120 222.036 -8.200 45.0 -90 91.84
-21.120 200.943 -8.200 45.0 -90 96.00
-35.455 219.302 -8.200 45.0 -90 99.18
-48.880 196.048 -8.200 45.0 -90 104.00
-63.208 212.968 -8.200 45.0 -90 106.53
-75.689 187.337 -8.200 45.0 -90 112.00
-89.923 203.137 -8.200 45.0 -90 113.88
-101.025 174.980 -8.200 45.0 -90 120.00
-115.161 189.970 -8.200 45.0 -90 121.22
-124.394 159.218 -8.200 45.0 -90 128.00
-138.508 173.684 -8.200 45.0 -90 128.57
-159.581 154.546 -8.200 45.0 -90 135.92
-145.343 140.356 -8.200 45.0 -90 136.00
-178.034 132.870 -8.200 45.0 -90 143.27
-163.462 118.762 -8.200 45.0 -90 144.00
-193.563 109.013 -8.200 45.0 -90 150.61
-178.400 94.857 -8.200 45.0 -90 152.00
-205.915 83.366 -8.200 45.0 -90 157.96
-189.865 69.105 -8.200 45.0 -90 160.00
-214.885 56.349 -8.200 45.0 -90 165.31
-197.635 42.009 -8.200 45.0 -90 168.00
-220.326 28.408 -8.200 45.0 -90 172.65
-201.558 14.094 -8.200 45.0 -90 176.00
-222.150 0.000 -8.200 45.0 -90 180.00
-201.558 -14.094 -8.200 45.0 -90 184.00
-220.326 -28.408 -8.200 45.0 -90 187.35
-197.635 -42.009 -8.200 45.0 -90 192.00
-214.885 -56.349 -8.200 45.0 -90 194.69
-189.865 -69.105 -8.200 45.0 -90 200.00
-205.915 -83.366 -8.200 45.0 -90 202.04
-178.400 -94.857 -8.200 45.0 -90 208.00
-193.563 -109.013 -8.200 45.0 -90 209.39
-163.462 -118.762 -8.200 45.0 -90 216.00
-178.034 -132.870 -8.200 45.0 -90 216.73
-145.343 -140.356 -8.200 45.0 -90 224.00
-159.581 -154.546 -8.200 45.0 -90 224.08
-138.508 -173.684 -8.200 45.0 -90 231.43
-124.394 -159.218 -8.200 45.0 -90 232.00
-115.161 -189.970 -8.200 45.0 -90 238.78
-101.025 -174.980 -8.200 45.0 -90 240.00
-89.923 -203.137 -8.200 45.0 -90 246.12
-75.689 -187.337 -8.200 45.0 -90 248.00
-63.208 -212.968 -8.200 45.0 -90 253.47
-48.880 -196.048 -8.200 45.0 -90 256.00
-35.455 -219.302 -8.200 45.0 -90 260.82
-21.120 -200.943 -8.200 45.0 -90 264.00
-7.120 -222.036 -8.200 45.0 -90 268.16
7.051 -201.927 -8.200 45.0 -90 272.00
21.332 -221.123 -8.200 45.0 -90 275.51
35.086 -198.980 -8.200 45.0 -90 280.00
49.433 -216.580 -8.200 45.0 -90 282.86
62.437 -192.161 -8.200 45.0 -90 288.00
76.723 -208.481 -8.200 45.0 -90 290.20
88.573 -181.601 -8.200 45.0 -90 296.00
102.753 -196.958 -8.200 45.0 -90 297.55
112.985 -167.507 -8.200 45.0 -90 304.00
127.096 -182.201 -8.200 45.0 -90 304.90
135.198 -150.152 -8.200 45.0 -90 312.00
149.352 -164.453 -8.200 45.0 -90 312.24
169.155 -144.004 -8.200 45.0 -90 319.59
154.779 -129.875 -8.200 45.0 -90 320.00
186.181 -121.191 -8.200 45.0 -90 326.94
171.348 -107.070 -8.200 45.0 -90 328.00
200.150 -96.387 -8.200 45.0 -90 334.29
184.582 -82.181 -8.200 45.0 -90 336.00
210.833 -70.001 -8.200 45.0 -90 341.63
194.223 -55.693 -8.200 45.0 -90 344.00
218.053 -42.466 -8.200 45.0 -90 348.98
200.084 -28.120 -8.200 45.0 -90 352.00
221.694 -14.233 -8.200 45.0 -90 356.33
202.050 0.000 -4.100 45.0 -90 0.00
221.694 14.233 -4.100 45.0 -90 3.67
200.084 28.120 -4.100 45.0 -90 8.00
218.053 42.466 -4.100 45.0 -90 11.02
194.223 55.693 -4.100 45.0 -90 16.00
210.833 70.001 -4.100 45.0 -90 18.37
184.582 82.181 -4.100 45.0 -90 24.00
200.150 96.387 -4.100 45.0 -90 25.71
171.348 107.070 -4.100 45.0 -90 32.00
186.181 121.191 -4.100 45.0 -90 33.06
154.779 129.875 -4.100 45.0 -90 40.00
169.155 144.004 -4.100 45.0 -90 40.41
149.352 164.453 -4.100 45.0 -90 47.76
135.198 150.152 -4.100 45.0 -90 48.00
127.096 182.201 -4.100 45.0 -90 55.10
112.985 167.507 -4.100 45.0 -90 56.00
102.753 196.958 -4.100 45.0 -90 62.45
88.573 181.601 -4.100 45.0 -90 64.00
76.723 208.481 -4.100 45.0 -90 69.80
62.437 192.161 -4.100 45.0 -90 72.00
49.433 216.580 -4.100 45.0 -90 77.14
35.086 198.980 -4.100 45.0 -90 80.00
21.332 221.123 -4.100 45.0 -90 84.49
7.051 201.927 -4.100 45.0 -90 88.00
-7.120 222.036 -4.100 45.0 -90 91.84
-21.120 200.943 -4.100 45.0 -90 96.00
-35.455 219.302 -4.100 45.0 -90 99.18
-48.880 196.048 -4.100 45.0 -90 104.00
-63.208 212.968 -4.100 45.0 -90 106.53
-75.689 187.337 -4.100 45.0 -90 112.00
-89.923 203.137 -4.100 45.0 -90 113.88
-101.025 174.980 -4.100 45.0 -90 120.00
-115.161 189.970 -4.100 45.0 -90 121.22
-124.394 159.218 -4.100 45.0 -90 128.00
-138.508 173.684 -4.100 45.0 -90 128.57
-159.581 154.546 -4.100 45.0 -90 135.92
-145.343 140.356 -4.100 45.0 -90 136.00
-178.034 132.870 -4.100 45.0 -90 143.27
-163.462 118.762 -4.100 45.0 -90 144.00
-193.563 109.013 -4.100 45.0 -90 150.61
-178.400 94.857 -4.100 45.0 -90 152.00
-205.915 83.366 -4.100 45.0 -90 157.96
-189.865 69.105 -4.100 45.0 -90 160.00
-214.885 56.349 -4.100 45.0 -90 165.31
-197.635 42.009 -4.100 45.0 -90 168.00
-220.326 28.408 -4.100 45.0 -90 172.65
-201.558 14.094 -4.100 45.0 -90 176.00
-222.150 0.000 -4.100 45.0 -90 180.00
-201.558 -14.094 -4.100 45.0 -90 184.00
-220.326 -28.408 -4.100 45.0 -90 187.35
-197.635 -42.009 -4.100 45.0 -90 192.00
-214.885 -56.349 -4.100 45.0 -90 194.69
-189.865 -69.105 -4.100 45.0 -90 200.00
-205.915 -83.366 -4.100 45.0 -90 202.04
-178.400 -94.857 -4.100 45.0 -90 208.00
-193.563 -109.013 -4.100 45.0 -90 209.39
-163.462 -118.762 -4.100 45.0 -90 216.00
-178.034 -132.870 -4.100 45.0 -90 216.73
-145.343 -140.356 -4.100 45.0 -90 224.00
-159.581 -154.546 -4.100 45.0 -90 224.08
-138.508 -173.684 -4.100 45.0 -90 231.43
-124.394 -159.218 -4.100 45.0 -90 232.00
-115.161 -189.970 -4.100 45.0 -90 238.78
-101.025 -174.980 -4.100 45.0 -90 240.00
-89.923 -203.137 -4.100 45.0 -90 246.12
-75.689 -187.337 -4.100 45.0 -90 248.00
-63.208 -212.968 -4.100 45.0 -90 253.47
-48.880 -196.048 -4.100 45.0 -90 256.00
-35.455 -219.302 -4.100 45.0 -90 260.82
-21.120 -200.943 -4.100 45.0 -90 264.00
-7.120 -222.036 -4.100 45.0 -90 268.16
7.051 -201.927 -4.100 45.0 -90 272.00
21.332 -221.123 -4.100 45.0 -90 275.51
35.086 -198.980 -4.100 45.0 -90 280.00
49.433 -216.580 -4.100 45.0 -90 282.86
62.437 -192.161 -4.100 45.0 -90 288.00
76.723 -208.481 -4.100 45.0 -90 290.20
88.573 -181.601 -4.100 45.0 -90 296.00
102.753 -196.958 -4.100 45.0 -90 297.55
112.985 -167.507 -4.100 45.0 -90 304.00
127.096 -182.201 -4.100 45.0 -90 304.90
135.198 -150.152 -4.100 45.0 -90 312.00
149.352 -164.453 -4.100 45.0 -90 312.24
169.155 -144.004 -4.100 45.0 -90 319.59
154.779 -129.875 -4.100 45.0 -90 320.00
186.181 -121.191 -4.100 45.0 -90 326.94
171.348 -107.070 -4.100 45.0 -90 328.00
200.150 -96.387 -4.100 45.0 -90 334.29
184.582 -82.181 -4.100 45.0 -90 336.00
210.833 -70.001 -4.100 45.0 -90 341.63
194.223 -55.693 -4.100 45.0 -90 344.00
218.053 -42.466 -4.100 45.0 -90 348.98
200.084 -28.120 -4.100 45.0 -90 352.00
221.694 -14.233 -4.100 45.0 -90 356.33
202.050 0.000 0.000 45.0 -90 0.00
221.694 14.233 0.000 45.0 -90 3.67
200.084 28.120 0.000 45.0 -90 8.00
218.053 42.466 0.000 45.0 -90 11.02
194.223 55.693 0.000 45.0 -90 16.00
210.833 70.001 0.000 45.0 -90 18.37
184.582 82.181 0.000 45.0 -90 24.00
200.150 96.387 0.000 45.0 -90 25.71
171.348 107.070 0.000 45.0 -90 32.00
186.181 121.191 0.000 45.0 -90 33.06
154.779 129.875 0.000 45.0 -90 40.00
169.155 144.004 0.000 45.0 -90 40.41
149.352 164.453 0.000 45.0 -90 47.76
135.198 150.152 0.000 45.0 -90 48.00
127.096 182.201 0.000 45.0 -90 55.10
112.985 167.507 0.000 45.0 -90 56.00
102.753 196.958 0.000 45.0 -90 62.45
88.573 181.601 0.000 45.0 -90 64.00
76.723 208.481 0.000 45.0 -90 69.80
62.437 192.161 0.000 45.0 -90 72.00
49.433 216.580 0.000 45.0 -90 77.14
35.086 198.980 0.000 45.0 -90 80.00
21.332 221.123 0.000 45.0 -90 84.49
7.051 201.927 0.000 45.0 -90 88.00
-7.120 222.036 0.000 45.0 -90 91.84
-21.120 200.943 0.000 45.0 -90 96.00
-35.455 219.302 0.000 45.0 -90 99.18
-48.880 196.048 0.000 45.0 -90 104.00
-63.208 212.968 0.000 45.0 -90 106.53
-75.689 187.337 0.000 45.0 -90 112.00
-89.923 203.137 0.000 45.0 -90 113.88
-101.025 174.980 0.000 45.0 -90 120.00
-115.161 189.970 0.000 45.0 -90 121.22
-124.394 159.218 0.000 45.0 -90 128.00
-138.508 173.684 0.000 45.0 -90 128.57
-159.581 154.546 0.000 45.0 -90 135.92
-145.343 140.356 0.000 45.0 -90 136.00
-178.034 132.870 0.000 45.0 -90 143.27
-163.462 118.762 0.000 45.0 -90 144.00
-193.563 109.013 0.000 45.0 -90 150.61
-178.400 94.857 0.000 45.0 -90 152.00
-205.915 83.366 0.000 45.0 -90 157.96
-189.865 69.105 0.000 45.0 -90 160.00
-214.885 56.349 0.000 45.0 -90 165.31
-197.635 42.009 0.000 45.0 -90 168.00
-220.326 28.408 0.000 45.0 -90 172.65
-201.558 14.094 0.000 45.0 -90 176.00
-222.150 0.000 0.000 45.0 -90 180.00
-201.558 -14.094 0.000 45.0 -90 184.00
-220.326 -28.408 0.000 45.0 -90 187.35
-197.635 -42.009 0.000 45.0 -90 192.00
-214.885 -56.349 0.000 45.0 -90 194.69
-189.865 -69.105 0.000 45.0 -90 200.00
-205.915 -83.366 0.000 45.0 -90 202.04
-178.400 -94.857 0.000 45.0 -90 208.00
-193.563 -109.013 0.000 45.0 -90 209.39
-163.462 -118.762 0.000 45.0 -90 216.00
-178.034 -132.870 0.000 45.0 -90 216.73
-145.343 -140.356 0.000 45.0 -90 224.00
-159.581 -154.546 0.000 45.0 -90 224.08
-138.508 -173.684 0.000 45.0 -90 231.43
-124.394 -159.218 0.000 45.0 -90 232.00
-115.161 -189.970 0.000 45.0 -90 238.78
-101.025 -174.980 0.000 45.0 -90 240.00
-89.923 -203.137 0.000 45.0 -90 246.12
-75.689 -187.337 0.000 45.0 -90 248.00
-63.208 -212.968 0.000 45.0 -90 253.47
-48.880 -196.048 0.000 45.0 -90 256.00
-35.455 -219.302 0.000 45.0 -90 260.82
-21.120 -200.943 0.000 45.0 -90 264.00
-7.120 -222.036 0.000 45.0 -90 268.16
7.051 -201.927 0.000 45.0 -90 272.00
21.332 -221.123 0.000 45.0 -90 275.51
35.086 -198.980 0.000 45.0 -90 280.00
49.433 -216.580 0.000 45.0 -90 282.86
62.437 -192.161 0.000 45.0 -90 288.00
76.723 -208.481 0.000 45.0 -90 290.20
88.573 -181.601 0.000 45.0 -90 296.00
102.753 -196.958 0.000 45.0 -90 297.55
112.985 -167.507 0.000 45.0 -90 304.00
127.096 -182.201 0.000 45.0 -90 304.90
135.198 -150.152 0.000 45.0 -90 312.00
149.352 -164.453 0.000 45.0 -90 312.24
169.155 -144.004 0.000 45.0 -90 319.59
154.779 -129.875 0.000 45.0 -90 320.00
186.181 -121.191 0.000 45.0 -90 326.94
171.348 -107.070 0.000 45.0 -90 328.00
200.150 -96.387 0.000 45.0 -90 334.29
184.582 -82.181 0.000 45.0 -90 336.00
210.833 -70.001 0.000 45.0 -90 341.63
194.223 -55.693 0.000 45.0 -90 344.00
218.053 -42.466 0.000 45.0 -90 348.98
200.084 -28.120 0.000 45.0 -90 352.00
221.694 -14.233 0.000 45.0 -90 356.33
202.050 0.000 4.100 45.0 -90 0.00
221.694 14.233 4.100 45.0 -90 3.67
200.084 28.120 4.100 45.0 -90 8.00
218.053 42.466 4.100 45.0 -90 11.02
194.223 55.693 4.100 45.0 -90 16.00
210.833 70.001 4.100 45.0 -90 18.37
184.582 82.181 4.100 45.0 -90 24.00
200.150 96.387 4.100 45.0 -90 25.71
171.348 107.070 4.100 45.0 -90 32.00
186.181 121.191 4.100 45.0 -90 33.06
154.779 129.875 4.100 45.0 -90 40.00
169.155 144.004 4.100 45.0 -90 40.41
149.352 164.453 4.100 45.0 -90 47.76
135.198 150.152 4.100 45.0 -90 48.00
127.096 182.201 4.100 45.0 -90 55.10
112.985 167.507 4.100 45.0 -90 56.00
102.753 196.958 4.100 45.0 -90 62.45
88.573 181.601 4.100 45.0 -90 64.00
76.723 208.481 4.100 45.0 -90 69.80
62.437 192.161 4.100 45.0 -90 72.00
49.433 216.580 4.100 45.0 -90 77.14
35.086 198.980 4.100 45.0 -90 80.00
21.332 221.123 4.100 45.0 -90 84.49
7.051 201.927 4.100 45.0 -90 88.00
-7.120 222.036 4.100 45.0 -90 91.84
-21.120 200.943 4.100 45.0 -90 96.00
-35.455 219.302 4.100 45.0 -90 99.18
-48.880 196.048 4.100 45.0 -90 104.00
-63.208 212.968 4.100 45.0 -90 106.53
-75.689 187.337 4.100 45.0 -90 112.00
-89.923 203.137 4.100 45.0 -90 113.88
-101.025 174.980 4.100 45.0 -90 120.00
-115.161 189.970 4.100 45.0 -90 121.22
-124.394 159.218 4.100 45.0 -90 128.00
-138.508 173.684 4.100 45.0 -90 128.57
-159.581 154.546 4.100 45.0 -90 135.92
-145.343 140.356 4.100 45.0 -90 136.00
-178.034 132.870 4.100 45.0 -90 143.27
-163.462 118.762 4.100 45.0 -90 144.00
-193.563 109.013 4.100 45.0 -90 150.61
-178.400 94.857 4.100 45.0 -90 152.00
-205.915 83.366 4.100 45.0 -90 157.96
-189.865 69.105 4.100 45.0 -90 160.00
-214.885 56.349 4.100 45.0 -90 165.31
-197.635 42.009 4.100 45.0 -90 168.00
-220.326 28.408 4.100 45.0 -90 172.65
-201.558 14.094 4.100 45.0 -90 176.00
-222.150 0.000 4.100 45.0 -90 180.00
-201.558 -14.094 4.100 45.0 -90 184.00
-220.326 -28.408 4.100 45.0 -90 187.35
-197.635 -42.009 4.100 45.0 -90 192.00
-214.885 -56.349 4.100 45.0 -90 194.69
-189.865 -69.105 4.100 45.0 -90 200.00
-205.915 -83.366 4.100 45.0 -90 202.04
-178.400 -94.857 4.100 45.0 -90 208.00
-193.563 -109.013 4.100 45.0 -90 209.39
-163.462 -118.762 4.100 45.0 -90 216.00
-178.034 -132.870 4.100 45.0 -90 216.73
-145.343 -140.356 4.100 45.0 -90 224.00
-159.581 -154.546 4.100 45.0 -90 224.08
-138.508 -173.684 4.100 45.0 -90 231.43
-124.394 -159.218 4.100 45.0 -90 232.00
-115.161 -189.970 4.100 45.0 -90 238.78
-101.025 -174.980 4.100 45.0 -90 240.00
-89.923 -203.137 4.100 45.0 -90 246.12
-75.689 -187.337 4.100 45.0 -90 248.00
-63.208 -212.968 4.100 45.0 -90 253.47
-48.880 -196.048 4.100 45.0 -90 256.00
-35.455 -219.302 4.100 45.0 -90 260.82
-21.120 -200.943 4.100 45.0 -90 264.00
-7.120 -222.036 4.100 45.0 -90 268.16
7.051 -201.927 4.100 45.0 -90 272.00
21.332 -221.123 4.100 45.0 -90 275.51
35.086 -198.980 4.100 45.0 -90 280.00
49.433 -216.580 4.100 45.0 -90 282.86
62.437 -192.161 4.100 45.0 -90 288.00
76.723 -208.481 4.100 45.0 -90 290.20
88.573 -181.601 4.100 45.0 -90 296.00
102.753 -196.958 4.100 45.0 -90 297.55
112.985 -167.507 4.100 45.0 -90 304.00
127.096 -182.201 4.100 45.0 -90 304.90
135.198 -150.152 4.100 45.0 -90 312.00
149.352 -164.453 4.100 45.0 -90 312.24
169.155 -144.004 4.100 45.0 -90 319.59
154.779 -129.875 4.100 45.0 -90 320.00
186.181 -121.191 4.100 45.0 -90 326.94
171.348 -107.070 4.100 45.0 -90 328.00
200.150 -96.387 4.100 45.0 -90 334.29
184.582 -82.181 4.100 45.0 -90 336.00
210.833 -70.001 4.100 45.0 -90 341.63
194.223 -55.693 4.100 45.0 -90 344.00
218.053 -42.466 4.100 45.0 -90 348.98
200.084 -28.120 4.100 45.0 -90 352.00
221.694 -14.233 4.100 45.0 -90 356.33
202.050 0.000 8.200 45.0 -90 0.00
221.694 14.233 8.200 45.0 -90 3.67
200.084 28.120 8.200 45.0 -90 8.00
218.053 42.466 8.200 45.0 -90 11.02
194.223 55.693 8.200 45.0 -90 16.00
210.833 70.001 8.200 45.0 -90 18.37
184.582 82.181 8.200 45.0 -90 24.00
200.150 96.387 8.200 45.0 -90 25.71
171.348 107.070 8.200 45.0 -90 32.00
186.181 121.191 8.200 45.0 -90 33.06
154.779 129.875 8.200 45.0 -90 40.00
169.155 144.004 8.200 45.0 -90 40.41
149.352 164.453 8.200 45.0 -90 47.76
135.198 150.152 8.200 45.0 -90 48.00
127.096 182.201 8.200 45.0 -90 55.10
112.985 167.507 8.200 45.0 -90 56.00
102.753 196.958 8.200 45.0 -90 62.45
88.573 181.601 8.200 45.0 -90 64.00
76.723 208.481 8.200 45.0 -90 69.80
62.437 192.161 8.200 45.0 -90 72.00
49.433 216.580 8.200 45.0 -90 77.14
35.086 198.980 8.200 45.0 -90 80.00
21.332 221.123 8.200 45.0 -90 84.49
7.051 201.927 8.200 45.0 -90 88.00
-7.120 222.036 8.200 45.0 -90 91.84
-21.120 200.943 8.200 45.0 -90 96.00
-35.455 219.302 8.200 45.0 -90 99.18
-48.880 196.048 8.200 45.0 -90 104.00
-63.208 212.968 8.200 45.0 -90 106.53
-75.689 187.337 8.200 45.0 -90 112.00
-89.923 203.137 8.200 45.0 -90 113.88
-101.025 174.980 8.200 45.0 -90 120.00
-115.161 189.970 8.200 45.0 -90 121.22
-124.394 159.218 8.200 45.0 -90 128.00
-138.508 173.684 8.200 45.0 -90 128.57
-159.581 154.546 8.200 45.0 -90 135.92
-145.343 140.356 8.200 45.0 -90 136.00
-178.034 132.870 8.200 45.0 -90 143.27
-163.462 118.762 8.200 45.0 -90 144.00
-193.563 109.013 8.200 45.0 -90 150.61
-178.400 94.857 8.200 45.0 -90 152.00
-205.915 83.366 8.200 45.0 -90 157.96
-189.865 69.105 8.200 45.0 -90 160.00
-214.885 56.349 8.200 45.0 -90 165.31
-197.635 42.009 8.200 45.0 -90 168.00
-220.326 28.408 8.200 45.0 -90 172.65
-201.558 14.094 8.200 45.0 -90 176.00
-222.150 0.000 8.200 45.0 -90 180.00
-201.558 -14.094 8.200 45.0 -90 184.00
-220.326 -28.408 8.200 45.0 -90 187.35
-197.635 -42.009 8.200 45.0 -90 192.00
-214.885 -56.349 8.200 45.0 -90 194.69
-189.865 -69.105 8.200 45.0 -90 200.00
-205.915 -83.366 8.200 45.0 -90 202.04
-178.400 -94.857 8.200 45.0 -90 208.00
-193.563 -109.013 8.200 45.0 -90 209.39
-163.462 -118.762 8.200 45.0 -90 216.00
-178.034 -132.870 8.200 45.0 -90 216.73
-145.343 -140.356 8.200 45.0 -90 224.00
-159.581 -154.546 8.200 45.0 -90 224.08
-138.508 -173.684 8.200 45.0 -90 231.43
-124.394 -159.218 8.200 45.0 -90 232.00
-115.161 -189.970 8.200 45.0 -90 238.78
-101.025 -174.980 8.200 45.0 -90 240.00
-89.923 -203.137 8.200 45.0 -90 246.12
-75.689 -187.337 8.200 45.0 -90 248.00
-63.208 -212.968 8.200 45.0 -90 253.47
-48.880 -196.048 8.200 45.0 -90 256.00
-35.455 -219.302 8.200 45.0 -90 260.82
-21.120 -200.943 8.200 45.0 -90 264.00
-7.120 -222.036 8.200 45.0 -90 268.16
7.051 -201.927 8.200 45.0 -90 272.00
21.332 -221.123 8.200 45.0 -90 275.51
35.086 -198.980 8.200 45.0 -90 280.00
49.433 -216.580 8.200 45.0 -90 282.86
62.437 -192.161 8.200 45.0 -90 288.00
76.723 -208.481 8.200 45.0 -90 290.20
88.573 -181.601 8.200 45.0 -90 296.00
102.753 -196.958 8.200 45.0 -90 297.55
112.985 -167.507 8.200 45.0 -90 304.00
127.096 -182.201 8.200 45.0 -90 304.90
135.198 -150.152 8.200 45.0 -90 312.00
149.352 -164.453 8.200 45.0 -90 312.24
169.155 -144.004 8.200 45.0 -90 319.59
154.779 -129.875 8.200 45.0 -90 320.00
186.181 -121.191 8.200 45.0 -90 326.94
171.348 -107.070 8.200 45.0 -90 328.00
200.150 -96.387 8.200 45.0 -90 334.29
184.582 -82.181 8.200 45.0 -90 336.00
210.833 -70.001 8.200 45.0 -90 341.63
194.223 -55.693 8.200 45.0 -90 344.00
218.053 -42.466 8.200 45.0 -90 348.98
200.084 -28.120 8.200 45.0 -90 352.00
221.694 -14.233 8.200 45.0 -90 356.33
202.050 0.000 12.300 45.0 -90 0.00
221.694 14.233 12.300 45.0 -90 3.67
200.084 28.120 12.300 45.0 -90 8.00
218.053 42.466 12.300 45.0 -90 11.02
194.223 55.693 12.300 45.0 -90 16.00
210.833 70.001 12.300 45.0 -90 18.37
184.582 82.181 12.300 45.0 -90 24.00
200.150 96.387 12.300 45.0 -90 25.71
171.348 107.070 12.300 45.0 -90 32.00
186.181 121.191 12.300 45.0 -90 33.06
154.779 129.875 12.300 45.0 -90 40.00
169.155 144.004 12.300 45.0 -90 40.41
149.352 164.453 12.300 45.0 -90 47.76
135.198 150.152 12.300 45.0 -90 48.00
127.096 182.201 12.300 45.0 -90 55.10
112.985 167.507 12.300 45.0 -90 56.00
102.753 196.958 12.300 45.0 -90 62.45
88.573 181.601 12.300 45.0 -90 64.00
76.723 208.481 12.300 45.0 -90 69.80
62.437 192.161 12.300 45.0 -90 72.00
49.433 216.580 12.300 45.0 -90 77.14
35.086 198.980 12.300 45.0 -90 80.00
21.332 221.123 12.300 45.0 -90 84.49
7.051 201.927 12.300 45.0 -90 88.00
-7.120 222.036 12.300 45.0 -90 91.84
-21.120 200.943 12.300 45.0 -90 96.00
-35.455 219.302 12.300 45.0 -90 99.18
-48.880 196.048 12.300 45.0 -90 104.00
-63.208 212.968 12.300 45.0 -90 106.53
-75.689 187.337 12.300 45.0 -90 112.00
-89.923 203.137 12.300 45.0 -90 113.88
-101.025 174.980 12.300 45.0 -90 120.00
-115.161 189.970 12.300 45.0 -90 121.22
-124.394 159.218 12.300 45.0 -90 128.00
-138.508 173.684 12.300 45.0 -90 128.57
-159.581 154.546 12.300 45.0 -90 135.92
-145.343 140.356 12.300 45.0 -90 136.00
-178.034 132.870 12.300 45.0 -90 143.27
-163.462 118.762 12.300 45.0 -90 144.00
-193.563 109.013 12.300 45.0 -90 150.61
-178.400 94.857 12.300 45.0 -90 152.00
-205.915 83.366 12.300 45.0 -90 157.96
-189.865 69.105 12.300 45.0 -90 160.00
-214.885 56.349 12.300 45.0 -90 165.31
-197.635 42.009 12.300 45.0 -90 168.00
-220.326 28.408 12.300 45.0 -90 172.65
-201.558 14.094 12.300 45.0 -90 176.00
-222.150 0.000 12.300 45.0 -90 180.00
-201.558 -14.094 12.300 45.0 -90 184.00
-220.326 -28.408 12.300 45.0 -90 187.35
-197.635 -42.009 12.300 45.0 -90 192.00
-214.885 -56.349 12.300 45.0 -90 194.69
-189.865 -69.105 12.300 45.0 -90 200.00
-205.915 -83.366 12.300 45.0 -90 202.04
-178.400 -94.857 12.300 45.0 -90 208.00
-193.563 -109.013 12.300 45.0 -90 209.39
-163.462 -118.762 12.300 45.0 -90 216.00
-178.034 -132.870 12.300 45.0 -90 216.73
-145.343 -140.356 12.300 45.0 -90 224.00
-159.581 -154.546 12.300 45.0 -90 224.08
-138.508 -173.684 12.300 45.0 -90 231.43
-124.394 -159.218 12.300 45.0 -90 232.00
-115.161 -189.970 12.300 45.0 -90 238.78
-101.025 -174.980 12.300 45.0 -90 240.00
-89.923 -203.137 12.300 45.0 -90 246.12
-75.689 -187.337 12.300 45.0 -90 248.00
-63.208 -212.968 12.300 45.0 -90 253.47
-48.880 -196.048 12.300 45.0 -90 256.00
-35.455 -219.302 12.300 45.0 -90 260.82
-21.120 -200.943 12.300 45.0 -90 264.00
-7.120 -222.036 12.300 45.0 -90 268.16
7.051 -201.927 12.300 45.0 -90 272.00
21.332 -221.123 12.300 45.0 -90 275.51
35.086 -198.980 12.300 45.0 -90 280.00
49.433 -216.580 12.300 45.0 -90 282.86
62.437 -192.161 12.300 45.0 -90 288.00
76.723 -208.481 12.300 45.0 -90 290.20
88.573 -181.601 12.300 45.0 -90 296.00
102.753 -196.958 12.300 45.0 -90 297.55
112.985 -167.507 12.300 45.0 -90 304.00
127.096 -182.201 12.300 45.0 -90 304.90
135.198 -150.152 12.300 45.0 -90 312.00
149.352 -164.453 12.300 45.0 -90 312.24
169.155 -144.004 12.300 45.0 -90 319.59
154.779 -129.875 12.300 45.0 -90 320.00
186.181 -121.191 12.300 45.0 -90 326.94
171.348 -107.070 12.300 45.0 -90 328.00
200.150 -96.387 12.300 45.0 -90 334.29
184.582 -82.181 12.300 45.0 -90 336.00
210.833 -70.001 12.300 45.0 -90 341.63
194.223 -55.693 12.300 45.0 -90 344.00
218.053 -42.466 12.300 45.0 -90 348.98
200.084 -28.120 12.300 45.0 -90 352.00
221.694 -14.233 12.300 45.0 -90 356.33
202.050 0.000 16.400 45.0 -90 0.00
221.694 14.233 16.400 45.0 -90 3.67
200.084 28.120 16.400 45.0 -90 8.00
218.053 42.466 16.400 45.0 -90 11.02
194.223 55.693 16.400 45.0 -90 16.00
210.833 70.001 16.400 45.0 -90 18.37
184.582 82.181 16.400 45.0 -90 24.00
200.150 96.387 16.400 45.0 -90 25.71
171.348 107.070 16.400 45.0 -90 32.00
186.181 121.191 16.400 45.0 -90 33.06
154.779 129.875 16.400 45.0 -90 40.00
169.155 144.004 16.400 45.0 -90 40.41
149.352 164.453 16.400 45.0 -90 47.76
135.198 150.152 16.400 45.0 -90 48.00
127.096 182.201 16.400 45.0 -90 55.10
112.985 167.507 16.400 45.0 -90 56.00
102.753 196.958 16.400 45.0 -90 62.45
88.573 181.601 16.400 45.0 -90 64.00
76.723 208.481 16.400 45.0 -90 69.80
62.437 192.161 16.400 45.0 -90 72.00
49.433 216.580 16.400 45.0 -90 77.14
35.086 198.980 16.400 45.0 -90 80.00
21.332 221.123 16.400 45.0 -90 84.49
7.051 201.927 16.400 45.0 -90 88.00
-7.120 222.036 16.400 45.0 -90 91.84
-21.120 200.943 16.400 45.0 -90 96.00
-35.455 219.302 16.400 45.0 -90 99.18
-48.880 196.048 16.400 45.0 -90 104.00
-63.208 212.968 16.400 45.0 -90 106.53
-75.689 187.337 16.400 45.0 -90 112.00
-89.923 203.137 16.400 45.0 -90 113.88
-101.025 174.980 16.400 45.0 -90 120.00
-115.161 189.970 16.400 45.0 -90 121.22
-124.394 159.218 16.400 45.0 -90 128.00
-138.508 173.684 16.400 45.0 -90 128.57
-159.581 154.546 16.400 45.0 -90 135.92
-145.343 140.356 16.400 45.0 -90 136.00
-178.034 132.870 16.400 45.0 -90 143.27
-163.462 118.762 16.400 45.0 -90 144.00
-193.563 109.013 16.400 45.0 -90 150.61
-178.400 94.857 16.400 45.0 -90 152.00
-205.915 83.366 16.400 45.0 -90 157.96
-189.865 69.105 16.400 45.0 -90 160.00
-214.885 56.349 16.400 45.0 -90 165.31
-197.635 42.009 16.400 45.0 -90 168.00
-220.326 28.408 16.400 45.0 -90 172.65
-201.558 14.094 16.400 45.0 -90 176.00
-222.150 0.000 16.400 45.0 -90 180.00
-201.558 -14.094 16.400 45.0 -90 184.00
-220.326 -28.408 16.400 45.0 -90 187.35
-197.635 -42.009 16.400 45.0 -90 192.00
-214.885 -56.349 16.400 45.0 -90 194.69
-189.865 -69.105 16.400 45.0 -90 200.00
-205.915 -83.366 16.400 45.0 -90 202.04
-178.400 -94.857 16.400 45.0 -90 208.00
-193.563 -109.013 16.400 45.0 -90 209.39
-163.462 -118.762 16.400 45.0 -90 216.00
-178.034 -132.870 16.400 45.0 -90 216.73
-145.343 -140.356 16.400 45.0 -90 224.00
-159.581 -154.546 16.400 45.0 -90 224.08
-138.508 -173.684 16.400 45.0 -90 231.43
-124.394 -159.218 16.400 45.0 -90 232.00
-115.161 -189.970 16.400 45.0 -90 238.78
-101.025 -174.980 16.400 45.0 -90 240.00
-89.923 -203.137 16.400 45.0 -90 246.12
-75.689 -187.337 16.400 45.0 -90 248.00
-63.208 -212.968 16.400 45.0 -90 253.47
-48.880 -196.048 16.400 45.0 -90 256.00
-35.455 -219.302 16.400 45.0 -90 260.82
-21.120 -200.943 16.400 45.0 -90 264.00
-7.120 -222.036 16.400 45.0 -90 268.16
7.051 -201.927 16.400 45.0 -90 272.00
21.332 -221.123 16.400 45.0 -90 275.51
35.086 -198.980 16.400 45.0 -90 280.00
49.433 -216.580 16.400 45.0 -90 282.86
62.437 -192.161 16.400 45.0 -90 288.00
76.723 -208.481 16.400 45.0 -90 290.20
88.573 -181.601 16.400 45.0 -90 296.00
102.753 -196.958 16.400 45.0 -90 297.55
112.985 -167.507 16.400 45.0 -90 304.00
127.096 -182.201 16.400 45.0 -90 304.90
135.198 -150.152 16.400 45.0 -90 312.00
149.352 -164.453 16.400 45.0 -90 312.24
169.155 -144.004 16.400 45.0 -90 319.59
154.779 -129.875 16.400 45.0 -90 320.00
186.181 -121.191 16.400 45.0 -90 326.94
171.348 -107.070 16.400 45.0 -90 328.00
200.150 -96.387 16.400 45.0 -90 334.29
184.582 -82.181 16.400 45.0 -90 336.00
210.833 -70.001 16.400 45.0 -90 341.63
194.223 -55.693 16.400 45.0 -90 344.00
218.053 -42.466 16.400 45.0 -90 348.98
200.084 -28.120 16.400 45.0 -90 352.00
221.694 -14.233 16.400 45.0 -90 356.33
202.050 0.000 20.500 45.0 -90 0.00
221.694 14.233 20.500 45.0 -90 3.67
200.084 28.120 20.500 45.0 -90 8.00
218.053 42.466 20.500 45.0 -90 11.02
194.223 55.693 20.500 45.0 -90 16.00
210.833 70.001 20.500 45.0 -90 18.37
184.582 82.181 20.500 45.0 -90 24.00
200.150 96.387 20.500 45.0 -90 25.71
171.348 107.070 20.500 45.0 -90 32.00
186.181 121.191 20.500 45.0 -90 33.06
154.779 129.875 20.500 45.0 -90 40.00
169.155 144.004 20.500 45.0 -90 40.41
149.352 164.453 20.500 45.0 -90 47.76
135.198 150.152 20.500 45.0 -90 48.00
127.096 182.201 20.500 45.0 -90 55.10
112.985 167.507 20.500 45.0 -90 56.00
102.753 196.958 20.500 45.0 -90 62.45
88.573 181.601 20.500 45.0 -90 64.00
76.723 208.481 20.500 45.0 -90 69.80
62.437 192.161 20.500 45.0 -90 72.00
49.433 216.580 20.500 45.0 -90 77.14
35.086 198.980 20.500 45.0 -90 80.00
21.332 221.123 20.500 45.0 -90 84.49
7.051 201.927 20.500 45.0 -90 88.00
-7.120 222.036 20.500 45.0 -90 91.84
-21.120 200.943 20.500 45.0 -90 96.00
-35.455 219.302 20.500 45.0 -90 99.18
-48.880 196.048 20.500 45.0 -90 104.00
-63.208 212.968 20.500 45.0 -90 106.53
-75.689 187.337 20.500 45.0 -90 112.00
-89.923 203.137 20.500 45.0 -90 113.88
-101.025 174.980 20.500 45.0 -90 120.00
-115.161 189.970 20.500 45.0 -90 121.22
-124.394 159.218 20.500 45.0 -90 128.00
-138.508 173.684 20.500 45.0 -90 128.57
-159.581 154.546 20.500 45.0 -90 135.92
-145.343 140.356 20.500 45.0 -90 136.00
-178.034 132.870 20.500 45.0 -90 143.27
-163.462 118.762 20.500 45.0 -90 144.00
-193.563 109.013 20.500 45.0 -90 150.61
-178.400 94.857 20.500 45.0 -90 152.00
-205.915 83.366 20.500 45.0 -90 157.96
-189.865 69.105 20.500 45.0 -90 160.00
-214.885 56.349 20.500 45.0 -90 165.31
-197.635 42.009 20.500 45.0 -90 168.00
-220.326 28.408 20.500 45.0 -90 172.65
-201.558 14.094 20.500 45.0 -90 176.00
-222.150 0.000 20.500 45.0 -90 180.00
-201.558 -14.094 20.500 45.0 -90 184.00
-220.326 -28.408 20.500 45.0 -90 187.35
-197.635 -42.009 20.500 45.0 -90 192.00
-214.885 -56.349 20.500 45.0 -90 194.69
-189.865 -69.105 20.500 45.0 -90 200.00
-205.915 -83.366 20.500 45.0 -90 202.04
-178.400 -94.857 20.500 45.0 -90 208.00
-193.563 -109.013 20.500 45.0 -90 209.39
-163.462 -118.762 20.500 45.0 -90 216.00
-178.034 -132.870 20.500 45.0 -90 216.73
-145.343 -140.356 20.500 45.0 -90 224.00
-159.581 -154.546 20.500 45.0 -90 224.08
-138.508 -173.684 20.500 45.0 -90 231.43
-124.394 -159.218 20.500 45.0 -90 232.00
-115.161 -189.970 20.500 45.0 -90 238.78
-101.025 -174.980 20.500 45.0 -90 240.00
-89.923 -203.137 20.500 45.0 -90 246.12
-75.689 -187.337 20.500 45.0 -90 248.00
-63.208 -212.968 20.500 45.0 -90 253.47
-48.880 -196.048 20.500 45.0 -90 256.00
-35.455 -219.302 20.500 45.0 -90 260.82
-21.120 -200.943 20.500 45.0 -90 264.00
-7.120 -222.036 20.500 45.0 -90 268.16
7.051 -201.927 20.500 45.0 -90 272.00
21.332 -221.123 20.500 45.0 -90 275.51
35.086 -198.980 20.500 45.0 -90 280.00
49.433 -216.580 20.500 45.0 -90 282.86
62.437 -192.161 20.500 45.0 -90 288.00
76.723 -208.481 20.500 45.0 -90 290.20
88.573 -181.601 20.500 45.0 -90 296.00
102.753 -196.958 20.500 45.0 -90 297.55
112.985 -167.507 20.500 45.0 -90 304.00
127.096 -182.201 20.500 45.0 -90 304.90
135.198 -150.152 20.500 45.0 -90 312.00
149.352 -164.453 20.500 45.0 -90 312.24
169.155 -144.004 20.500 45.0 -90 319.59
154.779 -129.875 20.500 45.0 -90 320.00
186.181 -121.191 20.500 45.0 -90 326.94
171.348 -107.070 20.500 45.0 -90 328.00
200.150 -96.387 20.500 45.0 -90 334.29
184.582 -82.181 20.500 45.0 -90 336.00
210.833 -70.001 20.500 45.0 -90 341.63
194.223 -55.693 20.500 45.0 -90 344.00
218.053 -42.466 20.500 45.0 -90 348.98
200.084 -28.120 20.500 45.0 -90 352.00
221.694 -14.233 20.500 45.0 -90 356.33
202.050 0.000 24.600 45.0 -90 0.00
221.694 14.233 24.600 45.0 -90 3.67
200.084 28.120 24.600 45.0 -90 8.00
218.053 42.466 24.600 45.0 -90 11.02
194.223 55.693 24.600 45.0 -90 16.00
210.833 70.001 24.600 45.0 -90 18.37
184.582 82.181 24.600 45.0 -90 24.00
200.150 96.387 24.600 45.0 -90 25.71
171.348 107.070 24.600 45.0 -90 32.00
186.181 121.191 24.600 45.0 -90 33.06
154.779 129.875 24.600 45.0 -90 40.00
169.155 144.004 24.600 45.0 -90 40.41
149.352 164.453 24.600 45.0 -90 47.76
135.198 150.152 24.600 45.0 -90 48.00
127.096 182.201 24.600 45.0 -90 55.10
112.985 167.507 24.600 45.0 -90 56.00
102.753 196.958 24.600 45.0 -90 62.45
88.573 181.601 24.600 45.0 -90 64.00
76.723 208.481 24.600 45.0 -90 69.80
62.437 192.161 24.600 45.0 -90 72.00
49.433 216.580 24.600 45.0 -90 77.14
35.086 198.980 24.600 45.0 -90 80.00
21.332 221.123 24.600 45.0 -90 84.49
7.051 201.927 24.600 45.0 -90 88.00
-7.120 222.036 24.600 45.0 -90 91.84
-21.120 200.943 24.600 45.0 -90 96.00
-35.455 219.302 24.600 45.0 -90 99.18
-48.880 196.048 24.600 45.0 -90 104.00
-63.208 212.968 24.600 45.0 -90 106.53
-75.689 187.337 24.600 45.0 -90 112.00
-89.923 203.137 24.600 45.0 -90 113.88
-101.025 174.980 24.600 45.0 -90 120.00
-115.161 189.970 24.600 45.0 -90 121.22
-124.394 159.218 24.600 45.0 -90 128.00
-138.508 173.684 24.600 45.0 -90 128.57
-159.581 154.546 24.600 45.0 -90 135.92
-145.343 140.356 24.600 45.0 -90 136.00
-178.034 132.870 24.600 45.0 -90 143.27
-163.462 118.762 24.600 45.0 -90 144.00
-193.563 109.013 24.600 45.0 -90 150.61
-178.400 94.857 24.600 45.0 -90 152.00
-205.915 83.366 24.600 45.0 -90 157.96
-189.865 69.105 24.600 45.0 -90 160.00
-214.885 56.349 24.600 45.0 -90 165.31
-197.635 42.009 24.600 45.0 -90 168.00
-220.326 28.408 24.600 45.0 -90 172.65
-201.558 14.094 24.600 45.0 -90 176.00
-222.150 0.000 24.600 45.0 -90 180.00
-201.558 -14.094 24.600 45.0 -90 184.00
-220.326 -28.408 24.600 45.0 -90 187.35
-197.635 -42.009 24.600 45.0 -90 192.00
-214.885 -56.349 24.600 45.0 -90 194.69
-189.865 -69.105 24.600 45.0 -90 200.00
-205.915 -83.366 24.600 45.0 -90 202.04
-178.400 -94.857 24.600 45.0 -90 208.00
-193.563 -109.013 24.600 45.0 -90 209.39
-163.462 -118.762 24.600 45.0 -90 216.00
-178.034 -132.870 24.600 45.0 -90 216.73
-145.343 -140.356 24.600 45.0 -90 224.00
-159.581 -154.546 24.600 45.0 -90 224.08
-138.508 -173.684 24.600 45.0 -90 231.43
-124.394 -159.218 24.600 45.0 -90 232.00
-115.161 -189.970 24.600 45.0 -90 238.78
-101.025 -174.980 24.600 45.0 -90 240.00
-89.923 -203.137 24.600 45.0 -90 246.12
-75.689 -187.337 24.600 45.0 -90 248.00
-63.208 -212.968 24.600 45.0 -90 253.47
-48.880 -196.048 24.600 45.0 -90 256.00
-35.455 -219.302 24.600 45.0 -90 260.82
-21.120 -200.943 24.600 45.0 -90 264.00
-7.120 -222.036 24.600 45.0 -90 268.16
7.051 -201.927 24.600 45.0 -90 272.00
21.332 -221.123 24.600 45.0 -90 275.51
35.086 -198.980 24.600 45.0 -90 280.00
49.433 -216.580 24.600 45.0 -90 282.86
62.437 -192.161 24.600 45.0 -90 288.00
76.723 -208.481 24.600 45.0 -90 290.20
88.573 -181.601 24.600 45.0 -90 296.00
102.753 -196.958 24.600 45.0 -90 297.55
112.985 -167.507 24.600 45.0 -90 304.00
127.096 -182.201 24.600 45.0 -90 304.90
135.198 -150.152 24.600 45.0 -90 312.00
149.352 -164.453 24.600 45.0 -90 312.24
169.155 -144.004 24.600 45.0 -90 319.59
154.779 -129.875 24.600 45.0 -90 320.00
186.181 -121.191 24.600 45.0 -90 326.94
171.348 -107.070 24.600 45.0 -90 328.00
200.150 -96.387 24.600 45.0 -90 334.29
184.582 -82.181 24.600 45.0 -90 336.00
210.833 -70.001 24.600 45.0 -90 341.63
194.223 -55.693 24.600 45.0 -90 344.00
218.053 -42.466 24.600 45.0 -90 348.98
200.084 -28.120 24.600 45.0 -90 352.00
221.694 -14.233 24.600 45.0 -90 356.33
202.050 0.000 28.700 45.0 -90 0.00
221.694 14.233 28.700 45.0 -90 3.67
200.084 28.120 28.700 45.0 -90 8.00
218.053 42.466 28.700 45.0 -90 11.02
194.223 55.693 28.700 45.0 -90 16.00
210.833 70.001 28.700 45.0 -90 18.37
184.582 82.181 28.700 45.0 -90 24.00
200.150 96.387 28.700 45.0 -90 25.71
171.348 107.070 28.700 45.0 -90 32.00
186.181 121.191 28.700 45.0 -90 33.06
154.779 129.875 28.700 45.0 -90 40.00
169.155 144.004 28.700 45.0 -90 40.41
149.352 164.453 28.700 45.0 -90 47.76
135.198 150.152 28.700 45.0 -90 48.00
127.096 182.201 28.700 45.0 -90 55.10
112.985 167.507 28.700 45.0 -90 56.00
102.753 196.958 28.700 45.0 -90 62.45
88.573 181.601 28.700 45.0 -90 64.00
76.723 208.481 28.700 45.0 -90 69.80
62.437 192.161 28.700 45.0 -90 72.00
49.433 216.580 28.700 45.0 -90 77.14
35.086 198.980 28.700 45.0 -90 80.00
21.332 221.123 28.700 45.0 -90 84.49
7.051 201.927 28.700 45.0 -90 88.00
-7.120 222.036 28.700 45.0 -90 91.84
-21.120 200.943 28.700 45.0 -90 96.00
-35.455 219.302 28.700 45.0 -90 99.18
-48.880 196.048 28.700 45.0 -90 104.00
-63.208 212.968 28.700 45.0 -90 106.53
-75.689 187.337 28.700 45.0 -90 112.00
-89.923 203.137 28.700 45.0 -90 113.88
-101.025 174.980 28.700 45.0 -90 120.00
-115.161 189.970 28.700 45.0 -90 121.22
-124.394 159.218 28.700 45.0 -90 128.00
-138.508 173.684 28.700 45.0 -90 128.57
-159.581 154.546 28.700 45.0 -90 135.92
-145.343 140.356 28.700 45.0 -90 136.00
-178.034 132.870 28.700 45.0 -90 143.27
-163.462 118.762 28.700 45.0 -90 144.00
-193.563 109.013 28.700 45.0 -90 150.61
-178.400 94.857 28.700 45.0 -90 152.00
-205.915 83.366 28.700 45.0 -90 157.96
-189.865 69.105 28.700 45.0 -90 160.00
-214.885 56.349 28.700 45.0 -90 165.31
-197.635 42.009 28.700 45.0 -90 168.00
-220.326 28.408 28.700 45.0 -90 172.65
-201.558 14.094 28.700 45.0 -90 176.00
-222.150 0.000 28.700 45.0 -90 180.00
-201.558 -14.094 28.700 45.0 -90 184.00
-220.326 -28.408 28.700 45.0 -90 187.35
-197.635 -42.009 28.700 45.0 -90 192.00
-214.885 -56.349 28.700 45.0 -90 194.69
-189.865 -69.105 28.700 45.0 -90 200.00
-205.915 -83.366 28.700 45.0 -90 202.04
-178.400 -94.857 28.700 45.0 -90 208.00
-193.563 -109.013 28.700 45.0 -90 209.39
-163.462 -118.762 28.700 45.0 -90 216.00
-178.034 -132.870 28.700 45.0 -90 216.73
-145.343 -140.356 28.700 45.0 -90 224.00
-159.581 -154.546 28.700 45.0 -90 224.08
-138.508 -173.684 28.700 45.0 -90 231.43
-124.394 -159.218 28.700 45.0 -90 232.00
-115.161 -189.970 28.700 45.0 -90 238.78
-101.025 -174.980 28.700 45.0 -90 240.00
-89.923 -203.137 28.700 45.0 -90 246.12
-75.689 -187.337 28.700 45.0 -90 248.00
-63.208 -212.968 28.700 45.0 -90 253.47
-48.880 -196.048 28.700 45.0 -90 256.00
-35.455 -219.302 28.700 45.0 -90 260.82
-21.120 -200.943 28.700 45.0 -90 264.00
-7.120 -222.036 28.700 45.0 -90 268.16
7.051 -201.927 28.700 45.0 -90 272.00
21.332 -221.123 28.700 45.0 -90 275.51
35.086 -198.980 28.700 45.0 -90 280.00
49.433 -216.580 28.700 45.0 -90 282.86
62.437 -192.161 28.700 45.0 -90 288.00
76.723 -208.481 28.700 45.0 -90 290.20
88.573 -181.601 28.700 45.0 -90 296.00
102.753 -196.958 28.700 45.0 -90 297.55
112.985 -167.507 28.700 45.0 -90 304.00
127.096 -182.201 28.700 45.0 -90 304.90
135.198 -150.152 28.700 45.0 -90 312.00
149.352 -164.453 28.700 45.0 -90 312.24
169.155 -144.004 28.700 45.0 -90 319.59
154.779 -129.875 28.700 45.0 -90 320.00
186.181 -121.191 28.700 45.0 -90 326.94
171.348 -107.070 28.700 45.0 -90 328.00
200.150 -96.387 28.700 45.0 -90 334.29
184.582 -82.181 28.700 45.0 -90 336.00
210.833 -70.001 28.700 45.0 -90 341.63
194.223 -55.693 28.700 45.0 -90 344.00
218.053 -42.466 28.700 45.0 -90 348.98
200.084 -28.120 28.700 45.0 -90 352.00
221.694 -14.233 28.700 45.0 -90 356.33
