64.348 -10.192 -8.200 -0.0 -90 -351.00
82.952 -19.660 -8.200 -0.0 -90 -346.67
40.589 -19.546 -8.200 -0.0 -90 -334.29
76.182 -38.260 -8.200 -0.0 -90 -333.33
58.049 -29.577 -8.200 -0.0 -90 -333.00
65.305 -54.798 -8.200 -0.0 -90 -320.00
46.068 -46.068 -8.200 -0.0 -90 -315.00
28.088 -35.222 -8.200 -0.0 -90 -308.57
50.908 -68.381 -8.200 -0.0 -90 -306.67
29.577 -58.049 -8.200 -0.0 -90 -297.00
33.766 -78.278 -8.200 -0.0 -90 -293.33
10.025 -43.921 -8.200 -0.0 -90 -282.86
14.804 -83.955 -8.200 -0.0 -90 -280.00
10.192 -64.348 -8.200 -0.0 -90 -279.00
-4.957 -85.106 -8.200 -0.0 -90 -266.67
-10.192 -64.348 -8.200 -0.0 -90 -261.00
-10.025 -43.921 -8.200 -0.0 -90 -257.14
-24.450 -81.669 -8.200 -0.0 -90 -253.33
-29.577 -58.049 -8.200 -0.0 -90 -243.00
-42.625 -73.829 -8.200 -0.0 -90 -240.00
-28.088 -35.222 -8.200 -0.0 -90 -231.43
-58.502 -62.009 -8.200 -0.0 -90 -226.67
-46.068 -46.068 -8.200 -0.0 -90 -225.00
-71.225 -46.846 -8.200 -0.0 -90 -213.33
-58.049 -29.577 -8.200 -0.0 -90 -207.00
-40.589 -19.546 -8.200 -0.0 -90 -205.71
-80.109 -29.157 -8.200 -0.0 -90 -200.00
-64.348 -10.192 -8.200 -0.0 -90 -189.00
-84.674 -9.897 -8.200 -0.0 -90 -186.67
-45.050 0.000 -8.200 -0.0 -90 -180.00
-84.674 9.897 -8.200 -0.0 -90 -173.33
-64.348 10.192 -8.200 -0.0 -90 -171.00
-80.109 29.157 -8.200 -0.0 -90 -160.00
-40.589 19.546 -8.200 -0.0 -90 -154.29
-58.049 29.577 -8.200 -0.0 -90 -153.00
-71.225 46.846 -8.200 -0.0 -90 -146.67
-46.068 46.068 -8.200 -0.0 -90 -135.00
-58.502 62.009 -8.200 -0.0 -90 -133.33
-28.088 35.222 -8.200 -0.0 -90 -128.57
-42.625 73.829 -8.200 -0.0 -90 -120.00
-29.577 58.049 -8.200 -0.0 -90 -117.00
-24.450 81.669 -8.200 -0.0 -90 -106.67
-10.025 43.921 -8.200 -0.0 -90 -102.86
-10.192 64.348 -8.200 -0.0 -90 -99.00
-4.957 85.106 -8.200 -0.0 -90 -93.33
10.192 64.348 -8.200 -0.0 -90 -81.00
14.804 83.955 -8.200 -0.0 -90 -80.00
10.025 43.921 -8.200 -0.0 -90 -77.14
33.766 78.278 -8.200 -0.0 -90 -66.67
29.577 58.049 -8.200 -0.0 -90 -63.00
50.908 68.381 -8.200 -0.0 -90 -53.33
28.088 35.222 -8.200 -0.0 -90 -51.43
46.068 46.068 -8.200 -0.0 -90 -45.00
65.305 54.798 -8.200 -0.0 -90 -40.00
58.049 29.577 -8.200 -0.0 -90 -27.00
76.182 38.260 -8.200 -0.0 -90 -26.67
40.589 19.546 -8.200 -0.0 -90 -25.71
82.952 19.660 -8.200 -0.0 -90 -13.33
64.348 10.192 -8.200 -0.0 -90 -9.00
45.050 0.000 -8.200 -0.0 -90 -0.00
85.250 0.000 -8.200 -0.0 -90 -0.00
64.348 -10.192 -4.100 -0.0 -90 -351.00
82.952 -19.660 -4.100 -0.0 -90 -346.67
40.589 -19.546 -4.100 -0.0 -90 -334.29
76.182 -38.260 -4.100 -0.0 -90 -333.33
58.049 -29.577 -4.100 -0.0 -90 -333.00
65.305 -54.798 -4.100 -0.0 -90 -320.00
46.068 -46.068 -4.100 -0.0 -90 -315.00
28.088 -35.222 -4.100 -0.0 -90 -308.57
50.908 -68.381 -4.100 -0.0 -90 -306.67
29.577 -58.049 -4.100 -0.0 -90 -297.00
33.766 -78.278 -4.100 -0.0 -90 -293.33
10.025 -43.921 -4.100 -0.0 -90 -282.86
14.804 -83.955 -4.100 -0.0 -90 -280.00
10.192 -64.348 -4.100 -0.0 -90 -279.00
-4.957 -85.106 -4.100 -0.0 -90 -266.67
-10.192 -64.348 -4.100 -0.0 -90 -261.00
-10.025 -43.921 -4.100 -0.0 -90 -257.14
-24.450 -81.669 -4.100 -0.0 -90 -253.33
-29.577 -58.049 -4.100 -0.0 -90 -243.00
-42.625 -73.829 -4.100 -0.0 -90 -240.00
-28.088 -35.222 -4.100 -0.0 -90 -231.43
-58.502 -62.009 -4.100 -0.0 -90 -226.67
-46.068 -46.068 -4.100 -0.0 -90 -225.00
-71.225 -46.846 -4.100 -0.0 -90 -213.33
-58.049 -29.577 -4.100 -0.0 -90 -207.00
-40.589 -19.546 -4.100 -0.0 -90 -205.71
-80.109 -29.157 -4.100 -0.0 -90 -200.00
-64.348 -10.192 -4.100 -0.0 -90 -189.00
-84.674 -9.897 -4.100 -0.0 -90 -186.67
-45.050 0.000 -4.100 -0.0 -90 -180.00
-84.674 9.897 -4.100 -0.0 -90 -173.33
-64.348 10.192 -4.100 -0.0 -90 -171.00
-80.109 29.157 -4.100 -0.0 -90 -160.00
-40.589 19.546 -4.100 -0.0 -90 -154.29
-58.049 29.577 -4.100 -0.0 -90 -153.00
-71.225 46.846 -4.100 -0.0 -90 -146.67
-46.068 46.068 -4.100 -0.0 -90 -135.00
-58.502 62.009 -4.100 -0.0 -90 -133.33
-28.088 35.222 -4.100 -0.0 -90 -128.57
-42.625 73.829 -4.100 -0.0 -90 -120.00
-29.577 58.049 -4.100 -0.0 -90 -117.00
-24.450 81.669 -4.100 -0.0 -90 -106.67
-10.025 43.921 -4.100 -0.0 -90 -102.86
-10.192 64.348 -4.100 -0.0 -90 -99.00
-4.957 85.106 -4.100 -0.0 -90 -93.33
10.192 64.348 -4.100 -0.0 -90 -81.00
14.804 83.955 -4.100 -0.0 -90 -80.00
10.025 43.921 -4.100 -0.0 -90 -77.14
33.766 78.278 -4.100 -0.0 -90 -66.67
29.577 58.049 -4.100 -0.0 -90 -63.00
50.908 68.381 -4.100 -0.0 -90 -53.33
28.088 35.222 -4.100 -0.0 -90 -51.43
46.068 46.068 -4.100 -0.0 -90 -45.00
65.305 54.798 -4.100 -0.0 -90 -40.00
58.049 29.577 -4.100 -0.0 -90 -27.00
76.182 38.260 -4.100 -0.0 -90 -26.67
40.589 19.546 -4.100 -0.0 -90 -25.71
82.952 19.660 -4.100 -0.0 -90 -13.33
64.348 10.192 -4.100 -0.0 -90 -9.00
45.050 0.000 -4.100 -0.0 -90 -0.00
85.250 0.000 -4.100 -0.0 -90 -0.00
64.348 -10.192 0.000 -0.0 -90 -351.00
82.952 -19.660 0.000 -0.0 -90 -346.67
40.589 -19.546 0.000 -0.0 -90 -334.29
76.182 -38.260 0.000 -0.0 -90 -333.33
58.049 -29.577 0.000 -0.0 -90 -333.00
65.305 -54.798 0.000 -0.0 -90 -320.00
46.068 -46.068 0.000 -0.0 -90 -315.00
28.088 -35.222 0.000 -0.0 -90 -308.57
50.908 -68.381 0.000 -0.0 -90 -306.67
29.577 -58.049 0.000 -0.0 -90 -297.00
33.766 -78.278 0.000 -0.0 -90 -293.33
10.025 -43.921 0.000 -0.0 -90 -282.86
14.804 -83.955 0.000 -0.0 -90 -280.00
10.192 -64.348 0.000 -0.0 -90 -279.00
-4.957 -85.106 0.000 -0.0 -90 -266.67
-10.192 -64.348 0.000 -0.0 -90 -261.00
-10.025 -43.921 0.000 -0.0 -90 -257.14
-24.450 -81.669 0.000 -0.0 -90 -253.33
-29.577 -58.049 0.000 -0.0 -90 -243.00
-42.625 -73.829 0.000 -0.0 -90 -240.00
-28.088 -35.222 0.000 -0.0 -90 -231.43
-58.502 -62.009 0.000 -0.0 -90 -226.67
-46.068 -46.068 0.000 -0.0 -90 -225.00
-71.225 -46.846 0.000 -0.0 -90 -213.33
-58.049 -29.577 0.000 -0.0 -90 -207.00
-40.589 -19.546 0.000 -0.0 -90 -205.71
-80.109 -29.157 0.000 -0.0 -90 -200.00
-64.348 -10.192 0.000 -0.0 -90 -189.00
-84.674 -9.897 0.000 -0.0 -90 -186.67
-45.050 0.000 0.000 -0.0 -90 -180.00
-84.674 9.897 0.000 -0.0 -90 -173.33
-64.348 10.192 0.000 -0.0 -90 -171.00
-80.109 29.157 0.000 -0.0 -90 -160.00
-40.589 19.546 0.000 -0.0 -90 -154.29
-58.049 29.577 0.000 -0.0 -90 -153.00
-71.225 46.846 0.000 -0.0 -90 -146.67
-46.068 46.068 0.000 -0.0 -90 -135.00
-58.502 62.009 0.000 -0.0 -90 -133.33
-28.088 35.222 0.000 -0.0 -90 -128.57
-42.625 73.829 0.000 -0.0 -90 -120.00
-29.577 58.049 0.000 -0.0 -90 -117.00
-24.450 81.669 0.000 -0.0 -90 -106.67
-10.025 43.921 0.000 -0.0 -90 -102.86
-10.192 64.348 0.000 -0.0 -90 -99.00
-4.957 85.106 0.000 -0.0 -90 -93.33
10.192 64.348 0.000 -0.0 -90 -81.00
14.804 83.955 0.000 -0.0 -90 -80.00
10.025 43.921 0.000 -0.0 -90 -77.14
33.766 78.278 0.000 -0.0 -90 -66.67
29.577 58.049 0.000 -0.0 -90 -63.00
50.908 68.381 0.000 -0.0 -90 -53.33
28.088 35.222 0.000 -0.0 -90 -51.43
46.068 46.068 0.000 -0.0 -90 -45.00
65.305 54.798 0.000 -0.0 -90 -40.00
58.049 29.577 0.000 -0.0 -90 -27.00
76.182 38.260 0.000 -0.0 -90 -26.67
40.589 19.546 0.000 -0.0 -90 -25.71
82.952 19.660 0.000 -0.0 -90 -13.33
64.348 10.192 0.000 -0.0 -90 -9.00
45.050 0.000 0.000 -0.0 -90 -0.00
85.250 0.000 0.000 -0.0 -90 -0.00
64.348 -10.192 4.100 -0.0 -90 -351.00
82.952 -19.660 4.100 -0.0 -90 -346.67
40.589 -19.546 4.100 -0.0 -90 -334.29
76.182 -38.260 4.100 -0.0 -90 -333.33
58.049 -29.577 4.100 -0.0 -90 -333.00
65.305 -54.798 4.100 -0.0 -90 -320.00
46.068 -46.068 4.100 -0.0 -90 -315.00
28.088 -35.222 4.100 -0.0 -90 -308.57
50.908 -68.381 4.100 -0.0 -90 -306.67
29.577 -58.049 4.100 -0.0 -90 -297.00
33.766 -78.278 4.100 -0.0 -90 -293.33
10.025 -43.921 4.100 -0.0 -90 -282.86
14.804 -83.955 4.100 -0.0 -90 -280.00
10.192 -64.348 4.100 -0.0 -90 -279.00
-4.957 -85.106 4.100 -0.0 -90 -266.67
-10.192 -64.348 4.100 -0.0 -90 -261.00
-10.025 -43.921 4.100 -0.0 -90 -257.14
-24.450 -81.669 4.100 -0.0 -90 -253.33
-29.577 -58.049 4.100 -0.0 -90 -243.00
-42.625 -73.829 4.100 -0.0 -90 -240.00
-28.088 -35.222 4.100 -0.0 -90 -231.43
-58.502 -62.009 4.100 -0.0 -90 -226.67
-46.068 -46.068 4.100 -0.0 -90 -225.00
-71.225 -46.846 4.100 -0.0 -90 -213.33
-58.049 -29.577 4.100 -0.0 -90 -207.00
-40.589 -19.546 4.100 -0.0 -90 -205.71
-80.109 -29.157 4.100 -0.0 -90 -200.00
-64.348 -10.192 4.100 -0.0 -90 -189.00
-84.674 -9.897 4.100 -0.0 -90 -186.67
-45.050 0.000 4.100 -0.0 -90 -180.00
-84.674 9.897 4.100 -0.0 -90 -173.33
-64.348 10.192 4.100 -0.0 -90 -171.00
-80.109 29.157 4.100 -0.0 -90 -160.00
-40.589 19.546 4.100 -0.0 -90 -154.29
-58.049 29.577 4.100 -0.0 -90 -153.00
-71.225 46.846 4.100 -0.0 -90 -146.67
-46.068 46.068 4.100 -0.0 -90 -135.00
-58.502 62.009 4.100 -0.0 -90 -133.33
-28.088 35.222 4.100 -0.0 -90 -128.57
-42.625 73.829 4.100 -0.0 -90 -120.00
-29.577 58.049 4.100 -0.0 -90 -117.00
-24.450 81.669 4.100 -0.0 -90 -106.67
-10.025 43.921 4.100 -0.0 -90 -102.86
-10.192 64.348 4.100 -0.0 -90 -99.00
-4.957 85.106 4.100 -0.0 -90 -93.33
10.192 64.348 4.100 -0.0 -90 -81.00
14.804 83.955 4.100 -0.0 -90 -80.00
10.025 43.921 4.100 -0.0 -90 -77.14
33.766 78.278 4.100 -0.0 -90 -66.67
29.577 58.049 4.100 -0.0 -90 -63.00
50.908 68.381 4.100 -0.0 -90 -53.33
28.088 35.222 4.100 -0.0 -90 -51.43
46.068 46.068 4.100 -0.0 -90 -45.00
65.305 54.798 4.100 -0.0 -90 -40.00
58.049 29.577 4.100 -0.0 -90 -27.00
76.182 38.260 4.100 -0.0 -90 -26.67
40.589 19.546 4.100 -0.0 -90 -25.71
82.952 19.660 4.100 -0.0 -90 -13.33
64.348 10.192 4.100 -0.0 -90 -9.00
45.050 0.000 4.100 -0.0 -90 -0.00
85.250 0.000 4.100 -0.0 -90 -0.00
64.348 -10.192 8.200 -0.0 -90 -351.00
82.952 -19.660 8.200 -0.0 -90 -346.67
40.589 -19.546 8.200 -0.0 -90 -334.29
76.182 -38.260 8.200 -0.0 -90 -333.33
58.049 -29.577 8.200 -0.0 -90 -333.00
65.305 -54.798 8.200 -0.0 -90 -320.00
46.068 -46.068 8.200 -0.0 -90 -315.00
28.088 -35.222 8.200 -0.0 -90 -308.57
50.908 -68.381 8.200 -0.0 -90 -306.67
29.577 -58.049 8.200 -0.0 -90 -297.00
33.766 -78.278 8.200 -0.0 -90 -293.33
10.025 -43.921 8.200 -0.0 -90 -282.86
14.804 -83.955 8.200 -0.0 -90 -280.00
10.192 -64.348 8.200 -0.0 -90 -279.00
-4.957 -85.106 8.200 -0.0 -90 -266.67
-10.192 -64.348 8.200 -0.0 -90 -261.00
-10.025 -43.921 8.200 -0.0 -90 -257.14
-24.450 -81.669 8.200 -0.0 -90 -253.33
-29.577 -58.049 8.200 -0.0 -90 -243.00
-42.625 -73.829 8.200 -0.0 -90 -240.00
-28.088 -35.222 8.200 -0.0 -90 -231.43
-58.502 -62.009 8.200 -0.0 -90 -226.67
-46.068 -46.068 8.200 -0.0 -90 -225.00
-71.225 -46.846 8.200 -0.0 -90 -213.33
-58.049 -29.577 8.200 -0.0 -90 -207.00
-40.589 -19.546 8.200 -0.0 -90 -205.71
-80.109 -29.157 8.200 -0.0 -90 -200.00
-64.348 -10.192 8.200 -0.0 -90 -189.00
-84.674 -9.897 8.200 -0.0 -90 -186.67
-45.050 0.000 8.200 -0.0 -90 -180.00
-84.674 9.897 8.200 -0.0 -90 -173.33
-64.348 10.192 8.200 -0.0 -90 -171.00
-80.109 29.157 8.200 -0.0 -90 -160.00
-40.589 19.546 8.200 -0.0 -90 -154.29
-58.049 29.577 8.200 -0.0 -90 -153.00
-71.225 46.846 8.200 -0.0 -90 -146.67
-46.068 46.068 8.200 -0.0 -90 -135.00
-58.502 62.009 8.200 -0.0 -90 -133.33
-28.088 35.222 8.200 -0.0 -90 -128.57
-42.625 73.829 8.200 -0.0 -90 -120.00
-29.577 58.049 8.200 -0.0 -90 -117.00
-24.450 81.669 8.200 -0.0 -90 -106.67
-10.025 43.921 8.200 -0.0 -90 -102.86
-10.192 64.348 8.200 -0.0 -90 -99.00
-4.957 85.106 8.200 -0.0 -90 -93.33
10.192 64.348 8.200 -0.0 -90 -81.00
14.804 83.955 8.200 -0.0 -90 -80.00
10.025 43.921 8.200 -0.0 -90 -77.14
33.766 78.278 8.200 -0.0 -90 -66.67
29.577 58.049 8.200 -0.0 -90 -63.00
50.908 68.381 8.200 -0.0 -90 -53.33
28.088 35.222 8.200 -0.0 -90 -51.43
46.068 46.068 8.200 -0.0 -90 -45.00
65.305 54.798 8.200 -0.0 -90 -40.00
58.049 29.577 8.200 -0.0 -90 -27.00
76.182 38.260 8.200 -0.0 -90 -26.67
40.589 19.546 8.200 -0.0 -90 -25.71
82.952 19.660 8.200 -0.0 -90 -13.33
64.348 10.192 8.200 -0.0 -90 -9.00
45.050 0.000 8.200 -0.0 -90 -0.00
85.250 0.000 8.200 -0.0 -90 -0.00
