44.018 -10.047 -8.200 -0.0 -90 -347.14
62.056 -20.163 -8.200 -0.0 -90 -342.00
52.788 -38.353 -8.200 -0.0 -90 -324.00
35.300 -28.151 -8.200 -0.0 -90 -321.43
17.713 -17.713 -8.200 -0.0 -90 -315.00
38.353 -52.788 -8.200 -0.0 -90 -306.00
19.590 -40.679 -8.200 -0.0 -90 -295.71
20.163 -62.056 -8.200 -0.0 -90 -288.00
-0.000 -25.050 -8.200 -0.0 -90 -270.00
-0.000 -45.150 -8.200 -0.0 -90 -270.00
-0.000 -65.250 -8.200 -0.0 -90 -270.00
-20.163 -62.056 -8.200 -0.0 -90 -252.00
-19.590 -40.679 -8.200 -0.0 -90 -244.29
-38.353 -52.788 -8.200 -0.0 -90 -234.00
-17.713 -17.713 -8.200 -0.0 -90 -225.00
-35.300 -28.151 -8.200 -0.0 -90 -218.57
-52.788 -38.353 -8.200 -0.0 -90 -216.00
-62.056 -20.163 -8.200 -0.0 -90 -198.00
-44.018 -10.047 -8.200 -0.0 -90 -192.86
-25.050 0.000 -8.200 -0.0 -90 -180.00
-65.250 0.000 -8.200 -0.0 -90 -180.00
-44.018 10.047 -8.200 -0.0 -90 -167.14
-62.056 20.163 -8.200 -0.0 -90 -162.00
-52.788 38.353 -8.200 -0.0 -90 -144.00
-35.300 28.151 -8.200 -0.0 -90 -141.43
-17.713 17.713 -8.200 -0.0 -90 -135.00
-38.353 52.788 -8.200 -0.0 -90 -126.00
-19.590 40.679 -8.200 -0.0 -90 -115.71
-20.163 62.056 -8.200 -0.0 -90 -108.00
0.000 25.050 -8.200 -0.0 -90 -90.00
0.000 45.150 -8.200 -0.0 -90 -90.00
0.000 65.250 -8.200 -0.0 -90 -90.00
20.163 62.056 -8.200 -0.0 -90 -72.00
19.590 40.679 -8.200 -0.0 -90 -64.29
38.353 52.788 -8.200 -0.0 -90 -54.00
17.713 17.713 -8.200 -0.0 -90 -45.00
35.300 28.151 -8.200 -0.0 -90 -38.57
52.788 38.353 -8.200 -0.0 -90 -36.00
62.056 20.163 -8.200 -0.0 -90 -18.00
44.018 10.047 -8.200 -0.0 -90 -12.86
25.050 0.000 -8.200 -0.0 -90 -0.00
65.250 0.000 -8.200 -0.0 -90 -0.00
44.018 -10.047 -4.100 -0.0 -90 -347.14
62.056 -20.163 -4.100 -0.0 -90 -342.00
52.788 -38.353 -4.100 -0.0 -90 -324.00
35.300 -28.151 -4.100 -0.0 -90 -321.43
17.713 -17.713 -4.100 -0.0 -90 -315.00
38.353 -52.788 -4.100 -0.0 -90 -306.00
19.590 -40.679 -4.100 -0.0 -90 -295.71
20.163 -62.056 -4.100 -0.0 -90 -288.00
-0.000 -25.050 -4.100 -0.0 -90 -270.00
-0.000 -45.150 -4.100 -0.0 -90 -270.00
-0.000 -65.250 -4.100 -0.0 -90 -270.00
-20.163 -62.056 -4.100 -0.0 -90 -252.00
-19.590 -40.679 -4.100 -0.0 -90 -244.29
-38.353 -52.788 -4.100 -0.0 -90 -234.00
-17.713 -17.713 -4.100 -0.0 -90 -225.00
-35.300 -28.151 -4.100 -0.0 -90 -218.57
-52.788 -38.353 -4.100 -0.0 -90 -216.00
-62.056 -20.163 -4.100 -0.0 -90 -198.00
-44.018 -10.047 -4.100 -0.0 -90 -192.86
-25.050 0.000 -4.100 -0.0 -90 -180.00
-65.250 0.000 -4.100 -0.0 -90 -180.00
-44.018 10.047 -4.100 -0.0 -90 -167.14
-62.056 20.163 -4.100 -0.0 -90 -162.00
-52.788 38.353 -4.100 -0.0 -90 -144.00
-35.300 28.151 -4.100 -0.0 -90 -141.43
-17.713 17.713 -4.100 -0.0 -90 -135.00
-38.353 52.788 -4.100 -0.0 -90 -126.00
-19.590 40.679 -4.100 -0.0 -90 -115.71
-20.163 62.056 -4.100 -0.0 -90 -108.00
0.000 25.050 -4.100 -0.0 -90 -90.00
0.000 45.150 -4.100 -0.0 -90 -90.00
0.000 65.250 -4.100 -0.0 -90 -90.00
20.163 62.056 -4.100 -0.0 -90 -72.00
19.590 40.679 -4.100 -0.0 -90 -64.29
38.353 52.788 -4.100 -0.0 -90 -54.00
17.713 17.713 -4.100 -0.0 -90 -45.00
35.300 28.151 -4.100 -0.0 -90 -38.57
52.788 38.353 -4.100 -0.0 -90 -36.00
62.056 20.163 -4.100 -0.0 -90 -18.00
44.018 10.047 -4.100 -0.0 -90 -12.86
25.050 0.000 -4.100 -0.0 -90 -0.00
65.250 0.000 -4.100 -0.0 -90 -0.00
44.018 -10.047 0.000 -0.0 -90 -347.14
62.056 -20.163 0.000 -0.0 -90 -342.00
52.788 -38.353 0.000 -0.0 -90 -324.00
35.300 -28.151 0.000 -0.0 -90 -321.43
17.713 -17.713 0.000 -0.0 -90 -315.00
38.353 -52.788 0.000 -0.0 -90 -306.00
19.590 -40.679 0.000 -0.0 -90 -295.71
20.163 -62.056 0.000 -0.0 -90 -288.00
-0.000 -25.050 0.000 -0.0 -90 -270.00
-0.000 -45.150 0.000 -0.0 -90 -270.00
-0.000 -65.250 0.000 -0.0 -90 -270.00
-20.163 -62.056 0.000 -0.0 -90 -252.00
-19.590 -40.679 0.000 -0.0 -90 -244.29
-38.353 -52.788 0.000 -0.0 -90 -234.00
-17.713 -17.713 0.000 -0.0 -90 -225.00
-35.300 -28.151 0.000 -0.0 -90 -218.57
-52.788 -38.353 0.000 -0.0 -90 -216.00
-62.056 -20.163 0.000 -0.0 -90 -198.00
-44.018 -10.047 0.000 -0.0 -90 -192.86
-25.050 0.000 0.000 -0.0 -90 -180.00
-65.250 0.000 0.000 -0.0 -90 -180.00
-44.018 10.047 0.000 -0.0 -90 -167.14
-62.056 20.163 0.000 -0.0 -90 -162.00
-52.788 38.353 0.000 -0.0 -90 -144.00
-35.300 28.151 0.000 -0.0 -90 -141.43
-17.713 17.713 0.000 -0.0 -90 -135.00
-38.353 52.788 0.000 -0.0 -90 -126.00
-19.590 40.679 0.000 -0.0 -90 -115.71
-20.163 62.056 0.000 -0.0 -90 -108.00
0.000 25.050 0.000 -0.0 -90 -90.00
0.000 45.150 0.000 -0.0 -90 -90.00
0.000 65.250 0.000 -0.0 -90 -90.00
20.163 62.056 0.000 -0.0 -90 -72.00
19.590 40.679 0.000 -0.0 -90 -64.29
38.353 52.788 0.000 -0.0 -90 -54.00
17.713 17.713 0.000 -0.0 -90 -45.00
35.300 28.151 0.000 -0.0 -90 -38.57
52.788 38.353 0.000 -0.0 -90 -36.00
62.056 20.163 0.000 -0.0 -90 -18.00
44.018 10.047 0.000 -0.0 -90 -12.86
25.050 0.000 0.000 -0.0 -90 -0.00
65.250 0.000 0.000 -0.0 -90 -0.00
44.018 -10.047 4.100 -0.0 -90 -347.14
62.056 -20.163 4.100 -0.0 -90 -342.00
52.788 -38.353 4.100 -0.0 -90 -324.00
35.300 -28.151 4.100 -0.0 -90 -321.43
17.713 -17.713 4.100 -0.0 -90 -315.00
38.353 -52.788 4.100 -0.0 -90 -306.00
19.590 -40.679 4.100 -0.0 -90 -295.71
20.163 -62.056 4.100 -0.0 -90 -288.00
-0.000 -25.050 4.100 -0.0 -90 -270.00
-0.000 -45.150 4.100 -0.0 -90 -270.00
-0.000 -65.250 4.100 -0.0 -90 -270.00
-20.163 -62.056 4.100 -0.0 -90 -252.00
-19.590 -40.679 4.100 -0.0 -90 -244.29
-38.353 -52.788 4.100 -0.0 -90 -234.00
-17.713 -17.713 4.100 -0.0 -90 -225.00
-35.300 -28.151 4.100 -0.0 -90 -218.57
-52.788 -38.353 4.100 -0.0 -90 -216.00
-62.056 -20.163 4.100 -0.0 -90 -198.00
-44.018 -10.047 4.100 -0.0 -90 -192.86
-25.050 0.000 4.100 -0.0 -90 -180.00
-65.250 0.000 4.100 -0.0 -90 -180.00
-44.018 10.047 4.100 -0.0 -90 -167.14
-62.056 20.163 4.100 -0.0 -90 -162.00
-52.788 38.353 4.100 -0.0 -90 -144.00
-35.300 28.151 4.100 -0.0 -90 -141.43
-17.713 17.713 4.100 -0.0 -90 -135.00
-38.353 52.788 4.100 -0.0 -90 -126.00
-19.590 40.679 4.100 -0.0 -90 -115.71
-20.163 62.056 4.100 -0.0 -90 -108.00
0.000 25.050 4.100 -0.0 -90 -90.00
0.000 45.150 4.100 -0.0 -90 -90.00
0.000 65.250 4.100 -0.0 -90 -90.00
20.163 62.056 4.100 -0.0 -90 -72.00
19.590 40.679 4.100 -0.0 -90 -64.29
38.353 52.788 4.100 -0.0 -90 -54.00
17.713 17.713 4.100 -0.0 -90 -45.00
35.300 28.151 4.100 -0.0 -90 -38.57
52.788 38.353 4.100 -0.0 -90 -36.00
62.056 20.163 4.100 -0.0 -90 -18.00
44.018 10.047 4.100 -0.0 -90 -12.86
25.050 0.000 4.100 -0.0 -90 -0.00
65.250 0.000 4.100 -0.0 -90 -0.00
44.018 -10.047 8.200 -0.0 -90 -347.14
62.056 -20.163 8.200 -0.0 -90 -342.00
52.788 -38.353 8.200 -0.0 -90 -324.00
35.300 -28.151 8.200 -0.0 -90 -321.43
17.713 -17.713 8.200 -0.0 -90 -315.00
38.353 -52.788 8.200 -0.0 -90 -306.00
19.590 -40.679 8.200 -0.0 -90 -295.71
20.163 -62.056 8.200 -0.0 -90 -288.00
-0.000 -25.050 8.200 -0.0 -90 -270.00
-0.000 -45.150 8.200 -0.0 -90 -270.00
-0.000 -65.250 8.200 -0.0 -90 -270.00
-20.163 -62.056 8.200 -0.0 -90 -252.00
-19.590 -40.679 8.200 -0.0 -90 -244.29
-38.353 -52.788 8.200 -0.0 -90 -234.00
-17.713 -17.713 8.200 -0.0 -90 -225.00
-35.300 -28.151 8.200 -0.0 -90 -218.57
-52.788 -38.353 8.200 -0.0 -90 -216.00
-62.056 -20.163 8.200 -0.0 -90 -198.00
-44.018 -10.047 8.200 -0.0 -90 -192.86
-25.050 0.000 8.200 -0.0 -90 -180.00
-65.250 0.000 8.200 -0.0 -90 -180.00
-44.018 10.047 8.200 -0.0 -90 -167.14
-62.056 20.163 8.200 -0.0 -90 -162.00
-52.788 38.353 8.200 -0.0 -90 -144.00
-35.300 28.151 8.200 -0.0 -90 -141.43
-17.713 17.713 8.200 -0.0 -90 -135.00
-38.353 52.788 8.200 -0.0 -90 -126.00
-19.590 40.679 8.200 -0.0 -90 -115.71
-20.163 62.056 8.200 -0.0 -90 -108.00
0.000 25.050 8.200 -0.0 -90 -90.00
0.000 45.150 8.200 -0.0 -90 -90.00
0.000 65.250 8.200 -0.0 -90 -90.00
20.163 62.056 8.200 -0.0 -90 -72.00
19.590 40.679 8.200 -0.0 -90 -64.29
38.353 52.788 8.200 -0.0 -90 -54.00
17.713 17.713 8.200 -0.0 -90 -45.00
35.300 28.151 8.200 -0.0 -90 -38.57
52.788 38.353 8.200 -0.0 -90 -36.00
62.056 20.163 8.200 -0.0 -90 -18.00
44.018 10.047 8.200 -0.0 -90 -12.86
25.050 0.000 8.200 -0.0 -90 -0.00
65.250 0.000 8.200 -0.0 -90 -0.00
