31.471 -6.066 -8.200 0.0 -90.0 -349.09
29.754 -11.912 -8.200 0.0 -90.0 -338.18
26.962 -17.328 -8.200 0.0 -90.0 -327.27
23.196 -22.117 -8.200 0.0 -90.0 -316.36
18.591 -26.107 -8.200 0.0 -90.0 -305.45
13.314 -29.154 -8.200 0.0 -90.0 -294.55
7.556 -31.147 -8.200 0.0 -90.0 -283.64
1.525 -32.014 -8.200 0.0 -90.0 -272.73
-4.561 -31.724 -8.200 0.0 -90.0 -261.82
-10.483 -30.287 -8.200 0.0 -90.0 -250.91
-16.025 -27.756 -8.200 0.0 -90.0 -240.00
-20.988 -24.222 -8.200 0.0 -90.0 -229.09
-25.193 -19.812 -8.200 0.0 -90.0 -218.18
-28.487 -14.686 -8.200 0.0 -90.0 -207.27
-30.752 -9.030 -8.200 0.0 -90.0 -196.36
-31.905 -3.047 -8.200 0.0 -90.0 -185.45
-31.905 3.047 -8.200 0.0 -90.0 -174.55
-30.752 9.030 -8.200 0.0 -90.0 -163.64
-28.487 14.686 -8.200 0.0 -90.0 -152.73
-25.193 19.812 -8.200 0.0 -90.0 -141.82
-20.988 24.222 -8.200 0.0 -90.0 -130.91
-16.025 27.756 -8.200 0.0 -90.0 -120.00
-10.483 30.287 -8.200 0.0 -90.0 -109.09
-4.561 31.724 -8.200 0.0 -90.0 -98.18
1.525 32.014 -8.200 0.0 -90.0 -87.27
7.556 31.147 -8.200 0.0 -90.0 -76.36
13.314 29.154 -8.200 0.0 -90.0 -65.45
18.591 26.107 -8.200 0.0 -90.0 -54.55
23.196 22.117 -8.200 0.0 -90.0 -43.64
26.962 17.328 -8.200 0.0 -90.0 -32.73
29.754 11.912 -8.200 0.0 -90.0 -21.82
31.471 6.066 -8.200 0.0 -90.0 -10.91
32.050 0.000 -8.200 0.0 -90.0 -0.00
31.471 -6.066 -4.100 0.0 -90.0 -349.09
29.754 -11.912 -4.100 0.0 -90.0 -338.18
26.962 -17.328 -4.100 0.0 -90.0 -327.27
23.196 -22.117 -4.100 0.0 -90.0 -316.36
18.591 -26.107 -4.100 0.0 -90.0 -305.45
13.314 -29.154 -4.100 0.0 -90.0 -294.55
7.556 -31.147 -4.100 0.0 -90.0 -283.64
1.525 -32.014 -4.100 0.0 -90.0 -272.73
-4.561 -31.724 -4.100 0.0 -90.0 -261.82
-10.483 -30.287 -4.100 0.0 -90.0 -250.91
-16.025 -27.756 -4.100 0.0 -90.0 -240.00
-20.988 -24.222 -4.100 0.0 -90.0 -229.09
-25.193 -19.812 -4.100 0.0 -90.0 -218.18
-28.487 -14.686 -4.100 0.0 -90.0 -207.27
-30.752 -9.030 -4.100 0.0 -90.0 -196.36
-31.905 -3.047 -4.100 0.0 -90.0 -185.45
-31.905 3.047 -4.100 0.0 -90.0 -174.55
-30.752 9.030 -4.100 0.0 -90.0 -163.64
-28.487 14.686 -4.100 0.0 -90.0 -152.73
-25.193 19.812 -4.100 0.0 -90.0 -141.82
-20.988 24.222 -4.100 0.0 -90.0 -130.91
-16.025 27.756 -4.100 0.0 -90.0 -120.00
-10.483 30.287 -4.100 0.0 -90.0 -109.09
-4.561 31.724 -4.100 0.0 -90.0 -98.18
1.525 32.014 -4.100 0.0 -90.0 -87.27
7.556 31.147 -4.100 0.0 -90.0 -76.36
13.314 29.154 -4.100 0.0 -90.0 -65.45
18.591 26.107 -4.100 0.0 -90.0 -54.55
23.196 22.117 -4.100 0.0 -90.0 -43.64
26.962 17.328 -4.100 0.0 -90.0 -32.73
29.754 11.912 -4.100 0.0 -90.0 -21.82
31.471 6.066 -4.100 0.0 -90.0 -10.91
32.050 0.000 -4.100 0.0 -90.0 -0.00
31.471 -6.066 0.000 0.0 -90.0 -349.09
29.754 -11.912 0.000 0.0 -90.0 -338.18
26.962 -17.328 0.000 0.0 -90.0 -327.27
23.196 -22.117 0.000 0.0 -90.0 -316.36
18.591 -26.107 0.000 0.0 -90.0 -305.45
13.314 -29.154 0.000 0.0 -90.0 -294.55
7.556 -31.147 0.000 0.0 -90.0 -283.64
1.525 -32.014 0.000 0.0 -90.0 -272.73
-4.561 -31.724 0.000 0.0 -90.0 -261.82
-10.483 -30.287 0.000 0.0 -90.0 -250.91
-16.025 -27.756 0.000 0.0 -90.0 -240.00
-20.988 -24.222 0.000 0.0 -90.0 -229.09
-25.193 -19.812 0.000 0.0 -90.0 -218.18
-28.487 -14.686 0.000 0.0 -90.0 -207.27
-30.752 -9.030 0.000 0.0 -90.0 -196.36
-31.905 -3.047 0.000 0.0 -90.0 -185.45
-31.905 3.047 0.000 0.0 -90.0 -174.55
-30.752 9.030 0.000 0.0 -90.0 -163.64
-28.487 14.686 0.000 0.0 -90.0 -152.73
-25.193 19.812 0.000 0.0 -90.0 -141.82
-20.988 24.222 0.000 0.0 -90.0 -130.91
-16.025 27.756 0.000 0.0 -90.0 -120.00
-10.483 30.287 0.000 0.0 -90.0 -109.09
-4.561 31.724 0.000 0.0 -90.0 -98.18
1.525 32.014 0.000 0.0 -90.0 -87.27
7.556 31.147 0.000 0.0 -90.0 -76.36
13.314 29.154 0.000 0.0 -90.0 -65.45
18.591 26.107 0.000 0.0 -90.0 -54.55
23.196 22.117 0.000 0.0 -90.0 -43.64
26.962 17.328 0.000 0.0 -90.0 -32.73
29.754 11.912 0.000 0.0 -90.0 -21.82
31.471 6.066 0.000 0.0 -90.0 -10.91
32.050 0.000 0.000 0.0 -90.0 -0.00
31.471 -6.066 4.100 0.0 -90.0 -349.09
29.754 -11.912 4.100 0.0 -90.0 -338.18
26.962 -17.328 4.100 0.0 -90.0 -327.27
23.196 -22.117 4.100 0.0 -90.0 -316.36
18.591 -26.107 4.100 0.0 -90.0 -305.45
13.314 -29.154 4.100 0.0 -90.0 -294.55
7.556 -31.147 4.100 0.0 -90.0 -283.64
1.525 -32.014 4.100 0.0 -90.0 -272.73
-4.561 -31.724 4.100 0.0 -90.0 -261.82
-10.483 -30.287 4.100 0.0 -90.0 -250.91
-16.025 -27.756 4.100 0.0 -90.0 -240.00
-20.988 -24.222 4.100 0.0 -90.0 -229.09
-25.193 -19.812 4.100 0.0 -90.0 -218.18
-28.487 -14.686 4.100 0.0 -90.0 -207.27
-30.752 -9.030 4.100 0.0 -90.0 -196.36
-31.905 -3.047 4.100 0.0 -90.0 -185.45
-31.905 3.047 4.100 0.0 -90.0 -174.55
-30.752 9.030 4.100 0.0 -90.0 -163.64
-28.487 14.686 4.100 0.0 -90.0 -152.73
-25.193 19.812 4.100 0.0 -90.0 -141.82
-20.988 24.222 4.100 0.0 -90.0 -130.91
-16.025 27.756 4.100 0.0 -90.0 -120.00
-10.483 30.287 4.100 0.0 -90.0 -109.09
-4.561 31.724 4.100 0.0 -90.0 -98.18
1.525 32.014 4.100 0.0 -90.0 -87.27
7.556 31.147 4.100 0.0 -90.0 -76.36
13.314 29.154 4.100 0.0 -90.0 -65.45
18.591 26.107 4.100 0.0 -90.0 -54.55
23.196 22.117 4.100 0.0 -90.0 -43.64
26.962 17.328 4.100 0.0 -90.0 -32.73
29.754 11.912 4.100 0.0 -90.0 -21.82
31.471 6.066 4.100 0.0 -90.0 -10.91
32.050 0.000 4.100 0.0 -90.0 -0.00
31.471 -6.066 8.200 0.0 -90.0 -349.09
29.754 -11.912 8.200 0.0 -90.0 -338.18
26.962 -17.328 8.200 0.0 -90.0 -327.27
23.196 -22.117 8.200 0.0 -90.0 -316.36
18.591 -26.107 8.200 0.0 -90.0 -305.45
13.314 -29.154 8.200 0.0 -90.0 -294.55
7.556 -31.147 8.200 0.0 -90.0 -283.64
1.525 -32.014 8.200 0.0 -90.0 -272.73
-4.561 -31.724 8.200 0.0 -90.0 -261.82
-10.483 -30.287 8.200 0.0 -90.0 -250.91
-16.025 -27.756 8.200 0.0 -90.0 -240.00
-20.988 -24.222 8.200 0.0 -90.0 -229.09
-25.193 -19.812 8.200 0.0 -90.0 -218.18
-28.487 -14.686 8.200 0.0 -90.0 -207.27
-30.752 -9.030 8.200 0.0 -90.0 -196.36
-31.905 -3.047 8.200 0.0 -90.0 -185.45
-31.905 3.047 8.200 0.0 -90.0 -174.55
-30.752 9.030 8.200 0.0 -90.0 -163.64
-28.487 14.686 8.200 0.0 -90.0 -152.73
-25.193 19.812 8.200 0.0 -90.0 -141.82
-20.988 24.222 8.200 0.0 -90.0 -130.91
-16.025 27.756 8.200 0.0 -90.0 -120.00
-10.483 30.287 8.200 0.0 -90.0 -109.09
-4.561 31.724 8.200 0.0 -90.0 -98.18
1.525 32.014 8.200 0.0 -90.0 -87.27
7.556 31.147 8.200 0.0 -90.0 -76.36
13.314 29.154 8.200 0.0 -90.0 -65.45
18.591 26.107 8.200 0.0 -90.0 -54.55
23.196 22.117 8.200 0.0 -90.0 -43.64
26.962 17.328 8.200 0.0 -90.0 -32.73
29.754 11.912 8.200 0.0 -90.0 -21.82
31.471 6.066 8.200 0.0 -90.0 -10.91
32.050 0.000 8.200 0.0 -90.0 -0.00
