59.330 -9.900 -8.200 -0.0 -90 -350.53
77.729 -19.957 -8.200 -0.0 -90 -345.60
35.463 -18.612 -8.200 -0.0 -90 -332.31
52.900 -28.628 -8.200 -0.0 -90 -331.58
70.324 -38.661 -8.200 -0.0 -90 -331.20
58.500 -54.935 -8.200 -0.0 -90 -316.80
40.738 -44.254 -8.200 -0.0 -90 -312.63
22.751 -32.961 -8.200 -0.0 -90 -304.62
43.000 -67.757 -8.200 -0.0 -90 -302.40
24.162 -55.084 -8.200 -0.0 -90 -293.68
24.799 -76.322 -8.200 -0.0 -90 -288.00
4.827 -39.758 -8.200 -0.0 -90 -276.92
4.967 -59.945 -8.200 -0.0 -90 -274.74
5.039 -80.092 -8.200 -0.0 -90 -273.60
-15.037 -78.829 -8.200 -0.0 -90 -259.20
-14.766 -58.309 -8.200 -0.0 -90 -255.79
-14.202 -37.447 -8.200 -0.0 -90 -249.23
-34.169 -72.612 -8.200 -0.0 -90 -244.80
-32.899 -50.356 -8.200 -0.0 -90 -236.84
-51.153 -61.834 -8.200 -0.0 -90 -230.40
-29.978 -26.558 -8.200 -0.0 -90 -221.54
-47.467 -36.945 -8.200 -0.0 -90 -217.89
-64.924 -47.170 -8.200 -0.0 -90 -216.00
-74.615 -29.542 -8.200 -0.0 -90 -201.60
-56.891 -19.531 -8.200 -0.0 -90 -198.95
-38.886 -9.585 -8.200 -0.0 -90 -193.85
-79.617 -10.058 -8.200 -0.0 -90 -187.20
-60.150 0.000 -8.200 -0.0 -90 -180.00
-79.617 10.058 -8.200 -0.0 -90 -172.80
-38.886 9.585 -8.200 -0.0 -90 -166.15
-56.891 19.531 -8.200 -0.0 -90 -161.05
-74.615 29.542 -8.200 -0.0 -90 -158.40
-64.924 47.170 -8.200 -0.0 -90 -144.00
-47.467 36.945 -8.200 -0.0 -90 -142.11
-29.978 26.558 -8.200 -0.0 -90 -138.46
-51.153 61.834 -8.200 -0.0 -90 -129.60
-32.899 50.356 -8.200 -0.0 -90 -123.16
-34.169 72.612 -8.200 -0.0 -90 -115.20
-14.202 37.447 -8.200 -0.0 -90 -110.77
-14.766 58.309 -8.200 -0.0 -90 -104.21
-15.037 78.829 -8.200 -0.0 -90 -100.80
5.039 80.092 -8.200 -0.0 -90 -86.40
4.967 59.945 -8.200 -0.0 -90 -85.26
4.827 39.758 -8.200 -0.0 -90 -83.08
24.799 76.322 -8.200 -0.0 -90 -72.00
24.162 55.084 -8.200 -0.0 -90 -66.32
43.000 67.757 -8.200 -0.0 -90 -57.60
22.751 32.961 -8.200 -0.0 -90 -55.38
40.738 44.254 -8.200 -0.0 -90 -47.37
58.500 54.935 -8.200 -0.0 -90 -43.20
70.324 38.661 -8.200 -0.0 -90 -28.80
52.900 28.628 -8.200 -0.0 -90 -28.42
35.463 18.612 -8.200 -0.0 -90 -27.69
77.729 19.957 -8.200 -0.0 -90 -14.40
59.330 9.900 -8.200 -0.0 -90 -9.47
40.050 0.000 -8.200 -0.0 -90 -0.00
80.250 0.000 -8.200 -0.0 -90 -0.00
59.330 -9.900 -4.100 -0.0 -90 -350.53
77.729 -19.957 -4.100 -0.0 -90 -345.60
35.463 -18.612 -4.100 -0.0 -90 -332.31
52.900 -28.628 -4.100 -0.0 -90 -331.58
70.324 -38.661 -4.100 -0.0 -90 -331.20
58.500 -54.935 -4.100 -0.0 -90 -316.80
40.738 -44.254 -4.100 -0.0 -90 -312.63
22.751 -32.961 -4.100 -0.0 -90 -304.62
43.000 -67.757 -4.100 -0.0 -90 -302.40
24.162 -55.084 -4.100 -0.0 -90 -293.68
24.799 -76.322 -4.100 -0.0 -90 -288.00
4.827 -39.758 -4.100 -0.0 -90 -276.92
4.967 -59.945 -4.100 -0.0 -90 -274.74
5.039 -80.092 -4.100 -0.0 -90 -273.60
-15.037 -78.829 -4.100 -0.0 -90 -259.20
-14.766 -58.309 -4.100 -0.0 -90 -255.79
-14.202 -37.447 -4.100 -0.0 -90 -249.23
-34.169 -72.612 -4.100 -0.0 -90 -244.80
-32.899 -50.356 -4.100 -0.0 -90 -236.84
-51.153 -61.834 -4.100 -0.0 -90 -230.40
-29.978 -26.558 -4.100 -0.0 -90 -221.54
-47.467 -36.945 -4.100 -0.0 -90 -217.89
-64.924 -47.170 -4.100 -0.0 -90 -216.00
-74.615 -29.542 -4.100 -0.0 -90 -201.60
-56.891 -19.531 -4.100 -0.0 -90 -198.95
-38.886 -9.585 -4.100 -0.0 -90 -193.85
-79.617 -10.058 -4.100 -0.0 -90 -187.20
-60.150 0.000 -4.100 -0.0 -90 -180.00
-79.617 10.058 -4.100 -0.0 -90 -172.80
-38.886 9.585 -4.100 -0.0 -90 -166.15
-56.891 19.531 -4.100 -0.0 -90 -161.05
-74.615 29.542 -4.100 -0.0 -90 -158.40
-64.924 47.170 -4.100 -0.0 -90 -144.00
-47.467 36.945 -4.100 -0.0 -90 -142.11
-29.978 26.558 -4.100 -0.0 -90 -138.46
-51.153 61.834 -4.100 -0.0 -90 -129.60
-32.899 50.356 -4.100 -0.0 -90 -123.16
-34.169 72.612 -4.100 -0.0 -90 -115.20
-14.202 37.447 -4.100 -0.0 -90 -110.77
-14.766 58.309 -4.100 -0.0 -90 -104.21
-15.037 78.829 -4.100 -0.0 -90 -100.80
5.039 80.092 -4.100 -0.0 -90 -86.40
4.967 59.945 -4.100 -0.0 -90 -85.26
4.827 39.758 -4.100 -0.0 -90 -83.08
24.799 76.322 -4.100 -0.0 -90 -72.00
24.162 55.084 -4.100 -0.0 -90 -66.32
43.000 67.757 -4.100 -0.0 -90 -57.60
22.751 32.961 -4.100 -0.0 -90 -55.38
40.738 44.254 -4.100 -0.0 -90 -47.37
58.500 54.935 -4.100 -0.0 -90 -43.20
70.324 38.661 -4.100 -0.0 -90 -28.80
52.900 28.628 -4.100 -0.0 -90 -28.42
35.463 18.612 -4.100 -0.0 -90 -27.69
77.729 19.957 -4.100 -0.0 -90 -14.40
59.330 9.900 -4.100 -0.0 -90 -9.47
40.050 0.000 -4.100 -0.0 -90 -0.00
80.250 0.000 -4.100 -0.0 -90 -0.00
59.330 -9.900 0.000 -0.0 -90 -350.53
77.729 -19.957 0.000 -0.0 -90 -345.60
35.463 -18.612 0.000 -0.0 -90 -332.31
52.900 -28.628 0.000 -0.0 -90 -331.58
70.324 -38.661 0.000 -0.0 -90 -331.20
58.500 -54.935 0.000 -0.0 -90 -316.80
40.738 -44.254 0.000 -0.0 -90 -312.63
22.751 -32.961 0.000 -0.0 -90 -304.62
43.000 -67.757 0.000 -0.0 -90 -302.40
24.162 -55.084 0.000 -0.0 -90 -293.68
24.799 -76.322 0.000 -0.0 -90 -288.00
4.827 -39.758 0.000 -0.0 -90 -276.92
4.967 -59.945 0.000 -0.0 -90 -274.74
5.039 -80.092 0.000 -0.0 -90 -273.60
-15.037 -78.829 0.000 -0.0 -90 -259.20
-14.766 -58.309 0.000 -0.0 -90 -255.79
-14.202 -37.447 0.000 -0.0 -90 -249.23
-34.169 -72.612 0.000 -0.0 -90 -244.80
-32.899 -50.356 0.000 -0.0 -90 -236.84
-51.153 -61.834 0.000 -0.0 -90 -230.40
-29.978 -26.558 0.000 -0.0 -90 -221.54
-47.467 -36.945 0.000 -0.0 -90 -217.89
-64.924 -47.170 0.000 -0.0 -90 -216.00
-74.615 -29.542 0.000 -0.0 -90 -201.60
-56.891 -19.531 0.000 -0.0 -90 -198.95
-38.886 -9.585 0.000 -0.0 -90 -193.85
-79.617 -10.058 0.000 -0.0 -90 -187.20
-60.150 0.000 0.000 -0.0 -90 -180.00
-79.617 10.058 0.000 -0.0 -90 -172.80
-38.886 9.585 0.000 -0.0 -90 -166.15
-56.891 19.531 0.000 -0.0 -90 -161.05
-74.615 29.542 0.000 -0.0 -90 -158.40
-64.924 47.170 0.000 -0.0 -90 -144.00
-47.467 36.945 0.000 -0.0 -90 -142.11
-29.978 26.558 0.000 -0.0 -90 -138.46
-51.153 61.834 0.000 -0.0 -90 -129.60
-32.899 50.356 0.000 -0.0 -90 -123.16
-34.169 72.612 0.000 -0.0 -90 -115.20
-14.202 37.447 0.000 -0.0 -90 -110.77
-14.766 58.309 0.000 -0.0 -90 -104.21
-15.037 78.829 0.000 -0.0 -90 -100.80
5.039 80.092 0.000 -0.0 -90 -86.40
4.967 59.945 0.000 -0.0 -90 -85.26
4.827 39.758 0.000 -0.0 -90 -83.08
24.799 76.322 0.000 -0.0 -90 -72.00
24.162 55.084 0.000 -0.0 -90 -66.32
43.000 67.757 0.000 -0.0 -90 -57.60
22.751 32.961 0.000 -0.0 -90 -55.38
40.738 44.254 0.000 -0.0 -90 -47.37
58.500 54.935 0.000 -0.0 -90 -43.20
70.324 38.661 0.000 -0.0 -90 -28.80
52.900 28.628 0.000 -0.0 -90 -28.42
35.463 18.612 0.000 -0.0 -90 -27.69
77.729 19.957 0.000 -0.0 -90 -14.40
59.330 9.900 0.000 -0.0 -90 -9.47
40.050 0.000 0.000 -0.0 -90 -0.00
80.250 0.000 0.000 -0.0 -90 -0.00
59.330 -9.900 4.100 -0.0 -90 -350.53
77.729 -19.957 4.100 -0.0 -90 -345.60
35.463 -18.612 4.100 -0.0 -90 -332.31
52.900 -28.628 4.100 -0.0 -90 -331.58
70.324 -38.661 4.100 -0.0 -90 -331.20
58.500 -54.935 4.100 -0.0 -90 -316.80
40.738 -44.254 4.100 -0.0 -90 -312.63
22.751 -32.961 4.100 -0.0 -90 -304.62
43.000 -67.757 4.100 -0.0 -90 -302.40
24.162 -55.084 4.100 -0.0 -90 -293.68
24.799 -76.322 4.100 -0.0 -90 -288.00
4.827 -39.758 4.100 -0.0 -90 -276.92
4.967 -59.945 4.100 -0.0 -90 -274.74
5.039 -80.092 4.100 -0.0 -90 -273.60
-15.037 -78.829 4.100 -0.0 -90 -259.20
-14.766 -58.309 4.100 -0.0 -90 -255.79
-14.202 -37.447 4.100 -0.0 -90 -249.23
-34.169 -72.612 4.100 -0.0 -90 -244.80
-32.899 -50.356 4.100 -0.0 -90 -236.84
-51.153 -61.834 4.100 -0.0 -90 -230.40
-29.978 -26.558 4.100 -0.0 -90 -221.54
-47.467 -36.945 4.100 -0.0 -90 -217.89
-64.924 -47.170 4.100 -0.0 -90 -216.00
-74.615 -29.542 4.100 -0.0 -90 -201.60
-56.891 -19.531 4.100 -0.0 -90 -198.95
-38.886 -9.585 4.100 -0.0 -90 -193.85
-79.617 -10.058 4.100 -0.0 -90 -187.20
-60.150 0.000 4.100 -0.0 -90 -180.00
-79.617 10.058 4.100 -0.0 -90 -172.80
-38.886 9.585 4.100 -0.0 -90 -166.15
-56.891 19.531 4.100 -0.0 -90 -161.05
-74.615 29.542 4.100 -0.0 -90 -158.40
-64.924 47.170 4.100 -0.0 -90 -144.00
-47.467 36.945 4.100 -0.0 -90 -142.11
-29.978 26.558 4.100 -0.0 -90 -138.46
-51.153 61.834 4.100 -0.0 -90 -129.60
-32.899 50.356 4.100 -0.0 -90 -123.16
-34.169 72.612 4.100 -0.0 -90 -115.20
-14.202 37.447 4.100 -0.0 -90 -110.77
-14.766 58.309 4.100 -0.0 -90 -104.21
-15.037 78.829 4.100 -0.0 -90 -100.80
5.039 80.092 4.100 -0.0 -90 -86.40
4.967 59.945 4.100 -0.0 -90 -85.26
4.827 39.758 4.100 -0.0 -90 -83.08
24.799 76.322 4.100 -0.0 -90 -72.00
24.162 55.084 4.100 -0.0 -90 -66.32
43.000 67.757 4.100 -0.0 -90 -57.60
22.751 32.961 4.100 -0.0 -90 -55.38
40.738 44.254 4.100 -0.0 -90 -47.37
58.500 54.935 4.100 -0.0 -90 -43.20
70.324 38.661 4.100 -0.0 -90 -28.80
52.900 28.628 4.100 -0.0 -90 -28.42
35.463 18.612 4.100 -0.0 -90 -27.69
77.729 19.957 4.100 -0.0 -90 -14.40
59.330 9.900 4.100 -0.0 -90 -9.47
40.050 0.000 4.100 -0.0 -90 -0.00
80.250 0.000 4.100 -0.0 -90 -0.00
59.330 -9.900 8.200 -0.0 -90 -350.53
77.729 -19.957 8.200 -0.0 -90 -345.60
35.463 -18.612 8.200 -0.0 -90 -332.31
52.900 -28.628 8.200 -0.0 -90 -331.58
70.324 -38.661 8.200 -0.0 -90 -331.20
58.500 -54.935 8.200 -0.0 -90 -316.80
40.738 -44.254 8.200 -0.0 -90 -312.63
22.751 -32.961 8.200 -0.0 -90 -304.62
43.000 -67.757 8.200 -0.0 -90 -302.40
24.162 -55.084 8.200 -0.0 -90 -293.68
24.799 -76.322 8.200 -0.0 -90 -288.00
4.827 -39.758 8.200 -0.0 -90 -276.92
4.967 -59.945 8.200 -0.0 -90 -274.74
5.039 -80.092 8.200 -0.0 -90 -273.60
-15.037 -78.829 8.200 -0.0 -90 -259.20
-14.766 -58.309 8.200 -0.0 -90 -255.79
-14.202 -37.447 8.200 -0.0 -90 -249.23
-34.169 -72.612 8.200 -0.0 -90 -244.80
-32.899 -50.356 8.200 -0.0 -90 -236.84
-51.153 -61.834 8.200 -0.0 -90 -230.40
-29.978 -26.558 8.200 -0.0 -90 -221.54
-47.467 -36.945 8.200 -0.0 -90 -217.89
-64.924 -47.170 8.200 -0.0 -90 -216.00
-74.615 -29.542 8.200 -0.0 -90 -201.60
-56.891 -19.531 8.200 -0.0 -90 -198.95
-38.886 -9.585 8.200 -0.0 -90 -193.85
-79.617 -10.058 8.200 -0.0 -90 -187.20
-60.150 0.000 8.200 -0.0 -90 -180.00
-79.617 10.058 8.200 -0.0 -90 -172.80
-38.886 9.585 8.200 -0.0 -90 -166.15
-56.891 19.531 8.200 -0.0 -90 -161.05
-74.615 29.542 8.200 -0.0 -90 -158.40
-64.924 47.170 8.200 -0.0 -90 -144.00
-47.467 36.945 8.200 -0.0 -90 -142.11
-29.978 26.558 8.200 -0.0 -90 -138.46
-51.153 61.834 8.200 -0.0 -90 -129.60
-32.899 50.356 8.200 -0.0 -90 -123.16
-34.169 72.612 8.200 -0.0 -90 -115.20
-14.202 37.447 8.200 -0.0 -90 -110.77
-14.766 58.309 8.200 -0.0 -90 -104.21
-15.037 78.829 8.200 -0.0 -90 -100.80
5.039 80.092 8.200 -0.0 -90 -86.40
4.967 59.945 8.200 -0.0 -90 -85.26
4.827 39.758 8.200 -0.0 -90 -83.08
24.799 76.322 8.200 -0.0 -90 -72.00
24.162 55.084 8.200 -0.0 -90 -66.32
43.000 67.757 8.200 -0.0 -90 -57.60
22.751 32.961 8.200 -0.0 -90 -55.38
40.738 44.254 8.200 -0.0 -90 -47.37
58.500 54.935 8.200 -0.0 -90 -43.20
70.324 38.661 8.200 -0.0 -90 -28.80
52.900 28.628 8.200 -0.0 -90 -28.42
35.463 18.612 8.200 -0.0 -90 -27.69
77.729 19.957 8.200 -0.0 -90 -14.40
59.330 9.900 8.200 -0.0 -90 -9.47
40.050 0.000 8.200 -0.0 -90 -0.00
80.250 0.000 8.200 -0.0 -90 -0.00
