16.022 -5.831 -8.200 0.0 -90.0 -340.00
13.061 -10.960 -8.200 0.0 -90.0 -320.00
8.525 -14.766 -8.200 0.0 -90.0 -300.00
2.961 -16.791 -8.200 0.0 -90.0 -280.00
-2.961 -16.791 -8.200 0.0 -90.0 -260.00
-8.525 -14.766 -8.200 0.0 -90.0 -240.00
-13.061 -10.960 -8.200 0.0 -90.0 -220.00
-16.022 -5.831 -8.200 0.0 -90.0 -200.00
-17.050 0.000 -8.200 0.0 -90.0 -180.00
-16.022 5.831 -8.200 0.0 -90.0 -160.00
-13.061 10.960 -8.200 0.0 -90.0 -140.00
-8.525 14.766 -8.200 0.0 -90.0 -120.00
-2.961 16.791 -8.200 0.0 -90.0 -100.00
2.961 16.791 -8.200 0.0 -90.0 -80.00
8.525 14.766 -8.200 0.0 -90.0 -60.00
13.061 10.960 -8.200 0.0 -90.0 -40.00
16.022 5.831 -8.200 0.0 -90.0 -20.00
17.050 0.000 -8.200 0.0 -90.0 -0.00
16.022 -5.831 -4.100 0.0 -90.0 -340.00
13.061 -10.960 -4.100 0.0 -90.0 -320.00
8.525 -14.766 -4.100 0.0 -90.0 -300.00
2.961 -16.791 -4.100 0.0 -90.0 -280.00
-2.961 -16.791 -4.100 0.0 -90.0 -260.00
-8.525 -14.766 -4.100 0.0 -90.0 -240.00
-13.061 -10.960 -4.100 0.0 -90.0 -220.00
-16.022 -5.831 -4.100 0.0 -90.0 -200.00
-17.050 0.000 -4.100 0.0 -90.0 -180.00
-16.022 5.831 -4.100 0.0 -90.0 -160.00
-13.061 10.960 -4.100 0.0 -90.0 -140.00
-8.525 14.766 -4.100 0.0 -90.0 -120.00
-2.961 16.791 -4.100 0.0 -90.0 -100.00
2.961 16.791 -4.100 0.0 -90.0 -80.00
8.525 14.766 -4.100 0.0 -90.0 -60.00
13.061 10.960 -4.100 0.0 -90.0 -40.00
16.022 5.831 -4.100 0.0 -90.0 -20.00
17.050 0.000 -4.100 0.0 -90.0 -0.00
16.022 -5.831 0.000 0.0 -90.0 -340.00
13.061 -10.960 0.000 0.0 -90.0 -320.00
8.525 -14.766 0.000 0.0 -90.0 -300.00
2.961 -16.791 0.000 0.0 -90.0 -280.00
-2.961 -16.791 0.000 0.0 -90.0 -260.00
-8.525 -14.766 0.000 0.0 -90.0 -240.00
-13.061 -10.960 0.000 0.0 -90.0 -220.00
-16.022 -5.831 0.000 0.0 -90.0 -200.00
-17.050 0.000 0.000 0.0 -90.0 -180.00
-16.022 5.831 0.000 0.0 -90.0 -160.00
-13.061 10.960 0.000 0.0 -90.0 -140.00
-8.525 14.766 0.000 0.0 -90.0 -120.00
-2.961 16.791 0.000 0.0 -90.0 -100.00
2.961 16.791 0.000 0.0 -90.0 -80.00
8.525 14.766 0.000 0.0 -90.0 -60.00
13.061 10.960 0.000 0.0 -90.0 -40.00
16.022 5.831 0.000 0.0 -90.0 -20.00
17.050 0.000 0.000 0.0 -90.0 -0.00
16.022 -5.831 4.100 0.0 -90.0 -340.00
13.061 -10.960 4.100 0.0 -90.0 -320.00
8.525 -14.766 4.100 0.0 -90.0 -300.00
2.961 -16.791 4.100 0.0 -90.0 -280.00
-2.961 -16.791 4.100 0.0 -90.0 -260.00
-8.525 -14.766 4.100 0.0 -90.0 -240.00
-13.061 -10.960 4.100 0.0 -90.0 -220.00
-16.022 -5.831 4.100 0.0 -90.0 -200.00
-17.050 0.000 4.100 0.0 -90.0 -180.00
-16.022 5.831 4.100 0.0 -90.0 -160.00
-13.061 10.960 4.100 0.0 -90.0 -140.00
-8.525 14.766 4.100 0.0 -90.0 -120.00
-2.961 16.791 4.100 0.0 -90.0 -100.00
2.961 16.791 4.100 0.0 -90.0 -80.00
8.525 14.766 4.100 0.0 -90.0 -60.00
13.061 10.960 4.100 0.0 -90.0 -40.00
16.022 5.831 4.100 0.0 -90.0 -20.00
17.050 0.000 4.100 0.0 -90.0 -0.00
16.022 -5.831 8.200 0.0 -90.0 -340.00
13.061 -10.960 8.200 0.0 -90.0 -320.00
8.525 -14.766 8.200 0.0 -90.0 -300.00
2.961 -16.791 8.200 0.0 -90.0 -280.00
-2.961 -16.791 8.200 0.0 -90.0 -260.00
-8.525 -14.766 8.200 0.0 -90.0 -240.00
-13.061 -10.960 8.200 0.0 -90.0 -220.00
-16.022 -5.831 8.200 0.0 -90.0 -200.00
-17.050 0.000 8.200 0.0 -90.0 -180.00
-16.022 5.831 8.200 0.0 -90.0 -160.00
-13.061 10.960 8.200 0.0 -90.0 -140.00
-8.525 14.766 8.200 0.0 -90.0 -120.00
-2.961 16.791 8.200 0.0 -90.0 -100.00
2.961 16.791 8.200 0.0 -90.0 -80.00
8.525 14.766 8.200 0.0 -90.0 -60.00
13.061 10.960 8.200 0.0 -90.0 -40.00
16.022 5.831 8.200 0.0 -90.0 -20.00
17.050 0.000 8.200 0.0 -90.0 -0.00
