47.281 -2.563 0.000 0 0 -356.90
37.063 -2.535 0.000 0 0 -356.09
52.205 -5.062 0.000 0 0 -354.46
41.942 -5.093 0.000 0 0 -353.08
31.635 -5.141 0.000 0 0 -350.77
46.726 -7.660 0.000 0 0 -350.69
51.473 -10.077 0.000 0 0 -348.92
36.373 -7.558 0.000 0 0 -348.26
41.022 -10.111 0.000 0 0 -346.15
45.624 -12.667 0.000 0 0 -344.48
50.260 -14.998 0.000 0 0 -343.38
30.401 -10.149 0.000 0 0 -341.54
35.005 -12.441 0.000 0 0 -340.43
39.504 -14.982 0.000 0 0 -339.23
43.987 -17.526 0.000 0 0 -338.28
48.578 -19.779 0.000 0 0 -337.85
32.985 -17.091 0.000 0 0 -332.61
28.379 -14.894 0.000 0 0 -332.31
37.411 -19.635 0.000 0 0 -332.31
46.442 -24.375 0.000 0 0 -332.31
41.834 -22.179 0.000 0 0 -332.07
43.873 -28.743 0.000 0 0 -326.77
39.191 -26.572 0.000 0 0 -325.86
34.771 -24.001 0.000 0 0 -325.38
30.350 -21.424 0.000 0 0 -324.78
25.622 -19.254 0.000 0 0 -323.08
40.894 -32.843 0.000 0 0 -321.23
36.088 -30.654 0.000 0 0 -319.66
31.625 -28.017 0.000 0 0 -318.46
27.151 -25.357 0.000 0 0 -316.96
37.533 -36.637 0.000 0 0 -315.69
22.202 -23.115 0.000 0 0 -313.85
32.563 -34.376 0.000 0 0 -313.45
28.017 -31.625 0.000 0 0 -311.54
33.822 -40.088 0.000 0 0 -310.15
23.445 -28.818 0.000 0 0 -309.13
28.655 -37.695 0.000 0 0 -307.24
18.206 -26.377 0.000 0 0 -304.62
24.001 -34.771 0.000 0 0 -304.62
29.795 -43.166 0.000 0 0 -304.62
19.303 -31.742 0.000 0 0 -301.30
24.411 -40.572 0.000 0 0 -301.03
25.490 -45.840 0.000 0 0 -299.08
19.635 -37.411 0.000 0 0 -297.69
13.740 -28.956 0.000 0 0 -295.38
19.882 -42.974 0.000 0 0 -294.83
20.947 -48.086 0.000 0 0 -293.54
14.801 -34.074 0.000 0 0 -293.48
14.982 -39.504 0.000 0 0 -290.77
15.119 -44.871 0.000 0 0 -288.62
16.208 -49.883 0.000 0 0 -288.00
8.917 -30.785 0.000 0 0 -286.15
10.023 -35.772 0.000 0 0 -285.65
10.111 -41.022 0.000 0 0 -283.85
11.318 -51.214 0.000 0 0 -282.46
10.179 -46.243 0.000 0 0 -282.41
5.059 -36.804 0.000 0 0 -277.83
3.863 -31.816 0.000 0 0 -276.92
5.093 -41.942 0.000 0 0 -276.92
6.322 -52.068 0.000 0 0 -276.92
5.119 -47.072 0.000 0 0 -276.21
1.267 -52.435 0.000 0 0 -271.38
-0.000 -37.150 0.000 0 0 -270.00
-0.000 -42.250 0.000 0 0 -270.00
-0.000 -47.350 0.000 0 0 -270.00
-1.291 -32.024 0.000 0 0 -267.69
-3.799 -52.312 0.000 0 0 -265.85
-5.119 -47.072 0.000 0 0 -263.79
-5.093 -41.942 0.000 0 0 -263.08
-5.059 -36.804 0.000 0 0 -262.17
-8.830 -51.701 0.000 0 0 -260.31
-6.411 -31.402 0.000 0 0 -258.46
-10.179 -46.243 0.000 0 0 -257.59
-10.111 -41.022 0.000 0 0 -256.15
-13.779 -50.608 0.000 0 0 -254.77
-10.023 -35.772 0.000 0 0 -254.35
-15.119 -44.871 0.000 0 0 -251.38
-11.365 -29.967 0.000 0 0 -249.23
-14.982 -39.504 0.000 0 0 -249.23
-18.599 -49.042 0.000 0 0 -249.23
-14.801 -34.074 0.000 0 0 -246.52
-19.882 -42.974 0.000 0 0 -245.17
-23.245 -47.018 0.000 0 0 -243.69
-19.635 -37.411 0.000 0 0 -242.31
-16.025 -27.756 0.000 0 0 -240.00
-24.411 -40.572 0.000 0 0 -238.97
-19.303 -31.742 0.000 0 0 -238.70
-27.675 -44.555 0.000 0 0 -238.15
-24.001 -34.771 0.000 0 0 -235.38
-28.655 -37.695 0.000 0 0 -232.76
-31.846 -41.676 0.000 0 0 -232.62
-23.445 -28.818 0.000 0 0 -230.87
-20.270 -24.826 0.000 0 0 -230.77
-28.017 -31.625 0.000 0 0 -228.46
-35.719 -38.407 0.000 0 0 -227.08
-32.563 -34.376 0.000 0 0 -226.55
-27.151 -25.357 0.000 0 0 -223.04
-23.990 -21.253 0.000 0 0 -221.54
-31.625 -28.017 0.000 0 0 -221.54
-39.259 -34.781 0.000 0 0 -221.54
-36.088 -30.654 0.000 0 0 -220.34
-42.433 -30.829 0.000 0 0 -216.00
-30.350 -21.424 0.000 0 0 -215.22
-34.771 -24.001 0.000 0 0 -214.62
-39.191 -26.572 0.000 0 0 -214.14
-27.088 -17.130 0.000 0 0 -212.31
-45.210 -26.590 0.000 0 0 -210.46
-41.834 -22.179 0.000 0 0 -207.93
-37.411 -19.635 0.000 0 0 -207.69
-32.985 -17.091 0.000 0 0 -207.39
-47.566 -22.102 0.000 0 0 -204.92
-29.485 -12.563 0.000 0 0 -203.08
-43.987 -17.526 0.000 0 0 -201.72
-39.504 -14.982 0.000 0 0 -200.77
-35.005 -12.441 0.000 0 0 -199.57
-49.477 -17.409 0.000 0 0 -199.38
-45.624 -12.667 0.000 0 0 -195.52
-31.119 -7.670 0.000 0 0 -193.85
-41.022 -10.111 0.000 0 0 -193.85
-50.926 -12.552 0.000 0 0 -193.85
-36.373 -7.558 0.000 0 0 -191.74
-46.726 -7.660 0.000 0 0 -189.31
-51.900 -7.578 0.000 0 0 -188.31
-41.942 -5.093 0.000 0 0 -186.92
-31.946 -2.579 0.000 0 0 -184.62
-37.063 -2.535 0.000 0 0 -183.91
-47.281 -2.563 0.000 0 0 -183.10
-52.389 -2.534 0.000 0 0 -182.77
-42.250 0.000 0.000 0 0 -180.00
-52.389 2.534 0.000 0 0 -177.23
-47.281 2.563 0.000 0 0 -176.90
-37.063 2.535 0.000 0 0 -176.09
-31.946 2.579 0.000 0 0 -175.38
-41.942 5.093 0.000 0 0 -173.08
-51.900 7.578 0.000 0 0 -171.69
-46.726 7.660 0.000 0 0 -170.69
-36.373 7.558 0.000 0 0 -168.26
-31.119 7.670 0.000 0 0 -166.15
-41.022 10.111 0.000 0 0 -166.15
-50.926 12.552 0.000 0 0 -166.15
-45.624 12.667 0.000 0 0 -164.48
-49.477 17.409 0.000 0 0 -160.62
-35.005 12.441 0.000 0 0 -160.43
-39.504 14.982 0.000 0 0 -159.23
-43.987 17.526 0.000 0 0 -158.28
-29.485 12.563 0.000 0 0 -156.92
-47.566 22.102 0.000 0 0 -155.08
-32.985 17.091 0.000 0 0 -152.61
-37.411 19.635 0.000 0 0 -152.31
-41.834 22.179 0.000 0 0 -152.07
-45.210 26.590 0.000 0 0 -149.54
-27.088 17.130 0.000 0 0 -147.69
-39.191 26.572 0.000 0 0 -145.86
-34.771 24.001 0.000 0 0 -145.38
-30.350 21.424 0.000 0 0 -144.78
-42.433 30.829 0.000 0 0 -144.00
-36.088 30.654 0.000 0 0 -139.66
-23.990 21.253 0.000 0 0 -138.46
-31.625 28.017 0.000 0 0 -138.46
-39.259 34.781 0.000 0 0 -138.46
-27.151 25.357 0.000 0 0 -136.96
-32.563 34.376 0.000 0 0 -133.45
-35.719 38.407 0.000 0 0 -132.92
-28.017 31.625 0.000 0 0 -131.54
-20.270 24.826 0.000 0 0 -129.23
-23.445 28.818 0.000 0 0 -129.13
-31.846 41.676 0.000 0 0 -127.38
-28.655 37.695 0.000 0 0 -127.24
-24.001 34.771 0.000 0 0 -124.62
-27.675 44.555 0.000 0 0 -121.85
-19.303 31.742 0.000 0 0 -121.30
-24.411 40.572 0.000 0 0 -121.03
-16.025 27.756 0.000 0 0 -120.00
-19.635 37.411 0.000 0 0 -117.69
-23.245 47.018 0.000 0 0 -116.31
-19.882 42.974 0.000 0 0 -114.83
-14.801 34.074 0.000 0 0 -113.48
-11.365 29.967 0.000 0 0 -110.77
-14.982 39.504 0.000 0 0 -110.77
-18.599 49.042 0.000 0 0 -110.77
-15.119 44.871 0.000 0 0 -108.62
-10.023 35.772 0.000 0 0 -105.65
-13.779 50.608 0.000 0 0 -105.23
-10.111 41.022 0.000 0 0 -103.85
-10.179 46.243 0.000 0 0 -102.41
-6.411 31.402 0.000 0 0 -101.54
-8.830 51.701 0.000 0 0 -99.69
-5.059 36.804 0.000 0 0 -97.83
-5.093 41.942 0.000 0 0 -96.92
-5.119 47.072 0.000 0 0 -96.21
-3.799 52.312 0.000 0 0 -94.15
-1.291 32.024 0.000 0 0 -92.31
0.000 37.150 0.000 0 0 -90.00
0.000 42.250 0.000 0 0 -90.00
0.000 47.350 0.000 0 0 -90.00
1.267 52.435 0.000 0 0 -88.62
5.119 47.072 0.000 0 0 -83.79
3.863 31.816 0.000 0 0 -83.08
5.093 41.942 0.000 0 0 -83.08
6.322 52.068 0.000 0 0 -83.08
5.059 36.804 0.000 0 0 -82.17
10.179 46.243 0.000 0 0 -77.59
11.318 51.214 0.000 0 0 -77.54
10.111 41.022 0.000 0 0 -76.15
10.023 35.772 0.000 0 0 -74.35
8.917 30.785 0.000 0 0 -73.85
16.208 49.883 0.000 0 0 -72.00
15.119 44.871 0.000 0 0 -71.38
14.982 39.504 0.000 0 0 -69.23
14.801 34.074 0.000 0 0 -66.52
20.947 48.086 0.000 0 0 -66.46
19.882 42.974 0.000 0 0 -65.17
13.740 28.956 0.000 0 0 -64.62
19.635 37.411 0.000 0 0 -62.31
25.490 45.840 0.000 0 0 -60.92
24.411 40.572 0.000 0 0 -58.97
19.303 31.742 0.000 0 0 -58.70
18.206 26.377 0.000 0 0 -55.38
24.001 34.771 0.000 0 0 -55.38
29.795 43.166 0.000 0 0 -55.38
28.655 37.695 0.000 0 0 -52.76
23.445 28.818 0.000 0 0 -50.87
33.822 40.088 0.000 0 0 -49.85
28.017 31.625 0.000 0 0 -48.46
32.563 34.376 0.000 0 0 -46.55
22.202 23.115 0.000 0 0 -46.15
37.533 36.637 0.000 0 0 -44.31
27.151 25.357 0.000 0 0 -43.04
31.625 28.017 0.000 0 0 -41.54
36.088 30.654 0.000 0 0 -40.34
40.894 32.843 0.000 0 0 -38.77
25.622 19.254 0.000 0 0 -36.92
30.350 21.424 0.000 0 0 -35.22
34.771 24.001 0.000 0 0 -34.62
39.191 26.572 0.000 0 0 -34.14
43.873 28.743 0.000 0 0 -33.23
41.834 22.179 0.000 0 0 -27.93
28.379 14.894 0.000 0 0 -27.69
37.411 19.635 0.000 0 0 -27.69
46.442 24.375 0.000 0 0 -27.69
32.985 17.091 0.000 0 0 -27.39
48.578 19.779 0.000 0 0 -22.15
43.987 17.526 0.000 0 0 -21.72
39.504 14.982 0.000 0 0 -20.77
35.005 12.441 0.000 0 0 -19.57
30.401 10.149 0.000 0 0 -18.46
50.260 14.998 0.000 0 0 -16.62
45.624 12.667 0.000 0 0 -15.52
41.022 10.111 0.000 0 0 -13.85
36.373 7.558 0.000 0 0 -11.74
51.473 10.077 0.000 0 0 -11.08
46.726 7.660 0.000 0 0 -9.31
31.635 5.141 0.000 0 0 -9.23
41.942 5.093 0.000 0 0 -6.92
52.205 5.062 0.000 0 0 -5.54
37.063 2.535 0.000 0 0 -3.91
47.281 2.563 0.000 0 0 -3.10
32.050 0.000 0.000 0 0 -0.00
42.250 0.000 0.000 0 0 -0.00
52.450 0.000 0.000 0 0 -0.00
