42.273 -2.557 0.000 0 0 -356.54
32.051 -2.522 0.000 0 0 -355.50
47.172 -5.130 0.000 0 0 -353.79
36.903 -5.072 0.000 0 0 -352.17
41.656 -7.634 0.000 0 0 -349.62
26.561 -5.119 0.000 0 0 -349.09
46.341 -10.200 0.000 0 0 -347.59
31.262 -7.505 0.000 0 0 -346.50
35.869 -10.050 0.000 0 0 -344.35
40.432 -12.599 0.000 0 0 -342.69
44.966 -15.151 0.000 0 0 -341.38
25.112 -10.053 0.000 0 0 -338.18
29.703 -12.303 0.000 0 0 -337.50
34.166 -14.840 0.000 0 0 -336.52
38.619 -17.381 0.000 0 0 -335.77
43.064 -19.924 0.000 0 0 -335.17
40.658 -24.463 0.000 0 0 -328.97
36.242 -21.909 0.000 0 0 -328.85
31.827 -19.355 0.000 0 0 -328.70
27.412 -16.798 0.000 0 0 -328.50
22.756 -14.624 0.000 0 0 -327.27
37.775 -28.716 0.000 0 0 -322.76
33.337 -26.118 0.000 0 0 -321.92
28.895 -23.508 0.000 0 0 -320.87
24.447 -20.880 0.000 0 0 -319.50
34.448 -32.631 0.000 0 0 -316.55
19.577 -18.667 0.000 0 0 -316.36
29.946 -29.946 0.000 0 0 -315.00
25.425 -27.224 0.000 0 0 -313.04
20.880 -24.447 0.000 0 0 -310.50
30.718 -36.165 0.000 0 0 -310.34
26.118 -33.337 0.000 0 0 -308.08
15.691 -22.034 0.000 0 0 -305.45
21.481 -30.432 0.000 0 0 -305.22
26.628 -39.274 0.000 0 0 -304.14
16.798 -27.412 0.000 0 0 -301.50
21.909 -36.242 0.000 0 0 -301.15
22.226 -41.923 0.000 0 0 -297.93
17.137 -33.074 0.000 0 0 -297.39
11.237 -24.606 0.000 0 0 -294.55
17.381 -38.619 0.000 0 0 -294.23
12.303 -29.703 0.000 0 0 -292.50
17.563 -44.080 0.000 0 0 -291.72
12.474 -35.099 0.000 0 0 -289.57
12.599 -40.432 0.000 0 0 -287.31
12.694 -45.720 0.000 0 0 -285.52
6.377 -26.288 0.000 0 0 -283.64
7.505 -31.262 0.000 0 0 -283.50
7.579 -36.471 0.000 0 0 -281.74
7.634 -41.656 0.000 0 0 -280.38
7.677 -46.825 0.000 0 0 -279.31
2.522 -32.051 0.000 0 0 -274.50
2.542 -37.163 0.000 0 0 -273.91
2.557 -42.273 0.000 0 0 -273.46
2.569 -47.380 0.000 0 0 -273.10
1.287 -27.019 0.000 0 0 -272.73
-2.569 -47.380 0.000 0 0 -266.90
-2.557 -42.273 0.000 0 0 -266.54
-2.542 -37.163 0.000 0 0 -266.09
-2.522 -32.051 0.000 0 0 -265.50
-3.850 -26.775 0.000 0 0 -261.82
-7.677 -46.825 0.000 0 0 -260.69
-7.634 -41.656 0.000 0 0 -259.62
-7.579 -36.471 0.000 0 0 -258.26
-7.505 -31.262 0.000 0 0 -256.50
-12.694 -45.720 0.000 0 0 -254.48
-12.599 -40.432 0.000 0 0 -252.69
-8.847 -25.562 0.000 0 0 -250.91
-12.474 -35.099 0.000 0 0 -250.43
-17.563 -44.080 0.000 0 0 -248.28
-12.303 -29.703 0.000 0 0 -247.50
-17.381 -38.619 0.000 0 0 -245.77
-17.137 -33.074 0.000 0 0 -242.61
-22.226 -41.923 0.000 0 0 -242.07
-13.525 -23.426 0.000 0 0 -240.00
-21.909 -36.242 0.000 0 0 -238.85
-16.798 -27.412 0.000 0 0 -238.50
-26.628 -39.274 0.000 0 0 -235.86
-21.481 -30.432 0.000 0 0 -234.78
-26.118 -33.337 0.000 0 0 -231.92
-30.718 -36.165 0.000 0 0 -229.66
-20.880 -24.447 0.000 0 0 -229.50
-17.714 -20.443 0.000 0 0 -229.09
-25.425 -27.224 0.000 0 0 -226.96
-29.946 -29.946 0.000 0 0 -225.00
-34.448 -32.631 0.000 0 0 -223.45
-24.447 -20.880 0.000 0 0 -220.50
-28.895 -23.508 0.000 0 0 -219.13
-21.263 -16.721 0.000 0 0 -218.18
-33.337 -26.118 0.000 0 0 -218.08
-37.775 -28.716 0.000 0 0 -217.24
-27.412 -16.798 0.000 0 0 -211.50
-31.827 -19.355 0.000 0 0 -211.30
-36.242 -21.909 0.000 0 0 -211.15
-40.658 -24.463 0.000 0 0 -211.03
-24.043 -12.395 0.000 0 0 -207.27
-43.064 -19.924 0.000 0 0 -204.83
-38.619 -17.381 0.000 0 0 -204.23
-34.166 -14.840 0.000 0 0 -203.48
-29.703 -12.303 0.000 0 0 -202.50
-44.966 -15.151 0.000 0 0 -198.62
-40.432 -12.599 0.000 0 0 -197.31
-25.954 -7.621 0.000 0 0 -196.36
-35.869 -10.050 0.000 0 0 -195.65
-31.262 -7.505 0.000 0 0 -193.50
-46.341 -10.200 0.000 0 0 -192.41
-41.656 -7.634 0.000 0 0 -190.38
-36.903 -5.072 0.000 0 0 -187.83
-47.172 -5.130 0.000 0 0 -186.21
-26.928 -2.571 0.000 0 0 -185.45
-32.051 -2.522 0.000 0 0 -184.50
-42.273 -2.557 0.000 0 0 -183.46
-37.250 0.000 0.000 0 0 -180.00
-47.450 0.000 0.000 0 0 -180.00
-42.273 2.557 0.000 0 0 -176.54
-32.051 2.522 0.000 0 0 -175.50
-26.928 2.571 0.000 0 0 -174.55
-47.172 5.130 0.000 0 0 -173.79
-36.903 5.072 0.000 0 0 -172.17
-41.656 7.634 0.000 0 0 -169.62
-46.341 10.200 0.000 0 0 -167.59
-31.262 7.505 0.000 0 0 -166.50
-35.869 10.050 0.000 0 0 -164.35
-25.954 7.621 0.000 0 0 -163.64
-40.432 12.599 0.000 0 0 -162.69
-44.966 15.151 0.000 0 0 -161.38
-29.703 12.303 0.000 0 0 -157.50
-34.166 14.840 0.000 0 0 -156.52
-38.619 17.381 0.000 0 0 -155.77
-43.064 19.924 0.000 0 0 -155.17
-24.043 12.395 0.000 0 0 -152.73
-40.658 24.463 0.000 0 0 -148.97
-36.242 21.909 0.000 0 0 -148.85
-31.827 19.355 0.000 0 0 -148.70
-27.412 16.798 0.000 0 0 -148.50
-37.775 28.716 0.000 0 0 -142.76
-33.337 26.118 0.000 0 0 -141.92
-21.263 16.721 0.000 0 0 -141.82
-28.895 23.508 0.000 0 0 -140.87
-24.447 20.880 0.000 0 0 -139.50
-34.448 32.631 0.000 0 0 -136.55
-29.946 29.946 0.000 0 0 -135.00
-25.425 27.224 0.000 0 0 -133.04
-17.714 20.443 0.000 0 0 -130.91
-20.880 24.447 0.000 0 0 -130.50
-30.718 36.165 0.000 0 0 -130.34
-26.118 33.337 0.000 0 0 -128.08
-21.481 30.432 0.000 0 0 -125.22
-26.628 39.274 0.000 0 0 -124.14
-16.798 27.412 0.000 0 0 -121.50
-21.909 36.242 0.000 0 0 -121.15
-13.525 23.426 0.000 0 0 -120.00
-22.226 41.923 0.000 0 0 -117.93
-17.137 33.074 0.000 0 0 -117.39
-17.381 38.619 0.000 0 0 -114.23
-12.303 29.703 0.000 0 0 -112.50
-17.563 44.080 0.000 0 0 -111.72
-12.474 35.099 0.000 0 0 -109.57
-8.847 25.562 0.000 0 0 -109.09
-12.599 40.432 0.000 0 0 -107.31
-12.694 45.720 0.000 0 0 -105.52
-7.505 31.262 0.000 0 0 -103.50
-7.579 36.471 0.000 0 0 -101.74
-7.634 41.656 0.000 0 0 -100.38
-7.677 46.825 0.000 0 0 -99.31
-3.850 26.775 0.000 0 0 -98.18
-2.522 32.051 0.000 0 0 -94.50
-2.542 37.163 0.000 0 0 -93.91
-2.557 42.273 0.000 0 0 -93.46
-2.569 47.380 0.000 0 0 -93.10
1.287 27.019 0.000 0 0 -87.27
2.569 47.380 0.000 0 0 -86.90
2.557 42.273 0.000 0 0 -86.54
2.542 37.163 0.000 0 0 -86.09
2.522 32.051 0.000 0 0 -85.50
7.677 46.825 0.000 0 0 -80.69
7.634 41.656 0.000 0 0 -79.62
7.579 36.471 0.000 0 0 -78.26
7.505 31.262 0.000 0 0 -76.50
6.377 26.288 0.000 0 0 -76.36
12.694 45.720 0.000 0 0 -74.48
12.599 40.432 0.000 0 0 -72.69
12.474 35.099 0.000 0 0 -70.43
17.563 44.080 0.000 0 0 -68.28
12.303 29.703 0.000 0 0 -67.50
17.381 38.619 0.000 0 0 -65.77
11.237 24.606 0.000 0 0 -65.45
17.137 33.074 0.000 0 0 -62.61
22.226 41.923 0.000 0 0 -62.07
21.909 36.242 0.000 0 0 -58.85
16.798 27.412 0.000 0 0 -58.50
26.628 39.274 0.000 0 0 -55.86
21.481 30.432 0.000 0 0 -54.78
15.691 22.034 0.000 0 0 -54.55
26.118 33.337 0.000 0 0 -51.92
30.718 36.165 0.000 0 0 -49.66
20.880 24.447 0.000 0 0 -49.50
25.425 27.224 0.000 0 0 -46.96
29.946 29.946 0.000 0 0 -45.00
19.577 18.667 0.000 0 0 -43.64
34.448 32.631 0.000 0 0 -43.45
24.447 20.880 0.000 0 0 -40.50
28.895 23.508 0.000 0 0 -39.13
33.337 26.118 0.000 0 0 -38.08
37.775 28.716 0.000 0 0 -37.24
22.756 14.624 0.000 0 0 -32.73
27.412 16.798 0.000 0 0 -31.50
31.827 19.355 0.000 0 0 -31.30
36.242 21.909 0.000 0 0 -31.15
40.658 24.463 0.000 0 0 -31.03
43.064 19.924 0.000 0 0 -24.83
38.619 17.381 0.000 0 0 -24.23
34.166 14.840 0.000 0 0 -23.48
29.703 12.303 0.000 0 0 -22.50
25.112 10.053 0.000 0 0 -21.82
44.966 15.151 0.000 0 0 -18.62
40.432 12.599 0.000 0 0 -17.31
35.869 10.050 0.000 0 0 -15.65
31.262 7.505 0.000 0 0 -13.50
46.341 10.200 0.000 0 0 -12.41
26.561 5.119 0.000 0 0 -10.91
41.656 7.634 0.000 0 0 -10.38
36.903 5.072 0.000 0 0 -7.83
47.172 5.130 0.000 0 0 -6.21
32.051 2.522 0.000 0 0 -4.50
42.273 2.557 0.000 0 0 -3.46
27.050 0.000 0.000 0 0 -0.00
37.250 0.000 0.000 0 0 -0.00
47.450 0.000 0.000 0 0 -0.00
