54.211 -10.134 -8.200 -0.0 -90 -349.41
72.686 -19.476 -8.200 -0.0 -90 -345.00
65.168 -37.625 -8.200 -0.0 -90 -330.00
46.889 -29.033 -8.200 -0.0 -90 -328.24
29.486 -18.949 -8.200 -0.0 -90 -327.27
53.210 -53.210 -8.200 -0.0 -90 -315.00
33.235 -44.011 -8.200 -0.0 -90 -307.06
37.625 -65.168 -8.200 -0.0 -90 -300.00
14.560 -31.883 -8.200 -0.0 -90 -294.55
15.093 -53.045 -8.200 -0.0 -90 -285.88
19.476 -72.686 -8.200 -0.0 -90 -285.00
-0.000 -75.250 -8.200 -0.0 -90 -270.00
-5.089 -54.915 -8.200 -0.0 -90 -264.71
-4.988 -34.693 -8.200 -0.0 -90 -261.82
-19.476 -72.686 -8.200 -0.0 -90 -255.00
-24.582 -49.368 -8.200 -0.0 -90 -243.53
-37.625 -65.168 -8.200 -0.0 -90 -240.00
-22.953 -26.489 -8.200 -0.0 -90 -229.09
-53.210 -53.210 -8.200 -0.0 -90 -225.00
-40.756 -37.154 -8.200 -0.0 -90 -222.35
-65.168 -37.625 -8.200 -0.0 -90 -210.00
-51.426 -19.922 -8.200 -0.0 -90 -201.18
-33.630 -9.875 -8.200 -0.0 -90 -196.36
-72.686 -19.476 -8.200 -0.0 -90 -195.00
-55.150 0.000 -8.200 -0.0 -90 -180.00
-75.250 0.000 -8.200 -0.0 -90 -180.00
-72.686 19.476 -8.200 -0.0 -90 -165.00
-33.630 9.875 -8.200 -0.0 -90 -163.64
-51.426 19.922 -8.200 -0.0 -90 -158.82
-65.168 37.625 -8.200 -0.0 -90 -150.00
-40.756 37.154 -8.200 -0.0 -90 -137.65
-53.210 53.210 -8.200 -0.0 -90 -135.00
-22.953 26.489 -8.200 -0.0 -90 -130.91
-37.625 65.168 -8.200 -0.0 -90 -120.00
-24.582 49.368 -8.200 -0.0 -90 -116.47
-19.476 72.686 -8.200 -0.0 -90 -105.00
-4.988 34.693 -8.200 -0.0 -90 -98.18
-5.089 54.915 -8.200 -0.0 -90 -95.29
0.000 75.250 -8.200 -0.0 -90 -90.00
19.476 72.686 -8.200 -0.0 -90 -75.00
15.093 53.045 -8.200 -0.0 -90 -74.12
14.560 31.883 -8.200 -0.0 -90 -65.45
37.625 65.168 -8.200 -0.0 -90 -60.00
33.235 44.011 -8.200 -0.0 -90 -52.94
53.210 53.210 -8.200 -0.0 -90 -45.00
29.486 18.949 -8.200 -0.0 -90 -32.73
46.889 29.033 -8.200 -0.0 -90 -31.76
65.168 37.625 -8.200 -0.0 -90 -30.00
72.686 19.476 -8.200 -0.0 -90 -15.00
54.211 10.134 -8.200 -0.0 -90 -10.59
35.050 0.000 -8.200 -0.0 -90 -0.00
75.250 0.000 -8.200 -0.0 -90 -0.00
54.211 -10.134 -4.100 -0.0 -90 -349.41
72.686 -19.476 -4.100 -0.0 -90 -345.00
65.168 -37.625 -4.100 -0.0 -90 -330.00
46.889 -29.033 -4.100 -0.0 -90 -328.24
29.486 -18.949 -4.100 -0.0 -90 -327.27
53.210 -53.210 -4.100 -0.0 -90 -315.00
33.235 -44.011 -4.100 -0.0 -90 -307.06
37.625 -65.168 -4.100 -0.0 -90 -300.00
14.560 -31.883 -4.100 -0.0 -90 -294.55
15.093 -53.045 -4.100 -0.0 -90 -285.88
19.476 -72.686 -4.100 -0.0 -90 -285.00
-0.000 -75.250 -4.100 -0.0 -90 -270.00
-5.089 -54.915 -4.100 -0.0 -90 -264.71
-4.988 -34.693 -4.100 -0.0 -90 -261.82
-19.476 -72.686 -4.100 -0.0 -90 -255.00
-24.582 -49.368 -4.100 -0.0 -90 -243.53
-37.625 -65.168 -4.100 -0.0 -90 -240.00
-22.953 -26.489 -4.100 -0.0 -90 -229.09
-53.210 -53.210 -4.100 -0.0 -90 -225.00
-40.756 -37.154 -4.100 -0.0 -90 -222.35
-65.168 -37.625 -4.100 -0.0 -90 -210.00
-51.426 -19.922 -4.100 -0.0 -90 -201.18
-33.630 -9.875 -4.100 -0.0 -90 -196.36
-72.686 -19.476 -4.100 -0.0 -90 -195.00
-55.150 0.000 -4.100 -0.0 -90 -180.00
-75.250 0.000 -4.100 -0.0 -90 -180.00
-72.686 19.476 -4.100 -0.0 -90 -165.00
-33.630 9.875 -4.100 -0.0 -90 -163.64
-51.426 19.922 -4.100 -0.0 -90 -158.82
-65.168 37.625 -4.100 -0.0 -90 -150.00
-40.756 37.154 -4.100 -0.0 -90 -137.65
-53.210 53.210 -4.100 -0.0 -90 -135.00
-22.953 26.489 -4.100 -0.0 -90 -130.91
-37.625 65.168 -4.100 -0.0 -90 -120.00
-24.582 49.368 -4.100 -0.0 -90 -116.47
-19.476 72.686 -4.100 -0.0 -90 -105.00
-4.988 34.693 -4.100 -0.0 -90 -98.18
-5.089 54.915 -4.100 -0.0 -90 -95.29
0.000 75.250 -4.100 -0.0 -90 -90.00
19.476 72.686 -4.100 -0.0 -90 -75.00
15.093 53.045 -4.100 -0.0 -90 -74.12
14.560 31.883 -4.100 -0.0 -90 -65.45
37.625 65.168 -4.100 -0.0 -90 -60.00
33.235 44.011 -4.100 -0.0 -90 -52.94
53.210 53.210 -4.100 -0.0 -90 -45.00
29.486 18.949 -4.100 -0.0 -90 -32.73
46.889 29.033 -4.100 -0.0 -90 -31.76
65.168 37.625 -4.100 -0.0 -90 -30.00
72.686 19.476 -4.100 -0.0 -90 -15.00
54.211 10.134 -4.100 -0.0 -90 -10.59
35.050 0.000 -4.100 -0.0 -90 -0.00
75.250 0.000 -4.100 -0.0 -90 -0.00
54.211 -10.134 0.000 -0.0 -90 -349.41
72.686 -19.476 0.000 -0.0 -90 -345.00
65.168 -37.625 0.000 -0.0 -90 -330.00
46.889 -29.033 0.000 -0.0 -90 -328.24
29.486 -18.949 0.000 -0.0 -90 -327.27
53.210 -53.210 0.000 -0.0 -90 -315.00
33.235 -44.011 0.000 -0.0 -90 -307.06
37.625 -65.168 0.000 -0.0 -90 -300.00
14.560 -31.883 0.000 -0.0 -90 -294.55
15.093 -53.045 0.000 -0.0 -90 -285.88
19.476 -72.686 0.000 -0.0 -90 -285.00
-0.000 -75.250 0.000 -0.0 -90 -270.00
-5.089 -54.915 0.000 -0.0 -90 -264.71
-4.988 -34.693 0.000 -0.0 -90 -261.82
-19.476 -72.686 0.000 -0.0 -90 -255.00
-24.582 -49.368 0.000 -0.0 -90 -243.53
-37.625 -65.168 0.000 -0.0 -90 -240.00
-22.953 -26.489 0.000 -0.0 -90 -229.09
-53.210 -53.210 0.000 -0.0 -90 -225.00
-40.756 -37.154 0.000 -0.0 -90 -222.35
-65.168 -37.625 0.000 -0.0 -90 -210.00
-51.426 -19.922 0.000 -0.0 -90 -201.18
-33.630 -9.875 0.000 -0.0 -90 -196.36
-72.686 -19.476 0.000 -0.0 -90 -195.00
-55.150 0.000 0.000 -0.0 -90 -180.00
-75.250 0.000 0.000 -0.0 -90 -180.00
-72.686 19.476 0.000 -0.0 -90 -165.00
-33.630 9.875 0.000 -0.0 -90 -163.64
-51.426 19.922 0.000 -0.0 -90 -158.82
-65.168 37.625 0.000 -0.0 -90 -150.00
-40.756 37.154 0.000 -0.0 -90 -137.65
-53.210 53.210 0.000 -0.0 -90 -135.00
-22.953 26.489 0.000 -0.0 -90 -130.91
-37.625 65.168 0.000 -0.0 -90 -120.00
-24.582 49.368 0.000 -0.0 -90 -116.47
-19.476 72.686 0.000 -0.0 -90 -105.00
-4.988 34.693 0.000 -0.0 -90 -98.18
-5.089 54.915 0.000 -0.0 -90 -95.29
0.000 75.250 0.000 -0.0 -90 -90.00
19.476 72.686 0.000 -0.0 -90 -75.00
15.093 53.045 0.000 -0.0 -90 -74.12
14.560 31.883 0.000 -0.0 -90 -65.45
37.625 65.168 0.000 -0.0 -90 -60.00
33.235 44.011 0.000 -0.0 -90 -52.94
53.210 53.210 0.000 -0.0 -90 -45.00
29.486 18.949 0.000 -0.0 -90 -32.73
46.889 29.033 0.000 -0.0 -90 -31.76
65.168 37.625 0.000 -0.0 -90 -30.00
72.686 19.476 0.000 -0.0 -90 -15.00
54.211 10.134 0.000 -0.0 -90 -10.59
35.050 0.000 0.000 -0.0 -90 -0.00
75.250 0.000 0.000 -0.0 -90 -0.00
54.211 -10.134 4.100 -0.0 -90 -349.41
72.686 -19.476 4.100 -0.0 -90 -345.00
65.168 -37.625 4.100 -0.0 -90 -330.00
46.889 -29.033 4.100 -0.0 -90 -328.24
29.486 -18.949 4.100 -0.0 -90 -327.27
53.210 -53.210 4.100 -0.0 -90 -315.00
33.235 -44.011 4.100 -0.0 -90 -307.06
37.625 -65.168 4.100 -0.0 -90 -300.00
14.560 -31.883 4.100 -0.0 -90 -294.55
15.093 -53.045 4.100 -0.0 -90 -285.88
19.476 -72.686 4.100 -0.0 -90 -285.00
-0.000 -75.250 4.100 -0.0 -90 -270.00
-5.089 -54.915 4.100 -0.0 -90 -264.71
-4.988 -34.693 4.100 -0.0 -90 -261.82
-19.476 -72.686 4.100 -0.0 -90 -255.00
-24.582 -49.368 4.100 -0.0 -90 -243.53
-37.625 -65.168 4.100 -0.0 -90 -240.00
-22.953 -26.489 4.100 -0.0 -90 -229.09
-53.210 -53.210 4.100 -0.0 -90 -225.00
-40.756 -37.154 4.100 -0.0 -90 -222.35
-65.168 -37.625 4.100 -0.0 -90 -210.00
-51.426 -19.922 4.100 -0.0 -90 -201.18
-33.630 -9.875 4.100 -0.0 -90 -196.36
-72.686 -19.476 4.100 -0.0 -90 -195.00
-55.150 0.000 4.100 -0.0 -90 -180.00
-75.250 0.000 4.100 -0.0 -90 -180.00
-72.686 19.476 4.100 -0.0 -90 -165.00
-33.630 9.875 4.100 -0.0 -90 -163.64
-51.426 19.922 4.100 -0.0 -90 -158.82
-65.168 37.625 4.100 -0.0 -90 -150.00
-40.756 37.154 4.100 -0.0 -90 -137.65
-53.210 53.210 4.100 -0.0 -90 -135.00
-22.953 26.489 4.100 -0.0 -90 -130.91
-37.625 65.168 4.100 -0.0 -90 -120.00
-24.582 49.368 4.100 -0.0 -90 -116.47
-19.476 72.686 4.100 -0.0 -90 -105.00
-4.988 34.693 4.100 -0.0 -90 -98.18
-5.089 54.915 4.100 -0.0 -90 -95.29
0.000 75.250 4.100 -0.0 -90 -90.00
19.476 72.686 4.100 -0.0 -90 -75.00
15.093 53.045 4.100 -0.0 -90 -74.12
14.560 31.883 4.100 -0.0 -90 -65.45
37.625 65.168 4.100 -0.0 -90 -60.00
33.235 44.011 4.100 -0.0 -90 -52.94
53.210 53.210 4.100 -0.0 -90 -45.00
29.486 18.949 4.100 -0.0 -90 -32.73
46.889 29.033 4.100 -0.0 -90 -31.76
65.168 37.625 4.100 -0.0 -90 -30.00
72.686 19.476 4.100 -0.0 -90 -15.00
54.211 10.134 4.100 -0.0 -90 -10.59
35.050 0.000 4.100 -0.0 -90 -0.00
75.250 0.000 4.100 -0.0 -90 -0.00
54.211 -10.134 8.200 -0.0 -90 -349.41
72.686 -19.476 8.200 -0.0 -90 -345.00
65.168 -37.625 8.200 -0.0 -90 -330.00
46.889 -29.033 8.200 -0.0 -90 -328.24
29.486 -18.949 8.200 -0.0 -90 -327.27
53.210 -53.210 8.200 -0.0 -90 -315.00
33.235 -44.011 8.200 -0.0 -90 -307.06
37.625 -65.168 8.200 -0.0 -90 -300.00
14.560 -31.883 8.200 -0.0 -90 -294.55
15.093 -53.045 8.200 -0.0 -90 -285.88
19.476 -72.686 8.200 -0.0 -90 -285.00
-0.000 -75.250 8.200 -0.0 -90 -270.00
-5.089 -54.915 8.200 -0.0 -90 -264.71
-4.988 -34.693 8.200 -0.0 -90 -261.82
-19.476 -72.686 8.200 -0.0 -90 -255.00
-24.582 -49.368 8.200 -0.0 -90 -243.53
-37.625 -65.168 8.200 -0.0 -90 -240.00
-22.953 -26.489 8.200 -0.0 -90 -229.09
-53.210 -53.210 8.200 -0.0 -90 -225.00
-40.756 -37.154 8.200 -0.0 -90 -222.35
-65.168 -37.625 8.200 -0.0 -90 -210.00
-51.426 -19.922 8.200 -0.0 -90 -201.18
-33.630 -9.875 8.200 -0.0 -90 -196.36
-72.686 -19.476 8.200 -0.0 -90 -195.00
-55.150 0.000 8.200 -0.0 -90 -180.00
-75.250 0.000 8.200 -0.0 -90 -180.00
-72.686 19.476 8.200 -0.0 -90 -165.00
-33.630 9.875 8.200 -0.0 -90 -163.64
-51.426 19.922 8.200 -0.0 -90 -158.82
-65.168 37.625 8.200 -0.0 -90 -150.00
-40.756 37.154 8.200 -0.0 -90 -137.65
-53.210 53.210 8.200 -0.0 -90 -135.00
-22.953 26.489 8.200 -0.0 -90 -130.91
-37.625 65.168 8.200 -0.0 -90 -120.00
-24.582 49.368 8.200 -0.0 -90 -116.47
-19.476 72.686 8.200 -0.0 -90 -105.00
-4.988 34.693 8.200 -0.0 -90 -98.18
-5.089 54.915 8.200 -0.0 -90 -95.29
0.000 75.250 8.200 -0.0 -90 -90.00
19.476 72.686 8.200 -0.0 -90 -75.00
15.093 53.045 8.200 -0.0 -90 -74.12
14.560 31.883 8.200 -0.0 -90 -65.45
37.625 65.168 8.200 -0.0 -90 -60.00
33.235 44.011 8.200 -0.0 -90 -52.94
53.210 53.210 8.200 -0.0 -90 -45.00
29.486 18.949 8.200 -0.0 -90 -32.73
46.889 29.033 8.200 -0.0 -90 -31.76
65.168 37.625 8.200 -0.0 -90 -30.00
72.686 19.476 8.200 -0.0 -90 -15.00
54.211 10.134 8.200 -0.0 -90 -10.59
35.050 0.000 8.200 -0.0 -90 -0.00
75.250 0.000 8.200 -0.0 -90 -0.00
