52.287 -2.569 0.000 0 0 -357.19
42.073 -2.545 0.000 0 0 -356.54
57.225 -5.077 0.000 0 0 -354.93
46.973 -5.109 0.000 0 0 -353.79
36.705 -5.045 0.000 0 0 -352.17
51.783 -7.681 0.000 0 0 -351.56
56.553 -10.115 0.000 0 0 -349.86
41.460 -7.598 0.000 0 0 -349.62
46.145 -10.157 0.000 0 0 -347.59
50.781 -12.720 0.000 0 0 -345.94
55.437 -15.074 0.000 0 0 -344.79
35.676 -9.996 0.000 0 0 -344.35
40.241 -12.540 0.000 0 0 -342.69
44.777 -15.087 0.000 0 0 -341.38
49.290 -17.636 0.000 0 0 -340.31
53.888 -19.914 0.000 0 0 -339.72
33.983 -14.761 0.000 0 0 -336.52
38.437 -17.299 0.000 0 0 -335.77
42.883 -19.840 0.000 0 0 -335.17
47.324 -22.383 0.000 0 0 -334.69
51.917 -24.599 0.000 0 0 -334.65
49.540 -29.091 0.000 0 0 -329.58
44.902 -26.913 0.000 0 0 -329.06
40.487 -24.360 0.000 0 0 -328.97
36.071 -21.806 0.000 0 0 -328.85
31.656 -19.251 0.000 0 0 -328.70
46.775 -33.356 0.000 0 0 -324.51
42.048 -31.185 0.000 0 0 -323.44
37.615 -28.594 0.000 0 0 -322.76
33.180 -25.995 0.000 0 0 -321.92
28.740 -23.382 0.000 0 0 -320.87
43.644 -37.359 0.000 0 0 -319.44
38.789 -35.156 0.000 0 0 -317.81
34.303 -32.494 0.000 0 0 -316.55
29.805 -29.805 0.000 0 0 -315.00
40.171 -41.070 0.000 0 0 -314.37
25.289 -27.077 0.000 0 0 -313.04
35.156 -38.789 0.000 0 0 -312.19
30.589 -36.012 0.000 0 0 -310.34
36.384 -44.460 0.000 0 0 -309.30
25.995 -33.180 0.000 0 0 -308.08
31.185 -42.048 0.000 0 0 -306.56
21.366 -30.269 0.000 0 0 -305.22
32.313 -47.501 0.000 0 0 -304.23
26.516 -39.108 0.000 0 0 -304.14
21.806 -36.071 0.000 0 0 -301.15
26.913 -44.902 0.000 0 0 -300.94
27.988 -50.171 0.000 0 0 -299.15
22.132 -41.746 0.000 0 0 -297.93
17.045 -32.896 0.000 0 0 -297.39
22.383 -47.324 0.000 0 0 -295.31
17.299 -38.437 0.000 0 0 -294.23
23.444 -52.449 0.000 0 0 -294.08
17.489 -43.894 0.000 0 0 -291.72
17.636 -49.290 0.000 0 0 -289.69
12.407 -34.911 0.000 0 0 -289.57
18.717 -54.315 0.000 0 0 -289.01
12.540 -40.241 0.000 0 0 -287.31
12.641 -45.528 0.000 0 0 -285.52
12.720 -50.781 0.000 0 0 -284.06
13.844 -55.757 0.000 0 0 -283.94
7.538 -36.275 0.000 0 0 -281.74
7.598 -41.460 0.000 0 0 -280.38
7.644 -46.628 0.000 0 0 -279.31
8.862 -56.762 0.000 0 0 -278.87
7.681 -51.783 0.000 0 0 -278.44
2.528 -36.964 0.000 0 0 -273.91
3.810 -57.324 0.000 0 0 -273.80
2.545 -42.073 0.000 0 0 -273.46
2.558 -47.181 0.000 0 0 -273.10
2.569 -52.287 0.000 0 0 -272.81
-1.271 -57.436 0.000 0 0 -268.73
-2.569 -52.287 0.000 0 0 -267.19
-2.558 -47.181 0.000 0 0 -266.90
-2.545 -42.073 0.000 0 0 -266.54
-2.528 -36.964 0.000 0 0 -266.09
-6.342 -57.099 0.000 0 0 -263.66
-7.681 -51.783 0.000 0 0 -261.56
-7.644 -46.628 0.000 0 0 -260.69
-7.598 -41.460 0.000 0 0 -259.62
-11.364 -56.315 0.000 0 0 -258.59
-7.538 -36.275 0.000 0 0 -258.26
-12.720 -50.781 0.000 0 0 -255.94
-12.641 -45.528 0.000 0 0 -254.48
-16.296 -55.090 0.000 0 0 -253.52
-12.540 -40.241 0.000 0 0 -252.69
-12.407 -34.911 0.000 0 0 -250.43
-17.636 -49.290 0.000 0 0 -250.31
-21.101 -53.434 0.000 0 0 -248.45
-17.489 -43.894 0.000 0 0 -248.28
-17.299 -38.437 0.000 0 0 -245.77
-22.383 -47.324 0.000 0 0 -244.69
-25.741 -51.360 0.000 0 0 -243.38
-17.045 -32.896 0.000 0 0 -242.61
-22.132 -41.746 0.000 0 0 -242.07
-26.913 -44.902 0.000 0 0 -239.06
-21.806 -36.071 0.000 0 0 -238.85
-30.180 -48.884 0.000 0 0 -238.31
-26.516 -39.108 0.000 0 0 -235.86
-21.366 -30.269 0.000 0 0 -234.78
-31.185 -42.048 0.000 0 0 -233.44
-34.382 -46.026 0.000 0 0 -233.24
-25.995 -33.180 0.000 0 0 -231.92
-30.589 -36.012 0.000 0 0 -229.66
-38.315 -42.807 0.000 0 0 -228.17
-35.156 -38.789 0.000 0 0 -227.81
-25.289 -27.077 0.000 0 0 -226.96
-29.805 -29.805 0.000 0 0 -225.00
-34.303 -32.494 0.000 0 0 -223.45
-41.949 -39.253 0.000 0 0 -223.10
-38.789 -35.156 0.000 0 0 -222.19
-28.740 -23.382 0.000 0 0 -219.13
-33.180 -25.995 0.000 0 0 -218.08
-45.254 -35.392 0.000 0 0 -218.03
-37.615 -28.594 0.000 0 0 -217.24
-42.048 -31.185 0.000 0 0 -216.56
-48.205 -31.254 0.000 0 0 -212.96
-31.656 -19.251 0.000 0 0 -211.30
-36.071 -21.806 0.000 0 0 -211.15
-40.487 -24.360 0.000 0 0 -211.03
-44.902 -26.913 0.000 0 0 -210.94
-50.778 -26.871 0.000 0 0 -207.89
-47.324 -22.383 0.000 0 0 -205.31
-42.883 -19.840 0.000 0 0 -204.83
-38.437 -17.299 0.000 0 0 -204.23
-33.983 -14.761 0.000 0 0 -203.48
-52.954 -22.278 0.000 0 0 -202.82
-49.290 -17.636 0.000 0 0 -199.69
-44.777 -15.087 0.000 0 0 -198.62
-54.716 -17.511 0.000 0 0 -197.75
-40.241 -12.540 0.000 0 0 -197.31
-35.676 -9.996 0.000 0 0 -195.65
-50.781 -12.720 0.000 0 0 -194.06
-56.050 -12.607 0.000 0 0 -192.68
-46.145 -10.157 0.000 0 0 -192.41
-41.460 -7.598 0.000 0 0 -190.38
-51.783 -7.681 0.000 0 0 -188.44
-36.705 -5.045 0.000 0 0 -187.83
-56.945 -7.604 0.000 0 0 -187.61
-46.973 -5.109 0.000 0 0 -186.21
-42.073 -2.545 0.000 0 0 -183.46
-52.287 -2.569 0.000 0 0 -182.81
-57.394 -2.541 0.000 0 0 -182.54
-37.050 0.000 0.000 0 0 -180.00
-47.250 0.000 0.000 0 0 -180.00
-57.394 2.541 0.000 0 0 -177.46
-52.287 2.569 0.000 0 0 -177.19
-42.073 2.545 0.000 0 0 -176.54
-46.973 5.109 0.000 0 0 -173.79
-56.945 7.604 0.000 0 0 -172.39
-36.705 5.045 0.000 0 0 -172.17
-51.783 7.681 0.000 0 0 -171.56
-41.460 7.598 0.000 0 0 -169.62
-46.145 10.157 0.000 0 0 -167.59
-56.050 12.607 0.000 0 0 -167.32
-50.781 12.720 0.000 0 0 -165.94
-35.676 9.996 0.000 0 0 -164.35
-40.241 12.540 0.000 0 0 -162.69
-54.716 17.511 0.000 0 0 -162.25
-44.777 15.087 0.000 0 0 -161.38
-49.290 17.636 0.000 0 0 -160.31
-52.954 22.278 0.000 0 0 -157.18
-33.983 14.761 0.000 0 0 -156.52
-38.437 17.299 0.000 0 0 -155.77
-42.883 19.840 0.000 0 0 -155.17
-47.324 22.383 0.000 0 0 -154.69
-50.778 26.871 0.000 0 0 -152.11
-44.902 26.913 0.000 0 0 -149.06
-40.487 24.360 0.000 0 0 -148.97
-36.071 21.806 0.000 0 0 -148.85
-31.656 19.251 0.000 0 0 -148.70
-48.205 31.254 0.000 0 0 -147.04
-42.048 31.185 0.000 0 0 -143.44
-37.615 28.594 0.000 0 0 -142.76
-45.254 35.392 0.000 0 0 -141.97
-33.180 25.995 0.000 0 0 -141.92
-28.740 23.382 0.000 0 0 -140.87
-38.789 35.156 0.000 0 0 -137.81
-41.949 39.253 0.000 0 0 -136.90
-34.303 32.494 0.000 0 0 -136.55
-29.805 29.805 0.000 0 0 -135.00
-25.289 27.077 0.000 0 0 -133.04
-35.156 38.789 0.000 0 0 -132.19
-38.315 42.807 0.000 0 0 -131.83
-30.589 36.012 0.000 0 0 -130.34
-25.995 33.180 0.000 0 0 -128.08
-34.382 46.026 0.000 0 0 -126.76
-31.185 42.048 0.000 0 0 -126.56
-21.366 30.269 0.000 0 0 -125.22
-26.516 39.108 0.000 0 0 -124.14
-30.180 48.884 0.000 0 0 -121.69
-21.806 36.071 0.000 0 0 -121.15
-26.913 44.902 0.000 0 0 -120.94
-22.132 41.746 0.000 0 0 -117.93
-17.045 32.896 0.000 0 0 -117.39
-25.741 51.360 0.000 0 0 -116.62
-22.383 47.324 0.000 0 0 -115.31
-17.299 38.437 0.000 0 0 -114.23
-17.489 43.894 0.000 0 0 -111.72
-21.101 53.434 0.000 0 0 -111.55
-17.636 49.290 0.000 0 0 -109.69
-12.407 34.911 0.000 0 0 -109.57
-12.540 40.241 0.000 0 0 -107.31
-16.296 55.090 0.000 0 0 -106.48
-12.641 45.528 0.000 0 0 -105.52
-12.720 50.781 0.000 0 0 -104.06
-7.538 36.275 0.000 0 0 -101.74
-11.364 56.315 0.000 0 0 -101.41
-7.598 41.460 0.000 0 0 -100.38
-7.644 46.628 0.000 0 0 -99.31
-7.681 51.783 0.000 0 0 -98.44
-6.342 57.099 0.000 0 0 -96.34
-2.528 36.964 0.000 0 0 -93.91
-2.545 42.073 0.000 0 0 -93.46
-2.558 47.181 0.000 0 0 -93.10
-2.569 52.287 0.000 0 0 -92.81
-1.271 57.436 0.000 0 0 -91.27
2.569 52.287 0.000 0 0 -87.19
2.558 47.181 0.000 0 0 -86.90
2.545 42.073 0.000 0 0 -86.54
3.810 57.324 0.000 0 0 -86.20
2.528 36.964 0.000 0 0 -86.09
7.681 51.783 0.000 0 0 -81.56
8.862 56.762 0.000 0 0 -81.13
7.644 46.628 0.000 0 0 -80.69
7.598 41.460 0.000 0 0 -79.62
7.538 36.275 0.000 0 0 -78.26
13.844 55.757 0.000 0 0 -76.06
12.720 50.781 0.000 0 0 -75.94
12.641 45.528 0.000 0 0 -74.48
12.540 40.241 0.000 0 0 -72.69
18.717 54.315 0.000 0 0 -70.99
12.407 34.911 0.000 0 0 -70.43
17.636 49.290 0.000 0 0 -70.31
17.489 43.894 0.000 0 0 -68.28
23.444 52.449 0.000 0 0 -65.92
17.299 38.437 0.000 0 0 -65.77
22.383 47.324 0.000 0 0 -64.69
17.045 32.896 0.000 0 0 -62.61
22.132 41.746 0.000 0 0 -62.07
27.988 50.171 0.000 0 0 -60.85
26.913 44.902 0.000 0 0 -59.06
21.806 36.071 0.000 0 0 -58.85
26.516 39.108 0.000 0 0 -55.86
32.313 47.501 0.000 0 0 -55.77
21.366 30.269 0.000 0 0 -54.78
31.185 42.048 0.000 0 0 -53.44
25.995 33.180 0.000 0 0 -51.92
36.384 44.460 0.000 0 0 -50.70
30.589 36.012 0.000 0 0 -49.66
35.156 38.789 0.000 0 0 -47.81
25.289 27.077 0.000 0 0 -46.96
40.171 41.070 0.000 0 0 -45.63
29.805 29.805 0.000 0 0 -45.00
34.303 32.494 0.000 0 0 -43.45
38.789 35.156 0.000 0 0 -42.19
43.644 37.359 0.000 0 0 -40.56
28.740 23.382 0.000 0 0 -39.13
33.180 25.995 0.000 0 0 -38.08
37.615 28.594 0.000 0 0 -37.24
42.048 31.185 0.000 0 0 -36.56
46.775 33.356 0.000 0 0 -35.49
31.656 19.251 0.000 0 0 -31.30
36.071 21.806 0.000 0 0 -31.15
40.487 24.360 0.000 0 0 -31.03
44.902 26.913 0.000 0 0 -30.94
49.540 29.091 0.000 0 0 -30.42
51.917 24.599 0.000 0 0 -25.35
47.324 22.383 0.000 0 0 -25.31
42.883 19.840 0.000 0 0 -24.83
38.437 17.299 0.000 0 0 -24.23
33.983 14.761 0.000 0 0 -23.48
53.888 19.914 0.000 0 0 -20.28
49.290 17.636 0.000 0 0 -19.69
44.777 15.087 0.000 0 0 -18.62
40.241 12.540 0.000 0 0 -17.31
35.676 9.996 0.000 0 0 -15.65
55.437 15.074 0.000 0 0 -15.21
50.781 12.720 0.000 0 0 -14.06
46.145 10.157 0.000 0 0 -12.41
41.460 7.598 0.000 0 0 -10.38
56.553 10.115 0.000 0 0 -10.14
51.783 7.681 0.000 0 0 -8.44
36.705 5.045 0.000 0 0 -7.83
46.973 5.109 0.000 0 0 -6.21
57.225 5.077 0.000 0 0 -5.07
42.073 2.545 0.000 0 0 -3.46
52.287 2.569 0.000 0 0 -2.81
37.050 0.000 0.000 0 0 -0.00
47.250 0.000 0.000 0 0 -0.00
57.450 0.000 0.000 0 0 -0.00
