-43.059999999999995 -43.059999999999995 -34.65 180 0 0
-43.059999999999995 -43.059999999999995 34.65 0 0 0
-43.059999999999995 -38.959999999999994 -34.65 180 0 0
-43.059999999999995 -38.959999999999994 34.65 0 0 0
-43.059999999999995 -34.86 -34.65 180 0 0
-43.059999999999995 -34.86 34.65 0 0 0
-43.059999999999995 -34.65 -18.45 90 0 0
-43.059999999999995 -34.65 -10.25 90 0 0
-43.059999999999995 -34.65 -2.05 90 0 0
-43.059999999999995 -34.65 6.1499999999999995 90 0 0
-43.059999999999995 -34.65 14.349999999999998 90 0 0
-43.059999999999995 -34.65 22.549999999999997 90 0 0
-43.059999999999995 -30.759999999999998 -34.65 180 0 0
-43.059999999999995 -30.759999999999998 34.65 0 0 0
-43.059999999999995 -26.659999999999997 -34.65 180 0 0
-43.059999999999995 -26.659999999999997 34.65 0 0 0
-43.059999999999995 -18.45 -34.65 180 0 0
-43.059999999999995 -18.45 34.65 0 0 0
-43.059999999999995 -10.25 -34.65 180 0 0
-43.059999999999995 -10.25 34.65 0 0 0
-43.059999999999995 -2.05 -34.65 180 0 0
-43.059999999999995 -2.05 34.65 0 0 0
-43.059999999999995 6.1499999999999995 -34.65 180 0 0
-43.059999999999995 6.1499999999999995 34.65 0 0 0
-43.059999999999995 14.349999999999998 -34.65 180 0 0
-43.059999999999995 14.349999999999998 34.65 0 0 0
-43.059999999999995 22.549999999999997 -34.65 180 0 0
-43.059999999999995 22.549999999999997 34.65 0 0 0
-43.059999999999995 26.659999999999997 -34.65 180 0 0
-43.059999999999995 26.659999999999997 34.65 0 0 0
-43.059999999999995 30.759999999999998 -34.65 180 0 0
-43.059999999999995 30.759999999999998 34.65 0 0 0
-43.059999999999995 34.65 -18.45 -90 0 0
-43.059999999999995 34.65 -10.25 -90 0 0
-43.059999999999995 34.65 -2.05 -90 0 0
-43.059999999999995 34.65 6.1499999999999995 -90 0 0
-43.059999999999995 34.65 14.349999999999998 -90 0 0
-43.059999999999995 34.65 22.549999999999997 -90 0 0
-43.059999999999995 34.86 -34.65 180 0 0
-43.059999999999995 34.86 34.65 0 0 0
-43.059999999999995 38.959999999999994 -34.65 180 0 0
-43.059999999999995 38.959999999999994 34.65 0 0 0
-43.059999999999995 43.059999999999995 -34.65 180 0 0
-43.059999999999995 43.059999999999995 34.65 0 0 0
-38.959999999999994 -34.65 -43.059999999999995 90 0 0
-38.959999999999994 -34.65 -38.959999999999994 90 0 0
-38.959999999999994 -34.65 -34.86 90 0 0
-38.959999999999994 -34.65 -30.759999999999998 90 0 0
-38.959999999999994 -34.65 -26.659999999999997 90 0 0
-38.959999999999994 -34.65 -18.45 90 0 0
-38.959999999999994 -34.65 -10.25 90 0 0
-38.959999999999994 -34.65 -2.05 90 0 0
-38.959999999999994 -34.65 6.1499999999999995 90 0 0
-38.959999999999994 -34.65 14.349999999999998 90 0 0
-38.959999999999994 -34.65 22.549999999999997 90 0 0
-38.959999999999994 -34.65 26.659999999999997 90 0 0
-38.959999999999994 -34.65 30.759999999999998 90 0 0
-38.959999999999994 -34.65 34.86 90 0 0
-38.959999999999994 -34.65 38.959999999999994 90 0 0
-38.959999999999994 -34.65 43.059999999999995 90 0 0
-38.959999999999994 -18.45 -34.65 180 0 0
-38.959999999999994 -18.45 34.65 0 0 0
-38.959999999999994 -10.25 -34.65 180 0 0
-38.959999999999994 -10.25 34.65 0 0 0
-38.959999999999994 -2.05 -34.65 180 0 0
-38.959999999999994 -2.05 34.65 0 0 0
-38.959999999999994 6.1499999999999995 -34.65 180 0 0
-38.959999999999994 6.1499999999999995 34.65 0 0 0
-38.959999999999994 14.349999999999998 -34.65 180 0 0
-38.959999999999994 14.349999999999998 34.65 0 0 0
-38.959999999999994 22.549999999999997 -34.65 180 0 0
-38.959999999999994 22.549999999999997 34.65 0 0 0
-38.959999999999994 34.65 -43.059999999999995 -90 0 0
-38.959999999999994 34.65 -38.959999999999994 -90 0 0
-38.959999999999994 34.65 -34.86 -90 0 0
-38.959999999999994 34.65 -30.759999999999998 -90 0 0
-38.959999999999994 34.65 -26.659999999999997 -90 0 0
-38.959999999999994 34.65 -18.45 -90 0 0
-38.959999999999994 34.65 -10.25 -90 0 0
-38.959999999999994 34.65 -2.05 -90 0 0
-38.959999999999994 34.65 6.1499999999999995 -90 0 0
-38.959999999999994 34.65 14.349999999999998 -90 0 0
-38.959999999999994 34.65 22.549999999999997 -90 0 0
-38.959999999999994 34.65 26.659999999999997 -90 0 0
-38.959999999999994 34.65 30.759999999999998 -90 0 0
-38.959999999999994 34.65 34.86 -90 0 0
-38.959999999999994 34.65 38.959999999999994 -90 0 0
-38.959999999999994 34.65 43.059999999999995 -90 0 0
-34.86 -43.059999999999995 -34.65 180 0 0
-34.86 -43.059999999999995 34.65 0 0 0
-34.86 -38.959999999999994 -34.65 180 0 0
-34.86 -38.959999999999994 34.65 0 0 0
-34.86 -34.86 -34.65 180 0 0
-34.86 -34.86 34.65 0 0 0
-34.86 -34.65 -18.45 90 0 0
-34.86 -34.65 -10.25 90 0 0
-34.86 -34.65 -2.05 90 0 0
-34.86 -34.65 6.1499999999999995 90 0 0
-34.86 -34.65 14.349999999999998 90 0 0
-34.86 -34.65 22.549999999999997 90 0 0
-34.86 -30.759999999999998 -34.65 180 0 0
-34.86 -30.759999999999998 34.65 0 0 0
-34.86 -26.659999999999997 -34.65 180 0 0
-34.86 -26.659999999999997 34.65 0 0 0
-34.86 -18.45 -34.65 180 0 0
-34.86 -18.45 34.65 0 0 0
-34.86 -10.25 -34.65 180 0 0
-34.86 -10.25 34.65 0 0 0
-34.86 -2.05 -34.65 180 0 0
-34.86 -2.05 34.65 0 0 0
-34.86 6.1499999999999995 -34.65 180 0 0
-34.86 6.1499999999999995 34.65 0 0 0
-34.86 14.349999999999998 -34.65 180 0 0
-34.86 14.349999999999998 34.65 0 0 0
-34.86 22.549999999999997 -34.65 180 0 0
-34.86 22.549999999999997 34.65 0 0 0
-34.86 26.659999999999997 -34.65 180 0 0
-34.86 26.659999999999997 34.65 0 0 0
-34.86 30.759999999999998 -34.65 180 0 0
-34.86 30.759999999999998 34.65 0 0 0
-34.86 34.65 -18.45 -90 0 0
-34.86 34.65 -10.25 -90 0 0
-34.86 34.65 -2.05 -90 0 0
-34.86 34.65 6.1499999999999995 -90 0 0
-34.86 34.65 14.349999999999998 -90 0 0
-34.86 34.65 22.549999999999997 -90 0 0
-34.86 34.86 -34.65 180 0 0
-34.86 34.86 34.65 0 0 0
-34.86 38.959999999999994 -34.65 180 0 0
-34.86 38.959999999999994 34.65 0 0 0
-34.86 43.059999999999995 -34.65 180 0 0
-34.86 43.059999999999995 34.65 0 0 0
-34.65 -43.059999999999995 -22.549999999999997 0 -90 0
-34.65 -43.059999999999995 -14.349999999999998 0 -90 0
-34.65 -43.059999999999995 -6.1499999999999995 0 -90 0
-34.65 -43.059999999999995 2.05 0 -90 0
-34.65 -43.059999999999995 10.25 0 -90 0
-34.65 -43.059999999999995 18.45 0 -90 0
-34.65 -38.959999999999994 -22.549999999999997 0 -90 0
-34.65 -38.959999999999994 -14.349999999999998 0 -90 0
-34.65 -38.959999999999994 -6.1499999999999995 0 -90 0
-34.65 -38.959999999999994 2.05 0 -90 0
-34.65 -38.959999999999994 10.25 0 -90 0
-34.65 -38.959999999999994 18.45 0 -90 0
-34.65 -34.86 -22.549999999999997 0 -90 0
-34.65 -34.86 -14.349999999999998 0 -90 0
-34.65 -34.86 -6.1499999999999995 0 -90 0
-34.65 -34.86 2.05 0 -90 0
-34.65 -34.86 10.25 0 -90 0
-34.65 -34.86 18.45 0 -90 0
-34.65 -30.759999999999998 -22.549999999999997 0 -90 0
-34.65 -30.759999999999998 -14.349999999999998 0 -90 0
-34.65 -30.759999999999998 -6.1499999999999995 0 -90 0
-34.65 -30.759999999999998 2.05 0 -90 0
-34.65 -30.759999999999998 10.25 0 -90 0
-34.65 -30.759999999999998 18.45 0 -90 0
-34.65 -26.659999999999997 -22.549999999999997 0 -90 0
-34.65 -26.659999999999997 -14.349999999999998 0 -90 0
-34.65 -26.659999999999997 -6.1499999999999995 0 -90 0
-34.65 -26.659999999999997 2.05 0 -90 0
-34.65 -26.659999999999997 10.25 0 -90 0
-34.65 -26.659999999999997 18.45 0 -90 0
-34.65 -22.549999999999997 -43.059999999999995 0 -90 0
-34.65 -22.549999999999997 -38.959999999999994 0 -90 0
-34.65 -22.549999999999997 -34.86 0 -90 0
-34.65 -22.549999999999997 -30.759999999999998 0 -90 0
-34.65 -22.549999999999997 -26.659999999999997 0 -90 0
-34.65 -22.549999999999997 -22.549999999999997 0 -90 0
-34.65 -22.549999999999997 -18.45 0 -90 0
-34.65 -22.549999999999997 -14.349999999999998 0 -90 0
-34.65 -22.549999999999997 -10.25 0 -90 0
-34.65 -22.549999999999997 -6.1499999999999995 0 -90 0
-34.65 -22.549999999999997 -2.05 0 -90 0
-34.65 -22.549999999999997 2.05 0 -90 0
-34.65 -22.549999999999997 6.1499999999999995 0 -90 0
-34.65 -22.549999999999997 10.25 0 -90 0
-34.65 -22.549999999999997 14.349999999999998 0 -90 0
-34.65 -22.549999999999997 18.45 0 -90 0
-34.65 -22.549999999999997 22.549999999999997 0 -90 0
-34.65 -22.549999999999997 26.659999999999997 0 -90 0
-34.65 -22.549999999999997 30.759999999999998 0 -90 0
-34.65 -22.549999999999997 34.86 0 -90 0
-34.65 -22.549999999999997 38.959999999999994 0 -90 0
-34.65 -22.549999999999997 43.059999999999995 0 -90 0
-34.65 -18.45 -22.549999999999997 0 -90 0
-34.65 -18.45 -18.45 0 -90 0
-34.65 -18.45 -14.349999999999998 0 -90 0
-34.65 -18.45 -10.25 0 -90 0
-34.65 -18.45 -6.1499999999999995 0 -90 0
-34.65 -18.45 -2.05 0 -90 0
-34.65 -18.45 2.05 0 -90 0
-34.65 -18.45 6.1499999999999995 0 -90 0
-34.65 -18.45 10.25 0 -90 0
-34.65 -18.45 14.349999999999998 0 -90 0
-34.65 -18.45 18.45 0 -90 0
-34.65 -18.45 22.549999999999997 0 -90 0
-34.65 -14.349999999999998 -43.059999999999995 0 -90 0
-34.65 -14.349999999999998 -38.959999999999994 0 -90 0
-34.65 -14.349999999999998 -34.86 0 -90 0
-34.65 -14.349999999999998 -30.759999999999998 0 -90 0
-34.65 -14.349999999999998 -26.659999999999997 0 -90 0
-34.65 -14.349999999999998 -22.549999999999997 0 -90 0
-34.65 -14.349999999999998 -18.45 0 -90 0
-34.65 -14.349999999999998 -14.349999999999998 0 -90 0
-34.65 -14.349999999999998 -10.25 0 -90 0
-34.65 -14.349999999999998 -6.1499999999999995 0 -90 0
-34.65 -14.349999999999998 -2.05 0 -90 0
-34.65 -14.349999999999998 2.05 0 -90 0
-34.65 -14.349999999999998 6.1499999999999995 0 -90 0
-34.65 -14.349999999999998 10.25 0 -90 0
-34.65 -14.349999999999998 14.349999999999998 0 -90 0
-34.65 -14.349999999999998 18.45 0 -90 0
-34.65 -14.349999999999998 22.549999999999997 0 -90 0
-34.65 -14.349999999999998 26.659999999999997 0 -90 0
-34.65 -14.349999999999998 30.759999999999998 0 -90 0
-34.65 -14.349999999999998 34.86 0 -90 0
-34.65 -14.349999999999998 38.959999999999994 0 -90 0
-34.65 -14.349999999999998 43.059999999999995 0 -90 0
-34.65 -10.25 -22.549999999999997 0 -90 0
-34.65 -10.25 -18.45 0 -90 0
-34.65 -10.25 -14.349999999999998 0 -90 0
-34.65 -10.25 -10.25 0 -90 0
-34.65 -10.25 -6.1499999999999995 0 -90 0
-34.65 -10.25 -2.05 0 -90 0
-34.65 -10.25 2.05 0 -90 0
-34.65 -10.25 6.1499999999999995 0 -90 0
-34.65 -10.25 10.25 0 -90 0
-34.65 -10.25 14.349999999999998 0 -90 0
-34.65 -10.25 18.45 0 -90 0
-34.65 -10.25 22.549999999999997 0 -90 0
-34.65 -6.1499999999999995 -43.059999999999995 0 -90 0
-34.65 -6.1499999999999995 -38.959999999999994 0 -90 0
-34.65 -6.1499999999999995 -34.86 0 -90 0
-34.65 -6.1499999999999995 -30.759999999999998 0 -90 0
-34.65 -6.1499999999999995 -26.659999999999997 0 -90 0
-34.65 -6.1499999999999995 -22.549999999999997 0 -90 0
-34.65 -6.1499999999999995 -18.45 0 -90 0
-34.65 -6.1499999999999995 -14.349999999999998 0 -90 0
-34.65 -6.1499999999999995 -10.25 0 -90 0
-34.65 -6.1499999999999995 -6.1499999999999995 0 -90 0
-34.65 -6.1499999999999995 -2.05 0 -90 0
-34.65 -6.1499999999999995 2.05 0 -90 0
-34.65 -6.1499999999999995 6.1499999999999995 0 -90 0
-34.65 -6.1499999999999995 10.25 0 -90 0
-34.65 -6.1499999999999995 14.349999999999998 0 -90 0
-34.65 -6.1499999999999995 18.45 0 -90 0
-34.65 -6.1499999999999995 22.549999999999997 0 -90 0
-34.65 -6.1499999999999995 26.659999999999997 0 -90 0
-34.65 -6.1499999999999995 30.759999999999998 0 -90 0
-34.65 -6.1499999999999995 34.86 0 -90 0
-34.65 -6.1499999999999995 38.959999999999994 0 -90 0
-34.65 -6.1499999999999995 43.059999999999995 0 -90 0
-34.65 -2.05 -22.549999999999997 0 -90 0
-34.65 -2.05 -18.45 0 -90 0
-34.65 -2.05 -14.349999999999998 0 -90 0
-34.65 -2.05 -10.25 0 -90 0
-34.65 -2.05 -6.1499999999999995 0 -90 0
-34.65 -2.05 -2.05 0 -90 0
-34.65 -2.05 2.05 0 -90 0
-34.65 -2.05 6.1499999999999995 0 -90 0
-34.65 -2.05 10.25 0 -90 0
-34.65 -2.05 14.349999999999998 0 -90 0
-34.65 -2.05 18.45 0 -90 0
-34.65 -2.05 22.549999999999997 0 -90 0
-34.65 2.05 -43.059999999999995 0 -90 0
-34.65 2.05 -38.959999999999994 0 -90 0
-34.65 2.05 -34.86 0 -90 0
-34.65 2.05 -30.759999999999998 0 -90 0
-34.65 2.05 -26.659999999999997 0 -90 0
-34.65 2.05 -22.549999999999997 0 -90 0
-34.65 2.05 -18.45 0 -90 0
-34.65 2.05 -14.349999999999998 0 -90 0
-34.65 2.05 -10.25 0 -90 0
-34.65 2.05 -6.1499999999999995 0 -90 0
-34.65 2.05 -2.05 0 -90 0
-34.65 2.05 2.05 0 -90 0
-34.65 2.05 6.1499999999999995 0 -90 0
-34.65 2.05 10.25 0 -90 0
-34.65 2.05 14.349999999999998 0 -90 0
-34.65 2.05 18.45 0 -90 0
-34.65 2.05 22.549999999999997 0 -90 0
-34.65 2.05 26.659999999999997 0 -90 0
-34.65 2.05 30.759999999999998 0 -90 0
-34.65 2.05 34.86 0 -90 0
-34.65 2.05 38.959999999999994 0 -90 0
-34.65 2.05 43.059999999999995 0 -90 0
-34.65 6.1499999999999995 -22.549999999999997 0 -90 0
-34.65 6.1499999999999995 -18.45 0 -90 0
-34.65 6.1499999999999995 -14.349999999999998 0 -90 0
-34.65 6.1499999999999995 -10.25 0 -90 0
-34.65 6.1499999999999995 -6.1499999999999995 0 -90 0
-34.65 6.1499999999999995 -2.05 0 -90 0
-34.65 6.1499999999999995 2.05 0 -90 0
-34.65 6.1499999999999995 6.1499999999999995 0 -90 0
-34.65 6.1499999999999995 10.25 0 -90 0
-34.65 6.1499999999999995 14.349999999999998 0 -90 0
-34.65 6.1499999999999995 18.45 0 -90 0
-34.65 6.1499999999999995 22.549999999999997 0 -90 0
-34.65 10.25 -43.059999999999995 0 -90 0
-34.65 10.25 -38.959999999999994 0 -90 0
-34.65 10.25 -34.86 0 -90 0
-34.65 10.25 -30.759999999999998 0 -90 0
-34.65 10.25 -26.659999999999997 0 -90 0
-34.65 10.25 -22.549999999999997 0 -90 0
-34.65 10.25 -18.45 0 -90 0
-34.65 10.25 -14.349999999999998 0 -90 0
-34.65 10.25 -10.25 0 -90 0
-34.65 10.25 -6.1499999999999995 0 -90 0
-34.65 10.25 -2.05 0 -90 0
-34.65 10.25 2.05 0 -90 0
-34.65 10.25 6.1499999999999995 0 -90 0
-34.65 10.25 10.25 0 -90 0
-34.65 10.25 14.349999999999998 0 -90 0
-34.65 10.25 18.45 0 -90 0
-34.65 10.25 22.549999999999997 0 -90 0
-34.65 10.25 26.659999999999997 0 -90 0
-34.65 10.25 30.759999999999998 0 -90 0
-34.65 10.25 34.86 0 -90 0
-34.65 10.25 38.959999999999994 0 -90 0
-34.65 10.25 43.059999999999995 0 -90 0
-34.65 14.349999999999998 -22.549999999999997 0 -90 0
-34.65 14.349999999999998 -18.45 0 -90 0
-34.65 14.349999999999998 -14.349999999999998 0 -90 0
-34.65 14.349999999999998 -10.25 0 -90 0
-34.65 14.349999999999998 -6.1499999999999995 0 -90 0
-34.65 14.349999999999998 -2.05 0 -90 0
-34.65 14.349999999999998 2.05 0 -90 0
-34.65 14.349999999999998 6.1499999999999995 0 -90 0
-34.65 14.349999999999998 10.25 0 -90 0
-34.65 14.349999999999998 14.349999999999998 0 -90 0
-34.65 14.349999999999998 18.45 0 -90 0
-34.65 14.349999999999998 22.549999999999997 0 -90 0
-34.65 18.45 -43.059999999999995 0 -90 0
-34.65 18.45 -38.959999999999994 0 -90 0
-34.65 18.45 -34.86 0 -90 0
-34.65 18.45 -30.759999999999998 0 -90 0
-34.65 18.45 -26.659999999999997 0 -90 0
-34.65 18.45 -22.549999999999997 0 -90 0
-34.65 18.45 -18.45 0 -90 0
-34.65 18.45 -14.349999999999998 0 -90 0
-34.65 18.45 -10.25 0 -90 0
-34.65 18.45 -6.1499999999999995 0 -90 0
-34.65 18.45 -2.05 0 -90 0
-34.65 18.45 2.05 0 -90 0
-34.65 18.45 6.1499999999999995 0 -90 0
-34.65 18.45 10.25 0 -90 0
-34.65 18.45 14.349999999999998 0 -90 0
-34.65 18.45 18.45 0 -90 0
-34.65 18.45 22.549999999999997 0 -90 0
-34.65 18.45 26.659999999999997 0 -90 0
-34.65 18.45 30.759999999999998 0 -90 0
-34.65 18.45 34.86 0 -90 0
-34.65 18.45 38.959999999999994 0 -90 0
-34.65 18.45 43.059999999999995 0 -90 0
-34.65 22.549999999999997 -22.549999999999997 0 -90 0
-34.65 22.549999999999997 -18.45 0 -90 0
-34.65 22.549999999999997 -14.349999999999998 0 -90 0
-34.65 22.549999999999997 -10.25 0 -90 0
-34.65 22.549999999999997 -6.1499999999999995 0 -90 0
-34.65 22.549999999999997 -2.05 0 -90 0
-34.65 22.549999999999997 2.05 0 -90 0
-34.65 22.549999999999997 6.1499999999999995 0 -90 0
-34.65 22.549999999999997 10.25 0 -90 0
-34.65 22.549999999999997 14.349999999999998 0 -90 0
-34.65 22.549999999999997 18.45 0 -90 0
-34.65 22.549999999999997 22.549999999999997 0 -90 0
-34.65 26.659999999999997 -22.549999999999997 0 -90 0
-34.65 26.659999999999997 -14.349999999999998 0 -90 0
-34.65 26.659999999999997 -6.1499999999999995 0 -90 0
-34.65 26.659999999999997 2.05 0 -90 0
-34.65 26.659999999999997 10.25 0 -90 0
-34.65 26.659999999999997 18.45 0 -90 0
-34.65 30.759999999999998 -22.549999999999997 0 -90 0
-34.65 30.759999999999998 -14.349999999999998 0 -90 0
-34.65 30.759999999999998 -6.1499999999999995 0 -90 0
-34.65 30.759999999999998 2.05 0 -90 0
-34.65 30.759999999999998 10.25 0 -90 0
-34.65 30.759999999999998 18.45 0 -90 0
-34.65 34.86 -22.549999999999997 0 -90 0
-34.65 34.86 -14.349999999999998 0 -90 0
-34.65 34.86 -6.1499999999999995 0 -90 0
-34.65 34.86 2.05 0 -90 0
-34.65 34.86 10.25 0 -90 0
-34.65 34.86 18.45 0 -90 0
-34.65 38.959999999999994 -22.549999999999997 0 -90 0
-34.65 38.959999999999994 -14.349999999999998 0 -90 0
-34.65 38.959999999999994 -6.1499999999999995 0 -90 0
-34.65 38.959999999999994 2.05 0 -90 0
-34.65 38.959999999999994 10.25 0 -90 0
-34.65 38.959999999999994 18.45 0 -90 0
-34.65 43.059999999999995 -22.549999999999997 0 -90 0
-34.65 43.059999999999995 -14.349999999999998 0 -90 0
-34.65 43.059999999999995 -6.1499999999999995 0 -90 0
-34.65 43.059999999999995 2.05 0 -90 0
-34.65 43.059999999999995 10.25 0 -90 0
-34.65 43.059999999999995 18.45 0 -90 0
-30.759999999999998 -34.65 -43.059999999999995 90 0 0
-30.759999999999998 -34.65 -38.959999999999994 90 0 0
-30.759999999999998 -34.65 -34.86 90 0 0
-30.759999999999998 -34.65 -30.759999999999998 90 0 0
-30.759999999999998 -34.65 -26.659999999999997 90 0 0
-30.759999999999998 -34.65 -18.45 90 0 0
-30.759999999999998 -34.65 -10.25 90 0 0
-30.759999999999998 -34.65 -2.05 90 0 0
-30.759999999999998 -34.65 6.1499999999999995 90 0 0
-30.759999999999998 -34.65 14.349999999999998 90 0 0
-30.759999999999998 -34.65 22.549999999999997 90 0 0
-30.759999999999998 -34.65 26.659999999999997 90 0 0
-30.759999999999998 -34.65 30.759999999999998 90 0 0
-30.759999999999998 -34.65 34.86 90 0 0
-30.759999999999998 -34.65 38.959999999999994 90 0 0
-30.759999999999998 -34.65 43.059999999999995 90 0 0
-30.759999999999998 -18.45 -34.65 180 0 0
-30.759999999999998 -18.45 34.65 0 0 0
-30.759999999999998 -10.25 -34.65 180 0 0
-30.759999999999998 -10.25 34.65 0 0 0
-30.759999999999998 -2.05 -34.65 180 0 0
-30.759999999999998 -2.05 34.65 0 0 0
-30.759999999999998 6.1499999999999995 -34.65 180 0 0
-30.759999999999998 6.1499999999999995 34.65 0 0 0
-30.759999999999998 14.349999999999998 -34.65 180 0 0
-30.759999999999998 14.349999999999998 34.65 0 0 0
-30.759999999999998 22.549999999999997 -34.65 180 0 0
-30.759999999999998 22.549999999999997 34.65 0 0 0
-30.759999999999998 34.65 -43.059999999999995 -90 0 0
-30.759999999999998 34.65 -38.959999999999994 -90 0 0
-30.759999999999998 34.65 -34.86 -90 0 0
-30.759999999999998 34.65 -30.759999999999998 -90 0 0
-30.759999999999998 34.65 -26.659999999999997 -90 0 0
-30.759999999999998 34.65 -18.45 -90 0 0
-30.759999999999998 34.65 -10.25 -90 0 0
-30.759999999999998 34.65 -2.05 -90 0 0
-30.759999999999998 34.65 6.1499999999999995 -90 0 0
-30.759999999999998 34.65 14.349999999999998 -90 0 0
-30.759999999999998 34.65 22.549999999999997 -90 0 0
-30.759999999999998 34.65 26.659999999999997 -90 0 0
-30.759999999999998 34.65 30.759999999999998 -90 0 0
-30.759999999999998 34.65 34.86 -90 0 0
-30.759999999999998 34.65 38.959999999999994 -90 0 0
-30.759999999999998 34.65 43.059999999999995 -90 0 0
-26.659999999999997 -43.059999999999995 -34.65 180 0 0
-26.659999999999997 -43.059999999999995 34.65 0 0 0
-26.659999999999997 -38.959999999999994 -34.65 180 0 0
-26.659999999999997 -38.959999999999994 34.65 0 0 0
-26.659999999999997 -34.86 -34.65 180 0 0
-26.659999999999997 -34.86 34.65 0 0 0
-26.659999999999997 -34.65 -18.45 90 0 0
-26.659999999999997 -34.65 -10.25 90 0 0
-26.659999999999997 -34.65 -2.05 90 0 0
-26.659999999999997 -34.65 6.1499999999999995 90 0 0
-26.659999999999997 -34.65 14.349999999999998 90 0 0
-26.659999999999997 -34.65 22.549999999999997 90 0 0
-26.659999999999997 -30.759999999999998 -34.65 180 0 0
-26.659999999999997 -30.759999999999998 34.65 0 0 0
-26.659999999999997 -26.659999999999997 -34.65 180 0 0
-26.659999999999997 -26.659999999999997 34.65 0 0 0
-26.659999999999997 -18.45 -34.65 180 0 0
-26.659999999999997 -18.45 34.65 0 0 0
-26.659999999999997 -10.25 -34.65 180 0 0
-26.659999999999997 -10.25 34.65 0 0 0
-26.659999999999997 -2.05 -34.65 180 0 0
-26.659999999999997 -2.05 34.65 0 0 0
-26.659999999999997 6.1499999999999995 -34.65 180 0 0
-26.659999999999997 6.1499999999999995 34.65 0 0 0
-26.659999999999997 14.349999999999998 -34.65 180 0 0
-26.659999999999997 14.349999999999998 34.65 0 0 0
-26.659999999999997 22.549999999999997 -34.65 180 0 0
-26.659999999999997 22.549999999999997 34.65 0 0 0
-26.659999999999997 26.659999999999997 -34.65 180 0 0
-26.659999999999997 26.659999999999997 34.65 0 0 0
-26.659999999999997 30.759999999999998 -34.65 180 0 0
-26.659999999999997 30.759999999999998 34.65 0 0 0
-26.659999999999997 34.65 -18.45 -90 0 0
-26.659999999999997 34.65 -10.25 -90 0 0
-26.659999999999997 34.65 -2.05 -90 0 0
-26.659999999999997 34.65 6.1499999999999995 -90 0 0
-26.659999999999997 34.65 14.349999999999998 -90 0 0
-26.659999999999997 34.65 22.549999999999997 -90 0 0
-26.659999999999997 34.86 -34.65 180 0 0
-26.659999999999997 34.86 34.65 0 0 0
-26.659999999999997 38.959999999999994 -34.65 180 0 0
-26.659999999999997 38.959999999999994 34.65 0 0 0
-26.659999999999997 43.059999999999995 -34.65 180 0 0
-26.659999999999997 43.059999999999995 34.65 0 0 0
-22.549999999999997 -34.65 -43.059999999999995 90 0 0
-22.549999999999997 -34.65 -38.959999999999994 90 0 0
-22.549999999999997 -34.65 -34.86 90 0 0
-22.549999999999997 -34.65 -30.759999999999998 90 0 0
-22.549999999999997 -34.65 -26.659999999999997 90 0 0
-22.549999999999997 -34.65 -22.549999999999997 90 0 0
-22.549999999999997 -34.65 -18.45 90 0 0
-22.549999999999997 -34.65 -14.349999999999998 90 0 0
-22.549999999999997 -34.65 -10.25 90 0 0
-22.549999999999997 -34.65 -6.1499999999999995 90 0 0
-22.549999999999997 -34.65 -2.05 90 0 0
-22.549999999999997 -34.65 2.05 90 0 0
-22.549999999999997 -34.65 6.1499999999999995 90 0 0
-22.549999999999997 -34.65 10.25 90 0 0
-22.549999999999997 -34.65 14.349999999999998 90 0 0
-22.549999999999997 -34.65 18.45 90 0 0
-22.549999999999997 -34.65 22.549999999999997 90 0 0
-22.549999999999997 -34.65 26.659999999999997 90 0 0
-22.549999999999997 -34.65 30.759999999999998 90 0 0
-22.549999999999997 -34.65 34.86 90 0 0
-22.549999999999997 -34.65 38.959999999999994 90 0 0
-22.549999999999997 -34.65 43.059999999999995 90 0 0
-22.549999999999997 -22.549999999999997 -34.65 180 0 0
-22.549999999999997 -22.549999999999997 34.65 0 0 0
-22.549999999999997 -18.45 -34.65 180 0 0
-22.549999999999997 -18.45 34.65 0 0 0
-22.549999999999997 -14.349999999999998 -34.65 180 0 0
-22.549999999999997 -14.349999999999998 34.65 0 0 0
-22.549999999999997 -10.25 -34.65 180 0 0
-22.549999999999997 -10.25 34.65 0 0 0
-22.549999999999997 -6.1499999999999995 -34.65 180 0 0
-22.549999999999997 -6.1499999999999995 34.65 0 0 0
-22.549999999999997 -2.05 -34.65 180 0 0
-22.549999999999997 -2.05 34.65 0 0 0
-22.549999999999997 2.05 -34.65 180 0 0
-22.549999999999997 2.05 34.65 0 0 0
-22.549999999999997 6.1499999999999995 -34.65 180 0 0
-22.549999999999997 6.1499999999999995 34.65 0 0 0
-22.549999999999997 10.25 -34.65 180 0 0
-22.549999999999997 10.25 34.65 0 0 0
-22.549999999999997 14.349999999999998 -34.65 180 0 0
-22.549999999999997 14.349999999999998 34.65 0 0 0
-22.549999999999997 18.45 -34.65 180 0 0
-22.549999999999997 18.45 34.65 0 0 0
-22.549999999999997 22.549999999999997 -34.65 180 0 0
-22.549999999999997 22.549999999999997 34.65 0 0 0
-22.549999999999997 34.65 -43.059999999999995 -90 0 0
-22.549999999999997 34.65 -38.959999999999994 -90 0 0
-22.549999999999997 34.65 -34.86 -90 0 0
-22.549999999999997 34.65 -30.759999999999998 -90 0 0
-22.549999999999997 34.65 -26.659999999999997 -90 0 0
-22.549999999999997 34.65 -22.549999999999997 -90 0 0
-22.549999999999997 34.65 -18.45 -90 0 0
-22.549999999999997 34.65 -14.349999999999998 -90 0 0
-22.549999999999997 34.65 -10.25 -90 0 0
-22.549999999999997 34.65 -6.1499999999999995 -90 0 0
-22.549999999999997 34.65 -2.05 -90 0 0
-22.549999999999997 34.65 2.05 -90 0 0
-22.549999999999997 34.65 6.1499999999999995 -90 0 0
-22.549999999999997 34.65 10.25 -90 0 0
-22.549999999999997 34.65 14.349999999999998 -90 0 0
-22.549999999999997 34.65 18.45 -90 0 0
-22.549999999999997 34.65 22.549999999999997 -90 0 0
-22.549999999999997 34.65 26.659999999999997 -90 0 0
-22.549999999999997 34.65 30.759999999999998 -90 0 0
-22.549999999999997 34.65 34.86 -90 0 0
-22.549999999999997 34.65 38.959999999999994 -90 0 0
-22.549999999999997 34.65 43.059999999999995 -90 0 0
-18.45 -43.059999999999995 -34.65 180 0 0
-18.45 -43.059999999999995 34.65 0 0 0
-18.45 -38.959999999999994 -34.65 180 0 0
-18.45 -38.959999999999994 34.65 0 0 0
-18.45 -34.86 -34.65 180 0 0
-18.45 -34.86 34.65 0 0 0
-18.45 -34.65 -22.549999999999997 90 0 0
-18.45 -34.65 -18.45 90 0 0
-18.45 -34.65 -14.349999999999998 90 0 0
-18.45 -34.65 -10.25 90 0 0
-18.45 -34.65 -6.1499999999999995 90 0 0
-18.45 -34.65 -2.05 90 0 0
-18.45 -34.65 2.05 90 0 0
-18.45 -34.65 6.1499999999999995 90 0 0
-18.45 -34.65 10.25 90 0 0
-18.45 -34.65 14.349999999999998 90 0 0
-18.45 -34.65 18.45 90 0 0
-18.45 -34.65 22.549999999999997 90 0 0
-18.45 -30.759999999999998 -34.65 180 0 0
-18.45 -30.759999999999998 34.65 0 0 0
-18.45 -26.659999999999997 -34.65 180 0 0
-18.45 -26.659999999999997 34.65 0 0 0
-18.45 -22.549999999999997 -34.65 180 0 0
-18.45 -22.549999999999997 34.65 0 0 0
-18.45 -18.45 -34.65 180 0 0
-18.45 -18.45 34.65 0 0 0
-18.45 -14.349999999999998 -34.65 180 0 0
-18.45 -14.349999999999998 34.65 0 0 0
-18.45 -10.25 -34.65 180 0 0
-18.45 -10.25 34.65 0 0 0
-18.45 -6.1499999999999995 -34.65 180 0 0
-18.45 -6.1499999999999995 34.65 0 0 0
-18.45 -2.05 -34.65 180 0 0
-18.45 -2.05 34.65 0 0 0
-18.45 2.05 -34.65 180 0 0
-18.45 2.05 34.65 0 0 0
-18.45 6.1499999999999995 -34.65 180 0 0
-18.45 6.1499999999999995 34.65 0 0 0
-18.45 10.25 -34.65 180 0 0
-18.45 10.25 34.65 0 0 0
-18.45 14.349999999999998 -34.65 180 0 0
-18.45 14.349999999999998 34.65 0 0 0
-18.45 18.45 -34.65 180 0 0
-18.45 18.45 34.65 0 0 0
-18.45 22.549999999999997 -34.65 180 0 0
-18.45 22.549999999999997 34.65 0 0 0
-18.45 26.659999999999997 -34.65 180 0 0
-18.45 26.659999999999997 34.65 0 0 0
-18.45 30.759999999999998 -34.65 180 0 0
-18.45 30.759999999999998 34.65 0 0 0
-18.45 34.65 -22.549999999999997 -90 0 0
-18.45 34.65 -18.45 -90 0 0
-18.45 34.65 -14.349999999999998 -90 0 0
-18.45 34.65 -10.25 -90 0 0
-18.45 34.65 -6.1499999999999995 -90 0 0
-18.45 34.65 -2.05 -90 0 0
-18.45 34.65 2.05 -90 0 0
-18.45 34.65 6.1499999999999995 -90 0 0
-18.45 34.65 10.25 -90 0 0
-18.45 34.65 14.349999999999998 -90 0 0
-18.45 34.65 18.45 -90 0 0
-18.45 34.65 22.549999999999997 -90 0 0
-18.45 34.86 -34.65 180 0 0
-18.45 34.86 34.65 0 0 0
-18.45 38.959999999999994 -34.65 180 0 0
-18.45 38.959999999999994 34.65 0 0 0
-18.45 43.059999999999995 -34.65 180 0 0
-18.45 43.059999999999995 34.65 0 0 0
-14.349999999999998 -34.65 -43.059999999999995 90 0 0
-14.349999999999998 -34.65 -38.959999999999994 90 0 0
-14.349999999999998 -34.65 -34.86 90 0 0
-14.349999999999998 -34.65 -30.759999999999998 90 0 0
-14.349999999999998 -34.65 -26.659999999999997 90 0 0
-14.349999999999998 -34.65 -22.549999999999997 90 0 0
-14.349999999999998 -34.65 -18.45 90 0 0
-14.349999999999998 -34.65 -14.349999999999998 90 0 0
-14.349999999999998 -34.65 -10.25 90 0 0
-14.349999999999998 -34.65 -6.1499999999999995 90 0 0
-14.349999999999998 -34.65 -2.05 90 0 0
-14.349999999999998 -34.65 2.05 90 0 0
-14.349999999999998 -34.65 6.1499999999999995 90 0 0
-14.349999999999998 -34.65 10.25 90 0 0
-14.349999999999998 -34.65 14.349999999999998 90 0 0
-14.349999999999998 -34.65 18.45 90 0 0
-14.349999999999998 -34.65 22.549999999999997 90 0 0
-14.349999999999998 -34.65 26.659999999999997 90 0 0
-14.349999999999998 -34.65 30.759999999999998 90 0 0
-14.349999999999998 -34.65 34.86 90 0 0
-14.349999999999998 -34.65 38.959999999999994 90 0 0
-14.349999999999998 -34.65 43.059999999999995 90 0 0
-14.349999999999998 -22.549999999999997 -34.65 180 0 0
-14.349999999999998 -22.549999999999997 34.65 0 0 0
-14.349999999999998 -18.45 -34.65 180 0 0
-14.349999999999998 -18.45 34.65 0 0 0
-14.349999999999998 -14.349999999999998 -34.65 180 0 0
-14.349999999999998 -14.349999999999998 34.65 0 0 0
-14.349999999999998 -10.25 -34.65 180 0 0
-14.349999999999998 -10.25 34.65 0 0 0
-14.349999999999998 -6.1499999999999995 -34.65 180 0 0
-14.349999999999998 -6.1499999999999995 34.65 0 0 0
-14.349999999999998 -2.05 -34.65 180 0 0
-14.349999999999998 -2.05 34.65 0 0 0
-14.349999999999998 2.05 -34.65 180 0 0
-14.349999999999998 2.05 34.65 0 0 0
-14.349999999999998 6.1499999999999995 -34.65 180 0 0
-14.349999999999998 6.1499999999999995 34.65 0 0 0
-14.349999999999998 10.25 -34.65 180 0 0
-14.349999999999998 10.25 34.65 0 0 0
-14.349999999999998 14.349999999999998 -34.65 180 0 0
-14.349999999999998 14.349999999999998 34.65 0 0 0
-14.349999999999998 18.45 -34.65 180 0 0
-14.349999999999998 18.45 34.65 0 0 0
-14.349999999999998 22.549999999999997 -34.65 180 0 0
-14.349999999999998 22.549999999999997 34.65 0 0 0
-14.349999999999998 34.65 -43.059999999999995 -90 0 0
-14.349999999999998 34.65 -38.959999999999994 -90 0 0
-14.349999999999998 34.65 -34.86 -90 0 0
-14.349999999999998 34.65 -30.759999999999998 -90 0 0
-14.349999999999998 34.65 -26.659999999999997 -90 0 0
-14.349999999999998 34.65 -22.549999999999997 -90 0 0
-14.349999999999998 34.65 -18.45 -90 0 0
-14.349999999999998 34.65 -14.349999999999998 -90 0 0
-14.349999999999998 34.65 -10.25 -90 0 0
-14.349999999999998 34.65 -6.1499999999999995 -90 0 0
-14.349999999999998 34.65 -2.05 -90 0 0
-14.349999999999998 34.65 2.05 -90 0 0
-14.349999999999998 34.65 6.1499999999999995 -90 0 0
-14.349999999999998 34.65 10.25 -90 0 0
-14.349999999999998 34.65 14.349999999999998 -90 0 0
-14.349999999999998 34.65 18.45 -90 0 0
-14.349999999999998 34.65 22.549999999999997 -90 0 0
-14.349999999999998 34.65 26.659999999999997 -90 0 0
-14.349999999999998 34.65 30.759999999999998 -90 0 0
-14.349999999999998 34.65 34.86 -90 0 0
-14.349999999999998 34.65 38.959999999999994 -90 0 0
-14.349999999999998 34.65 43.059999999999995 -90 0 0
-10.25 -43.059999999999995 -34.65 180 0 0
-10.25 -43.059999999999995 34.65 0 0 0
-10.25 -38.959999999999994 -34.65 180 0 0
-10.25 -38.959999999999994 34.65 0 0 0
-10.25 -34.86 -34.65 180 0 0
-10.25 -34.86 34.65 0 0 0
-10.25 -34.65 -22.549999999999997 90 0 0
-10.25 -34.65 -18.45 90 0 0
-10.25 -34.65 -14.349999999999998 90 0 0
-10.25 -34.65 -10.25 90 0 0
-10.25 -34.65 -6.1499999999999995 90 0 0
-10.25 -34.65 -2.05 90 0 0
-10.25 -34.65 2.05 90 0 0
-10.25 -34.65 6.1499999999999995 90 0 0
-10.25 -34.65 10.25 90 0 0
-10.25 -34.65 14.349999999999998 90 0 0
-10.25 -34.65 18.45 90 0 0
-10.25 -34.65 22.549999999999997 90 0 0
-10.25 -30.759999999999998 -34.65 180 0 0
-10.25 -30.759999999999998 34.65 0 0 0
-10.25 -26.659999999999997 -34.65 180 0 0
-10.25 -26.659999999999997 34.65 0 0 0
-10.25 -22.549999999999997 -34.65 180 0 0
-10.25 -22.549999999999997 34.65 0 0 0
-10.25 -18.45 -34.65 180 0 0
-10.25 -18.45 34.65 0 0 0
-10.25 -14.349999999999998 -34.65 180 0 0
-10.25 -14.349999999999998 34.65 0 0 0
-10.25 -10.25 -34.65 180 0 0
-10.25 -10.25 34.65 0 0 0
-10.25 -6.1499999999999995 -34.65 180 0 0
-10.25 -6.1499999999999995 34.65 0 0 0
-10.25 -2.05 -34.65 180 0 0
-10.25 -2.05 34.65 0 0 0
-10.25 2.05 -34.65 180 0 0
-10.25 2.05 34.65 0 0 0
-10.25 6.1499999999999995 -34.65 180 0 0
-10.25 6.1499999999999995 34.65 0 0 0
-10.25 10.25 -34.65 180 0 0
-10.25 10.25 34.65 0 0 0
-10.25 14.349999999999998 -34.65 180 0 0
-10.25 14.349999999999998 34.65 0 0 0
-10.25 18.45 -34.65 180 0 0
-10.25 18.45 34.65 0 0 0
-10.25 22.549999999999997 -34.65 180 0 0
-10.25 22.549999999999997 34.65 0 0 0
-10.25 26.659999999999997 -34.65 180 0 0
-10.25 26.659999999999997 34.65 0 0 0
-10.25 30.759999999999998 -34.65 180 0 0
-10.25 30.759999999999998 34.65 0 0 0
-10.25 34.65 -22.549999999999997 -90 0 0
-10.25 34.65 -18.45 -90 0 0
-10.25 34.65 -14.349999999999998 -90 0 0
-10.25 34.65 -10.25 -90 0 0
-10.25 34.65 -6.1499999999999995 -90 0 0
-10.25 34.65 -2.05 -90 0 0
-10.25 34.65 2.05 -90 0 0
-10.25 34.65 6.1499999999999995 -90 0 0
-10.25 34.65 10.25 -90 0 0
-10.25 34.65 14.349999999999998 -90 0 0
-10.25 34.65 18.45 -90 0 0
-10.25 34.65 22.549999999999997 -90 0 0
-10.25 34.86 -34.65 180 0 0
-10.25 34.86 34.65 0 0 0
-10.25 38.959999999999994 -34.65 180 0 0
-10.25 38.959999999999994 34.65 0 0 0
-10.25 43.059999999999995 -34.65 180 0 0
-10.25 43.059999999999995 34.65 0 0 0
-6.1499999999999995 -34.65 -43.059999999999995 90 0 0
-6.1499999999999995 -34.65 -38.959999999999994 90 0 0
-6.1499999999999995 -34.65 -34.86 90 0 0
-6.1499999999999995 -34.65 -30.759999999999998 90 0 0
-6.1499999999999995 -34.65 -26.659999999999997 90 0 0
-6.1499999999999995 -34.65 -22.549999999999997 90 0 0
-6.1499999999999995 -34.65 -18.45 90 0 0
-6.1499999999999995 -34.65 -14.349999999999998 90 0 0
-6.1499999999999995 -34.65 -10.25 90 0 0
-6.1499999999999995 -34.65 -6.1499999999999995 90 0 0
-6.1499999999999995 -34.65 -2.05 90 0 0
-6.1499999999999995 -34.65 2.05 90 0 0
-6.1499999999999995 -34.65 6.1499999999999995 90 0 0
-6.1499999999999995 -34.65 10.25 90 0 0
-6.1499999999999995 -34.65 14.349999999999998 90 0 0
-6.1499999999999995 -34.65 18.45 90 0 0
-6.1499999999999995 -34.65 22.549999999999997 90 0 0
-6.1499999999999995 -34.65 26.659999999999997 90 0 0
-6.1499999999999995 -34.65 30.759999999999998 90 0 0
-6.1499999999999995 -34.65 34.86 90 0 0
-6.1499999999999995 -34.65 38.959999999999994 90 0 0
-6.1499999999999995 -34.65 43.059999999999995 90 0 0
-6.1499999999999995 -22.549999999999997 -34.65 180 0 0
-6.1499999999999995 -22.549999999999997 34.65 0 0 0
-6.1499999999999995 -18.45 -34.65 180 0 0
-6.1499999999999995 -18.45 34.65 0 0 0
-6.1499999999999995 -14.349999999999998 -34.65 180 0 0
-6.1499999999999995 -14.349999999999998 34.65 0 0 0
-6.1499999999999995 -10.25 -34.65 180 0 0
-6.1499999999999995 -10.25 34.65 0 0 0
-6.1499999999999995 -6.1499999999999995 -34.65 180 0 0
-6.1499999999999995 -6.1499999999999995 34.65 0 0 0
-6.1499999999999995 -2.05 -34.65 180 0 0
-6.1499999999999995 -2.05 34.65 0 0 0
-6.1499999999999995 2.05 -34.65 180 0 0
-6.1499999999999995 2.05 34.65 0 0 0
-6.1499999999999995 6.1499999999999995 -34.65 180 0 0
-6.1499999999999995 6.1499999999999995 34.65 0 0 0
-6.1499999999999995 10.25 -34.65 180 0 0
-6.1499999999999995 10.25 34.65 0 0 0
-6.1499999999999995 14.349999999999998 -34.65 180 0 0
-6.1499999999999995 14.349999999999998 34.65 0 0 0
-6.1499999999999995 18.45 -34.65 180 0 0
-6.1499999999999995 18.45 34.65 0 0 0
-6.1499999999999995 22.549999999999997 -34.65 180 0 0
-6.1499999999999995 22.549999999999997 34.65 0 0 0
-6.1499999999999995 34.65 -43.059999999999995 -90 0 0
-6.1499999999999995 34.65 -38.959999999999994 -90 0 0
-6.1499999999999995 34.65 -34.86 -90 0 0
-6.1499999999999995 34.65 -30.759999999999998 -90 0 0
-6.1499999999999995 34.65 -26.659999999999997 -90 0 0
-6.1499999999999995 34.65 -22.549999999999997 -90 0 0
-6.1499999999999995 34.65 -18.45 -90 0 0
-6.1499999999999995 34.65 -14.349999999999998 -90 0 0
-6.1499999999999995 34.65 -10.25 -90 0 0
-6.1499999999999995 34.65 -6.1499999999999995 -90 0 0
-6.1499999999999995 34.65 -2.05 -90 0 0
-6.1499999999999995 34.65 2.05 -90 0 0
-6.1499999999999995 34.65 6.1499999999999995 -90 0 0
-6.1499999999999995 34.65 10.25 -90 0 0
-6.1499999999999995 34.65 14.349999999999998 -90 0 0
-6.1499999999999995 34.65 18.45 -90 0 0
-6.1499999999999995 34.65 22.549999999999997 -90 0 0
-6.1499999999999995 34.65 26.659999999999997 -90 0 0
-6.1499999999999995 34.65 30.759999999999998 -90 0 0
-6.1499999999999995 34.65 34.86 -90 0 0
-6.1499999999999995 34.65 38.959999999999994 -90 0 0
-6.1499999999999995 34.65 43.059999999999995 -90 0 0
-2.05 -43.059999999999995 -34.65 180 0 0
-2.05 -43.059999999999995 34.65 0 0 0
-2.05 -38.959999999999994 -34.65 180 0 0
-2.05 -38.959999999999994 34.65 0 0 0
-2.05 -34.86 -34.65 180 0 0
-2.05 -34.86 34.65 0 0 0
-2.05 -34.65 -22.549999999999997 90 0 0
-2.05 -34.65 -18.45 90 0 0
-2.05 -34.65 -14.349999999999998 90 0 0
-2.05 -34.65 -10.25 90 0 0
-2.05 -34.65 -6.1499999999999995 90 0 0
-2.05 -34.65 -2.05 90 0 0
-2.05 -34.65 2.05 90 0 0
-2.05 -34.65 6.1499999999999995 90 0 0
-2.05 -34.65 10.25 90 0 0
-2.05 -34.65 14.349999999999998 90 0 0
-2.05 -34.65 18.45 90 0 0
-2.05 -34.65 22.549999999999997 90 0 0
-2.05 -30.759999999999998 -34.65 180 0 0
-2.05 -30.759999999999998 34.65 0 0 0
-2.05 -26.659999999999997 -34.65 180 0 0
-2.05 -26.659999999999997 34.65 0 0 0
-2.05 -22.549999999999997 -34.65 180 0 0
-2.05 -22.549999999999997 34.65 0 0 0
-2.05 -18.45 -34.65 180 0 0
-2.05 -18.45 34.65 0 0 0
-2.05 -14.349999999999998 -34.65 180 0 0
-2.05 -14.349999999999998 34.65 0 0 0
-2.05 -10.25 -34.65 180 0 0
-2.05 -10.25 34.65 0 0 0
-2.05 -6.1499999999999995 -34.65 180 0 0
-2.05 -6.1499999999999995 34.65 0 0 0
-2.05 -2.05 -34.65 180 0 0
-2.05 -2.05 34.65 0 0 0
-2.05 2.05 -34.65 180 0 0
-2.05 2.05 34.65 0 0 0
-2.05 6.1499999999999995 -34.65 180 0 0
-2.05 6.1499999999999995 34.65 0 0 0
-2.05 10.25 -34.65 180 0 0
-2.05 10.25 34.65 0 0 0
-2.05 14.349999999999998 -34.65 180 0 0
-2.05 14.349999999999998 34.65 0 0 0
-2.05 18.45 -34.65 180 0 0
-2.05 18.45 34.65 0 0 0
-2.05 22.549999999999997 -34.65 180 0 0
-2.05 22.549999999999997 34.65 0 0 0
-2.05 26.659999999999997 -34.65 180 0 0
-2.05 26.659999999999997 34.65 0 0 0
-2.05 30.759999999999998 -34.65 180 0 0
-2.05 30.759999999999998 34.65 0 0 0
-2.05 34.65 -22.549999999999997 -90 0 0
-2.05 34.65 -18.45 -90 0 0
-2.05 34.65 -14.349999999999998 -90 0 0
-2.05 34.65 -10.25 -90 0 0
-2.05 34.65 -6.1499999999999995 -90 0 0
-2.05 34.65 -2.05 -90 0 0
-2.05 34.65 2.05 -90 0 0
-2.05 34.65 6.1499999999999995 -90 0 0
-2.05 34.65 10.25 -90 0 0
-2.05 34.65 14.349999999999998 -90 0 0
-2.05 34.65 18.45 -90 0 0
-2.05 34.65 22.549999999999997 -90 0 0
-2.05 34.86 -34.65 180 0 0
-2.05 34.86 34.65 0 0 0
-2.05 38.959999999999994 -34.65 180 0 0
-2.05 38.959999999999994 34.65 0 0 0
-2.05 43.059999999999995 -34.65 180 0 0
-2.05 43.059999999999995 34.65 0 0 0
2.05 -34.65 -43.059999999999995 90 0 0
2.05 -34.65 -38.959999999999994 90 0 0
2.05 -34.65 -34.86 90 0 0
2.05 -34.65 -30.759999999999998 90 0 0
2.05 -34.65 -26.659999999999997 90 0 0
2.05 -34.65 -22.549999999999997 90 0 0
2.05 -34.65 -18.45 90 0 0
2.05 -34.65 -14.349999999999998 90 0 0
2.05 -34.65 -10.25 90 0 0
2.05 -34.65 -6.1499999999999995 90 0 0
2.05 -34.65 -2.05 90 0 0
2.05 -34.65 2.05 90 0 0
2.05 -34.65 6.1499999999999995 90 0 0
2.05 -34.65 10.25 90 0 0
2.05 -34.65 14.349999999999998 90 0 0
2.05 -34.65 18.45 90 0 0
2.05 -34.65 22.549999999999997 90 0 0
2.05 -34.65 26.659999999999997 90 0 0
2.05 -34.65 30.759999999999998 90 0 0
2.05 -34.65 34.86 90 0 0
2.05 -34.65 38.959999999999994 90 0 0
2.05 -34.65 43.059999999999995 90 0 0
2.05 -22.549999999999997 -34.65 180 0 0
2.05 -22.549999999999997 34.65 0 0 0
2.05 -18.45 -34.65 180 0 0
2.05 -18.45 34.65 0 0 0
2.05 -14.349999999999998 -34.65 180 0 0
2.05 -14.349999999999998 34.65 0 0 0
2.05 -10.25 -34.65 180 0 0
2.05 -10.25 34.65 0 0 0
2.05 -6.1499999999999995 -34.65 180 0 0
2.05 -6.1499999999999995 34.65 0 0 0
2.05 -2.05 -34.65 180 0 0
2.05 -2.05 34.65 0 0 0
2.05 2.05 -34.65 180 0 0
2.05 2.05 34.65 0 0 0
2.05 6.1499999999999995 -34.65 180 0 0
2.05 6.1499999999999995 34.65 0 0 0
2.05 10.25 -34.65 180 0 0
2.05 10.25 34.65 0 0 0
2.05 14.349999999999998 -34.65 180 0 0
2.05 14.349999999999998 34.65 0 0 0
2.05 18.45 -34.65 180 0 0
2.05 18.45 34.65 0 0 0
2.05 22.549999999999997 -34.65 180 0 0
2.05 22.549999999999997 34.65 0 0 0
2.05 34.65 -43.059999999999995 -90 0 0
2.05 34.65 -38.959999999999994 -90 0 0
2.05 34.65 -34.86 -90 0 0
2.05 34.65 -30.759999999999998 -90 0 0
2.05 34.65 -26.659999999999997 -90 0 0
2.05 34.65 -22.549999999999997 -90 0 0
2.05 34.65 -18.45 -90 0 0
2.05 34.65 -14.349999999999998 -90 0 0
2.05 34.65 -10.25 -90 0 0
2.05 34.65 -6.1499999999999995 -90 0 0
2.05 34.65 -2.05 -90 0 0
2.05 34.65 2.05 -90 0 0
2.05 34.65 6.1499999999999995 -90 0 0
2.05 34.65 10.25 -90 0 0
2.05 34.65 14.349999999999998 -90 0 0
2.05 34.65 18.45 -90 0 0
2.05 34.65 22.549999999999997 -90 0 0
2.05 34.65 26.659999999999997 -90 0 0
2.05 34.65 30.759999999999998 -90 0 0
2.05 34.65 34.86 -90 0 0
2.05 34.65 38.959999999999994 -90 0 0
2.05 34.65 43.059999999999995 -90 0 0
6.1499999999999995 -43.059999999999995 -34.65 180 0 0
6.1499999999999995 -43.059999999999995 34.65 0 0 0
6.1499999999999995 -38.959999999999994 -34.65 180 0 0
6.1499999999999995 -38.959999999999994 34.65 0 0 0
6.1499999999999995 -34.86 -34.65 180 0 0
6.1499999999999995 -34.86 34.65 0 0 0
6.1499999999999995 -34.65 -22.549999999999997 90 0 0
6.1499999999999995 -34.65 -18.45 90 0 0
6.1499999999999995 -34.65 -14.349999999999998 90 0 0
6.1499999999999995 -34.65 -10.25 90 0 0
6.1499999999999995 -34.65 -6.1499999999999995 90 0 0
6.1499999999999995 -34.65 -2.05 90 0 0
6.1499999999999995 -34.65 2.05 90 0 0
6.1499999999999995 -34.65 6.1499999999999995 90 0 0
6.1499999999999995 -34.65 10.25 90 0 0
6.1499999999999995 -34.65 14.349999999999998 90 0 0
6.1499999999999995 -34.65 18.45 90 0 0
6.1499999999999995 -34.65 22.549999999999997 90 0 0
6.1499999999999995 -30.759999999999998 -34.65 180 0 0
6.1499999999999995 -30.759999999999998 34.65 0 0 0
6.1499999999999995 -26.659999999999997 -34.65 180 0 0
6.1499999999999995 -26.659999999999997 34.65 0 0 0
6.1499999999999995 -22.549999999999997 -34.65 180 0 0
6.1499999999999995 -22.549999999999997 34.65 0 0 0
6.1499999999999995 -18.45 -34.65 180 0 0
6.1499999999999995 -18.45 34.65 0 0 0
6.1499999999999995 -14.349999999999998 -34.65 180 0 0
6.1499999999999995 -14.349999999999998 34.65 0 0 0
6.1499999999999995 -10.25 -34.65 180 0 0
6.1499999999999995 -10.25 34.65 0 0 0
6.1499999999999995 -6.1499999999999995 -34.65 180 0 0
6.1499999999999995 -6.1499999999999995 34.65 0 0 0
6.1499999999999995 -2.05 -34.65 180 0 0
6.1499999999999995 -2.05 34.65 0 0 0
6.1499999999999995 2.05 -34.65 180 0 0
6.1499999999999995 2.05 34.65 0 0 0
6.1499999999999995 6.1499999999999995 -34.65 180 0 0
6.1499999999999995 6.1499999999999995 34.65 0 0 0
6.1499999999999995 10.25 -34.65 180 0 0
6.1499999999999995 10.25 34.65 0 0 0
6.1499999999999995 14.349999999999998 -34.65 180 0 0
6.1499999999999995 14.349999999999998 34.65 0 0 0
6.1499999999999995 18.45 -34.65 180 0 0
6.1499999999999995 18.45 34.65 0 0 0
6.1499999999999995 22.549999999999997 -34.65 180 0 0
6.1499999999999995 22.549999999999997 34.65 0 0 0
6.1499999999999995 26.659999999999997 -34.65 180 0 0
6.1499999999999995 26.659999999999997 34.65 0 0 0
6.1499999999999995 30.759999999999998 -34.65 180 0 0
6.1499999999999995 30.759999999999998 34.65 0 0 0
6.1499999999999995 34.65 -22.549999999999997 -90 0 0
6.1499999999999995 34.65 -18.45 -90 0 0
6.1499999999999995 34.65 -14.349999999999998 -90 0 0
6.1499999999999995 34.65 -10.25 -90 0 0
6.1499999999999995 34.65 -6.1499999999999995 -90 0 0
6.1499999999999995 34.65 -2.05 -90 0 0
6.1499999999999995 34.65 2.05 -90 0 0
6.1499999999999995 34.65 6.1499999999999995 -90 0 0
6.1499999999999995 34.65 10.25 -90 0 0
6.1499999999999995 34.65 14.349999999999998 -90 0 0
6.1499999999999995 34.65 18.45 -90 0 0
6.1499999999999995 34.65 22.549999999999997 -90 0 0
6.1499999999999995 34.86 -34.65 180 0 0
6.1499999999999995 34.86 34.65 0 0 0
6.1499999999999995 38.959999999999994 -34.65 180 0 0
6.1499999999999995 38.959999999999994 34.65 0 0 0
6.1499999999999995 43.059999999999995 -34.65 180 0 0
6.1499999999999995 43.059999999999995 34.65 0 0 0
10.25 -34.65 -43.059999999999995 90 0 0
10.25 -34.65 -38.959999999999994 90 0 0
10.25 -34.65 -34.86 90 0 0
10.25 -34.65 -30.759999999999998 90 0 0
10.25 -34.65 -26.659999999999997 90 0 0
10.25 -34.65 -22.549999999999997 90 0 0
10.25 -34.65 -18.45 90 0 0
10.25 -34.65 -14.349999999999998 90 0 0
10.25 -34.65 -10.25 90 0 0
10.25 -34.65 -6.1499999999999995 90 0 0
10.25 -34.65 -2.05 90 0 0
10.25 -34.65 2.05 90 0 0
10.25 -34.65 6.1499999999999995 90 0 0
10.25 -34.65 10.25 90 0 0
10.25 -34.65 14.349999999999998 90 0 0
10.25 -34.65 18.45 90 0 0
10.25 -34.65 22.549999999999997 90 0 0
10.25 -34.65 26.659999999999997 90 0 0
10.25 -34.65 30.759999999999998 90 0 0
10.25 -34.65 34.86 90 0 0
10.25 -34.65 38.959999999999994 90 0 0
10.25 -34.65 43.059999999999995 90 0 0
10.25 -22.549999999999997 -34.65 180 0 0
10.25 -22.549999999999997 34.65 0 0 0
10.25 -18.45 -34.65 180 0 0
10.25 -18.45 34.65 0 0 0
10.25 -14.349999999999998 -34.65 180 0 0
10.25 -14.349999999999998 34.65 0 0 0
10.25 -10.25 -34.65 180 0 0
10.25 -10.25 34.65 0 0 0
10.25 -6.1499999999999995 -34.65 180 0 0
10.25 -6.1499999999999995 34.65 0 0 0
10.25 -2.05 -34.65 180 0 0
10.25 -2.05 34.65 0 0 0
10.25 2.05 -34.65 180 0 0
10.25 2.05 34.65 0 0 0
10.25 6.1499999999999995 -34.65 180 0 0
10.25 6.1499999999999995 34.65 0 0 0
10.25 10.25 -34.65 180 0 0
10.25 10.25 34.65 0 0 0
10.25 14.349999999999998 -34.65 180 0 0
10.25 14.349999999999998 34.65 0 0 0
10.25 18.45 -34.65 180 0 0
10.25 18.45 34.65 0 0 0
10.25 22.549999999999997 -34.65 180 0 0
10.25 22.549999999999997 34.65 0 0 0
10.25 34.65 -43.059999999999995 -90 0 0
10.25 34.65 -38.959999999999994 -90 0 0
10.25 34.65 -34.86 -90 0 0
10.25 34.65 -30.759999999999998 -90 0 0
10.25 34.65 -26.659999999999997 -90 0 0
10.25 34.65 -22.549999999999997 -90 0 0
10.25 34.65 -18.45 -90 0 0
10.25 34.65 -14.349999999999998 -90 0 0
10.25 34.65 -10.25 -90 0 0
10.25 34.65 -6.1499999999999995 -90 0 0
10.25 34.65 -2.05 -90 0 0
10.25 34.65 2.05 -90 0 0
10.25 34.65 6.1499999999999995 -90 0 0
10.25 34.65 10.25 -90 0 0
10.25 34.65 14.349999999999998 -90 0 0
10.25 34.65 18.45 -90 0 0
10.25 34.65 22.549999999999997 -90 0 0
10.25 34.65 26.659999999999997 -90 0 0
10.25 34.65 30.759999999999998 -90 0 0
10.25 34.65 34.86 -90 0 0
10.25 34.65 38.959999999999994 -90 0 0
10.25 34.65 43.059999999999995 -90 0 0
14.349999999999998 -43.059999999999995 -34.65 180 0 0
14.349999999999998 -43.059999999999995 34.65 0 0 0
14.349999999999998 -38.959999999999994 -34.65 180 0 0
14.349999999999998 -38.959999999999994 34.65 0 0 0
14.349999999999998 -34.86 -34.65 180 0 0
14.349999999999998 -34.86 34.65 0 0 0
14.349999999999998 -34.65 -22.549999999999997 90 0 0
14.349999999999998 -34.65 -18.45 90 0 0
14.349999999999998 -34.65 -14.349999999999998 90 0 0
14.349999999999998 -34.65 -10.25 90 0 0
14.349999999999998 -34.65 -6.1499999999999995 90 0 0
14.349999999999998 -34.65 -2.05 90 0 0
14.349999999999998 -34.65 2.05 90 0 0
14.349999999999998 -34.65 6.1499999999999995 90 0 0
14.349999999999998 -34.65 10.25 90 0 0
14.349999999999998 -34.65 14.349999999999998 90 0 0
14.349999999999998 -34.65 18.45 90 0 0
14.349999999999998 -34.65 22.549999999999997 90 0 0
14.349999999999998 -30.759999999999998 -34.65 180 0 0
14.349999999999998 -30.759999999999998 34.65 0 0 0
14.349999999999998 -26.659999999999997 -34.65 180 0 0
14.349999999999998 -26.659999999999997 34.65 0 0 0
14.349999999999998 -22.549999999999997 -34.65 180 0 0
14.349999999999998 -22.549999999999997 34.65 0 0 0
14.349999999999998 -18.45 -34.65 180 0 0
14.349999999999998 -18.45 34.65 0 0 0
14.349999999999998 -14.349999999999998 -34.65 180 0 0
14.349999999999998 -14.349999999999998 34.65 0 0 0
14.349999999999998 -10.25 -34.65 180 0 0
14.349999999999998 -10.25 34.65 0 0 0
14.349999999999998 -6.1499999999999995 -34.65 180 0 0
14.349999999999998 -6.1499999999999995 34.65 0 0 0
14.349999999999998 -2.05 -34.65 180 0 0
14.349999999999998 -2.05 34.65 0 0 0
14.349999999999998 2.05 -34.65 180 0 0
14.349999999999998 2.05 34.65 0 0 0
14.349999999999998 6.1499999999999995 -34.65 180 0 0
14.349999999999998 6.1499999999999995 34.65 0 0 0
14.349999999999998 10.25 -34.65 180 0 0
14.349999999999998 10.25 34.65 0 0 0
14.349999999999998 14.349999999999998 -34.65 180 0 0
14.349999999999998 14.349999999999998 34.65 0 0 0
14.349999999999998 18.45 -34.65 180 0 0
14.349999999999998 18.45 34.65 0 0 0
14.349999999999998 22.549999999999997 -34.65 180 0 0
14.349999999999998 22.549999999999997 34.65 0 0 0
14.349999999999998 26.659999999999997 -34.65 180 0 0
14.349999999999998 26.659999999999997 34.65 0 0 0
14.349999999999998 30.759999999999998 -34.65 180 0 0
14.349999999999998 30.759999999999998 34.65 0 0 0
14.349999999999998 34.65 -22.549999999999997 -90 0 0
14.349999999999998 34.65 -18.45 -90 0 0
14.349999999999998 34.65 -14.349999999999998 -90 0 0
14.349999999999998 34.65 -10.25 -90 0 0
14.349999999999998 34.65 -6.1499999999999995 -90 0 0
14.349999999999998 34.65 -2.05 -90 0 0
14.349999999999998 34.65 2.05 -90 0 0
14.349999999999998 34.65 6.1499999999999995 -90 0 0
14.349999999999998 34.65 10.25 -90 0 0
14.349999999999998 34.65 14.349999999999998 -90 0 0
14.349999999999998 34.65 18.45 -90 0 0
14.349999999999998 34.65 22.549999999999997 -90 0 0
14.349999999999998 34.86 -34.65 180 0 0
14.349999999999998 34.86 34.65 0 0 0
14.349999999999998 38.959999999999994 -34.65 180 0 0
14.349999999999998 38.959999999999994 34.65 0 0 0
14.349999999999998 43.059999999999995 -34.65 180 0 0
14.349999999999998 43.059999999999995 34.65 0 0 0
18.45 -34.65 -43.059999999999995 90 0 0
18.45 -34.65 -38.959999999999994 90 0 0
18.45 -34.65 -34.86 90 0 0
18.45 -34.65 -30.759999999999998 90 0 0
18.45 -34.65 -26.659999999999997 90 0 0
18.45 -34.65 -22.549999999999997 90 0 0
18.45 -34.65 -18.45 90 0 0
18.45 -34.65 -14.349999999999998 90 0 0
18.45 -34.65 -10.25 90 0 0
18.45 -34.65 -6.1499999999999995 90 0 0
18.45 -34.65 -2.05 90 0 0
18.45 -34.65 2.05 90 0 0
18.45 -34.65 6.1499999999999995 90 0 0
18.45 -34.65 10.25 90 0 0
18.45 -34.65 14.349999999999998 90 0 0
18.45 -34.65 18.45 90 0 0
18.45 -34.65 22.549999999999997 90 0 0
18.45 -34.65 26.659999999999997 90 0 0
18.45 -34.65 30.759999999999998 90 0 0
18.45 -34.65 34.86 90 0 0
18.45 -34.65 38.959999999999994 90 0 0
18.45 -34.65 43.059999999999995 90 0 0
18.45 -22.549999999999997 -34.65 180 0 0
18.45 -22.549999999999997 34.65 0 0 0
18.45 -18.45 -34.65 180 0 0
18.45 -18.45 34.65 0 0 0
18.45 -14.349999999999998 -34.65 180 0 0
18.45 -14.349999999999998 34.65 0 0 0
18.45 -10.25 -34.65 180 0 0
18.45 -10.25 34.65 0 0 0
18.45 -6.1499999999999995 -34.65 180 0 0
18.45 -6.1499999999999995 34.65 0 0 0
18.45 -2.05 -34.65 180 0 0
18.45 -2.05 34.65 0 0 0
18.45 2.05 -34.65 180 0 0
18.45 2.05 34.65 0 0 0
18.45 6.1499999999999995 -34.65 180 0 0
18.45 6.1499999999999995 34.65 0 0 0
18.45 10.25 -34.65 180 0 0
18.45 10.25 34.65 0 0 0
18.45 14.349999999999998 -34.65 180 0 0
18.45 14.349999999999998 34.65 0 0 0
18.45 18.45 -34.65 180 0 0
18.45 18.45 34.65 0 0 0
18.45 22.549999999999997 -34.65 180 0 0
18.45 22.549999999999997 34.65 0 0 0
18.45 34.65 -43.059999999999995 -90 0 0
18.45 34.65 -38.959999999999994 -90 0 0
18.45 34.65 -34.86 -90 0 0
18.45 34.65 -30.759999999999998 -90 0 0
18.45 34.65 -26.659999999999997 -90 0 0
18.45 34.65 -22.549999999999997 -90 0 0
18.45 34.65 -18.45 -90 0 0
18.45 34.65 -14.349999999999998 -90 0 0
18.45 34.65 -10.25 -90 0 0
18.45 34.65 -6.1499999999999995 -90 0 0
18.45 34.65 -2.05 -90 0 0
18.45 34.65 2.05 -90 0 0
18.45 34.65 6.1499999999999995 -90 0 0
18.45 34.65 10.25 -90 0 0
18.45 34.65 14.349999999999998 -90 0 0
18.45 34.65 18.45 -90 0 0
18.45 34.65 22.549999999999997 -90 0 0
18.45 34.65 26.659999999999997 -90 0 0
18.45 34.65 30.759999999999998 -90 0 0
18.45 34.65 34.86 -90 0 0
18.45 34.65 38.959999999999994 -90 0 0
18.45 34.65 43.059999999999995 -90 0 0
22.549999999999997 -43.059999999999995 -34.65 180 0 0
22.549999999999997 -43.059999999999995 34.65 0 0 0
22.549999999999997 -38.959999999999994 -34.65 180 0 0
22.549999999999997 -38.959999999999994 34.65 0 0 0
22.549999999999997 -34.86 -34.65 180 0 0
22.549999999999997 -34.86 34.65 0 0 0
22.549999999999997 -34.65 -22.549999999999997 90 0 0
22.549999999999997 -34.65 -18.45 90 0 0
22.549999999999997 -34.65 -14.349999999999998 90 0 0
22.549999999999997 -34.65 -10.25 90 0 0
22.549999999999997 -34.65 -6.1499999999999995 90 0 0
22.549999999999997 -34.65 -2.05 90 0 0
22.549999999999997 -34.65 2.05 90 0 0
22.549999999999997 -34.65 6.1499999999999995 90 0 0
22.549999999999997 -34.65 10.25 90 0 0
22.549999999999997 -34.65 14.349999999999998 90 0 0
22.549999999999997 -34.65 18.45 90 0 0
22.549999999999997 -34.65 22.549999999999997 90 0 0
22.549999999999997 -30.759999999999998 -34.65 180 0 0
22.549999999999997 -30.759999999999998 34.65 0 0 0
22.549999999999997 -26.659999999999997 -34.65 180 0 0
22.549999999999997 -26.659999999999997 34.65 0 0 0
22.549999999999997 -22.549999999999997 -34.65 180 0 0
22.549999999999997 -22.549999999999997 34.65 0 0 0
22.549999999999997 -18.45 -34.65 180 0 0
22.549999999999997 -18.45 34.65 0 0 0
22.549999999999997 -14.349999999999998 -34.65 180 0 0
22.549999999999997 -14.349999999999998 34.65 0 0 0
22.549999999999997 -10.25 -34.65 180 0 0
22.549999999999997 -10.25 34.65 0 0 0
22.549999999999997 -6.1499999999999995 -34.65 180 0 0
22.549999999999997 -6.1499999999999995 34.65 0 0 0
22.549999999999997 -2.05 -34.65 180 0 0
22.549999999999997 -2.05 34.65 0 0 0
22.549999999999997 2.05 -34.65 180 0 0
22.549999999999997 2.05 34.65 0 0 0
22.549999999999997 6.1499999999999995 -34.65 180 0 0
22.549999999999997 6.1499999999999995 34.65 0 0 0
22.549999999999997 10.25 -34.65 180 0 0
22.549999999999997 10.25 34.65 0 0 0
22.549999999999997 14.349999999999998 -34.65 180 0 0
22.549999999999997 14.349999999999998 34.65 0 0 0
22.549999999999997 18.45 -34.65 180 0 0
22.549999999999997 18.45 34.65 0 0 0
22.549999999999997 22.549999999999997 -34.65 180 0 0
22.549999999999997 22.549999999999997 34.65 0 0 0
22.549999999999997 26.659999999999997 -34.65 180 0 0
22.549999999999997 26.659999999999997 34.65 0 0 0
22.549999999999997 30.759999999999998 -34.65 180 0 0
22.549999999999997 30.759999999999998 34.65 0 0 0
22.549999999999997 34.65 -22.549999999999997 -90 0 0
22.549999999999997 34.65 -18.45 -90 0 0
22.549999999999997 34.65 -14.349999999999998 -90 0 0
22.549999999999997 34.65 -10.25 -90 0 0
22.549999999999997 34.65 -6.1499999999999995 -90 0 0
22.549999999999997 34.65 -2.05 -90 0 0
22.549999999999997 34.65 2.05 -90 0 0
22.549999999999997 34.65 6.1499999999999995 -90 0 0
22.549999999999997 34.65 10.25 -90 0 0
22.549999999999997 34.65 14.349999999999998 -90 0 0
22.549999999999997 34.65 18.45 -90 0 0
22.549999999999997 34.65 22.549999999999997 -90 0 0
22.549999999999997 34.86 -34.65 180 0 0
22.549999999999997 34.86 34.65 0 0 0
22.549999999999997 38.959999999999994 -34.65 180 0 0
22.549999999999997 38.959999999999994 34.65 0 0 0
22.549999999999997 43.059999999999995 -34.65 180 0 0
22.549999999999997 43.059999999999995 34.65 0 0 0
26.659999999999997 -43.059999999999995 -34.65 180 0 0
26.659999999999997 -43.059999999999995 34.65 0 0 0
26.659999999999997 -38.959999999999994 -34.65 180 0 0
26.659999999999997 -38.959999999999994 34.65 0 0 0
26.659999999999997 -34.86 -34.65 180 0 0
26.659999999999997 -34.86 34.65 0 0 0
26.659999999999997 -34.65 -18.45 90 0 0
26.659999999999997 -34.65 -10.25 90 0 0
26.659999999999997 -34.65 -2.05 90 0 0
26.659999999999997 -34.65 6.1499999999999995 90 0 0
26.659999999999997 -34.65 14.349999999999998 90 0 0
26.659999999999997 -34.65 22.549999999999997 90 0 0
26.659999999999997 -30.759999999999998 -34.65 180 0 0
26.659999999999997 -30.759999999999998 34.65 0 0 0
26.659999999999997 -26.659999999999997 -34.65 180 0 0
26.659999999999997 -26.659999999999997 34.65 0 0 0
26.659999999999997 -18.45 -34.65 180 0 0
26.659999999999997 -18.45 34.65 0 0 0
26.659999999999997 -10.25 -34.65 180 0 0
26.659999999999997 -10.25 34.65 0 0 0
26.659999999999997 -2.05 -34.65 180 0 0
26.659999999999997 -2.05 34.65 0 0 0
26.659999999999997 6.1499999999999995 -34.65 180 0 0
26.659999999999997 6.1499999999999995 34.65 0 0 0
26.659999999999997 14.349999999999998 -34.65 180 0 0
26.659999999999997 14.349999999999998 34.65 0 0 0
26.659999999999997 22.549999999999997 -34.65 180 0 0
26.659999999999997 22.549999999999997 34.65 0 0 0
26.659999999999997 26.659999999999997 -34.65 180 0 0
26.659999999999997 26.659999999999997 34.65 0 0 0
26.659999999999997 30.759999999999998 -34.65 180 0 0
26.659999999999997 30.759999999999998 34.65 0 0 0
26.659999999999997 34.65 -18.45 -90 0 0
26.659999999999997 34.65 -10.25 -90 0 0
26.659999999999997 34.65 -2.05 -90 0 0
26.659999999999997 34.65 6.1499999999999995 -90 0 0
26.659999999999997 34.65 14.349999999999998 -90 0 0
26.659999999999997 34.65 22.549999999999997 -90 0 0
26.659999999999997 34.86 -34.65 180 0 0
26.659999999999997 34.86 34.65 0 0 0
26.659999999999997 38.959999999999994 -34.65 180 0 0
26.659999999999997 38.959999999999994 34.65 0 0 0
26.659999999999997 43.059999999999995 -34.65 180 0 0
26.659999999999997 43.059999999999995 34.65 0 0 0
30.759999999999998 -34.65 -43.059999999999995 90 0 0
30.759999999999998 -34.65 -38.959999999999994 90 0 0
30.759999999999998 -34.65 -34.86 90 0 0
30.759999999999998 -34.65 -30.759999999999998 90 0 0
30.759999999999998 -34.65 -26.659999999999997 90 0 0
30.759999999999998 -34.65 -18.45 90 0 0
30.759999999999998 -34.65 -10.25 90 0 0
30.759999999999998 -34.65 -2.05 90 0 0
30.759999999999998 -34.65 6.1499999999999995 90 0 0
30.759999999999998 -34.65 14.349999999999998 90 0 0
30.759999999999998 -34.65 22.549999999999997 90 0 0
30.759999999999998 -34.65 26.659999999999997 90 0 0
30.759999999999998 -34.65 30.759999999999998 90 0 0
30.759999999999998 -34.65 34.86 90 0 0
30.759999999999998 -34.65 38.959999999999994 90 0 0
30.759999999999998 -34.65 43.059999999999995 90 0 0
30.759999999999998 -18.45 -34.65 180 0 0
30.759999999999998 -18.45 34.65 0 0 0
30.759999999999998 -10.25 -34.65 180 0 0
30.759999999999998 -10.25 34.65 0 0 0
30.759999999999998 -2.05 -34.65 180 0 0
30.759999999999998 -2.05 34.65 0 0 0
30.759999999999998 6.1499999999999995 -34.65 180 0 0
30.759999999999998 6.1499999999999995 34.65 0 0 0
30.759999999999998 14.349999999999998 -34.65 180 0 0
30.759999999999998 14.349999999999998 34.65 0 0 0
30.759999999999998 22.549999999999997 -34.65 180 0 0
30.759999999999998 22.549999999999997 34.65 0 0 0
30.759999999999998 34.65 -43.059999999999995 -90 0 0
30.759999999999998 34.65 -38.959999999999994 -90 0 0
30.759999999999998 34.65 -34.86 -90 0 0
30.759999999999998 34.65 -30.759999999999998 -90 0 0
30.759999999999998 34.65 -26.659999999999997 -90 0 0
30.759999999999998 34.65 -18.45 -90 0 0
30.759999999999998 34.65 -10.25 -90 0 0
30.759999999999998 34.65 -2.05 -90 0 0
30.759999999999998 34.65 6.1499999999999995 -90 0 0
30.759999999999998 34.65 14.349999999999998 -90 0 0
30.759999999999998 34.65 22.549999999999997 -90 0 0
30.759999999999998 34.65 26.659999999999997 -90 0 0
30.759999999999998 34.65 30.759999999999998 -90 0 0
30.759999999999998 34.65 34.86 -90 0 0
30.759999999999998 34.65 38.959999999999994 -90 0 0
30.759999999999998 34.65 43.059999999999995 -90 0 0
34.65 -43.059999999999995 -22.549999999999997 0 90 0
34.65 -43.059999999999995 -14.349999999999998 0 90 0
34.65 -43.059999999999995 -6.1499999999999995 0 90 0
34.65 -43.059999999999995 2.05 0 90 0
34.65 -43.059999999999995 10.25 0 90 0
34.65 -43.059999999999995 18.45 0 90 0
34.65 -38.959999999999994 -22.549999999999997 0 90 0
34.65 -38.959999999999994 -14.349999999999998 0 90 0
34.65 -38.959999999999994 -6.1499999999999995 0 90 0
34.65 -38.959999999999994 2.05 0 90 0
34.65 -38.959999999999994 10.25 0 90 0
34.65 -38.959999999999994 18.45 0 90 0
34.65 -34.86 -22.549999999999997 0 90 0
34.65 -34.86 -14.349999999999998 0 90 0
34.65 -34.86 -6.1499999999999995 0 90 0
34.65 -34.86 2.05 0 90 0
34.65 -34.86 10.25 0 90 0
34.65 -34.86 18.45 0 90 0
34.65 -30.759999999999998 -22.549999999999997 0 90 0
34.65 -30.759999999999998 -14.349999999999998 0 90 0
34.65 -30.759999999999998 -6.1499999999999995 0 90 0
34.65 -30.759999999999998 2.05 0 90 0
34.65 -30.759999999999998 10.25 0 90 0
34.65 -30.759999999999998 18.45 0 90 0
34.65 -26.659999999999997 -22.549999999999997 0 90 0
34.65 -26.659999999999997 -14.349999999999998 0 90 0
34.65 -26.659999999999997 -6.1499999999999995 0 90 0
34.65 -26.659999999999997 2.05 0 90 0
34.65 -26.659999999999997 10.25 0 90 0
34.65 -26.659999999999997 18.45 0 90 0
34.65 -22.549999999999997 -43.059999999999995 0 90 0
34.65 -22.549999999999997 -38.959999999999994 0 90 0
34.65 -22.549999999999997 -34.86 0 90 0
34.65 -22.549999999999997 -30.759999999999998 0 90 0
34.65 -22.549999999999997 -26.659999999999997 0 90 0
34.65 -22.549999999999997 -22.549999999999997 0 90 0
34.65 -22.549999999999997 -18.45 0 90 0
34.65 -22.549999999999997 -14.349999999999998 0 90 0
34.65 -22.549999999999997 -10.25 0 90 0
34.65 -22.549999999999997 -6.1499999999999995 0 90 0
34.65 -22.549999999999997 -2.05 0 90 0
34.65 -22.549999999999997 2.05 0 90 0
34.65 -22.549999999999997 6.1499999999999995 0 90 0
34.65 -22.549999999999997 10.25 0 90 0
34.65 -22.549999999999997 14.349999999999998 0 90 0
34.65 -22.549999999999997 18.45 0 90 0
34.65 -22.549999999999997 22.549999999999997 0 90 0
34.65 -22.549999999999997 26.659999999999997 0 90 0
34.65 -22.549999999999997 30.759999999999998 0 90 0
34.65 -22.549999999999997 34.86 0 90 0
34.65 -22.549999999999997 38.959999999999994 0 90 0
34.65 -22.549999999999997 43.059999999999995 0 90 0
34.65 -18.45 -22.549999999999997 0 90 0
34.65 -18.45 -18.45 0 90 0
34.65 -18.45 -14.349999999999998 0 90 0
34.65 -18.45 -10.25 0 90 0
34.65 -18.45 -6.1499999999999995 0 90 0
34.65 -18.45 -2.05 0 90 0
34.65 -18.45 2.05 0 90 0
34.65 -18.45 6.1499999999999995 0 90 0
34.65 -18.45 10.25 0 90 0
34.65 -18.45 14.349999999999998 0 90 0
34.65 -18.45 18.45 0 90 0
34.65 -18.45 22.549999999999997 0 90 0
34.65 -14.349999999999998 -43.059999999999995 0 90 0
34.65 -14.349999999999998 -38.959999999999994 0 90 0
34.65 -14.349999999999998 -34.86 0 90 0
34.65 -14.349999999999998 -30.759999999999998 0 90 0
34.65 -14.349999999999998 -26.659999999999997 0 90 0
34.65 -14.349999999999998 -22.549999999999997 0 90 0
34.65 -14.349999999999998 -18.45 0 90 0
34.65 -14.349999999999998 -14.349999999999998 0 90 0
34.65 -14.349999999999998 -10.25 0 90 0
34.65 -14.349999999999998 -6.1499999999999995 0 90 0
34.65 -14.349999999999998 -2.05 0 90 0
34.65 -14.349999999999998 2.05 0 90 0
34.65 -14.349999999999998 6.1499999999999995 0 90 0
34.65 -14.349999999999998 10.25 0 90 0
34.65 -14.349999999999998 14.349999999999998 0 90 0
34.65 -14.349999999999998 18.45 0 90 0
34.65 -14.349999999999998 22.549999999999997 0 90 0
34.65 -14.349999999999998 26.659999999999997 0 90 0
34.65 -14.349999999999998 30.759999999999998 0 90 0
34.65 -14.349999999999998 34.86 0 90 0
34.65 -14.349999999999998 38.959999999999994 0 90 0
34.65 -14.349999999999998 43.059999999999995 0 90 0
34.65 -10.25 -22.549999999999997 0 90 0
34.65 -10.25 -18.45 0 90 0
34.65 -10.25 -14.349999999999998 0 90 0
34.65 -10.25 -10.25 0 90 0
34.65 -10.25 -6.1499999999999995 0 90 0
34.65 -10.25 -2.05 0 90 0
34.65 -10.25 2.05 0 90 0
34.65 -10.25 6.1499999999999995 0 90 0
34.65 -10.25 10.25 0 90 0
34.65 -10.25 14.349999999999998 0 90 0
34.65 -10.25 18.45 0 90 0
34.65 -10.25 22.549999999999997 0 90 0
34.65 -6.1499999999999995 -43.059999999999995 0 90 0
34.65 -6.1499999999999995 -38.959999999999994 0 90 0
34.65 -6.1499999999999995 -34.86 0 90 0
34.65 -6.1499999999999995 -30.759999999999998 0 90 0
34.65 -6.1499999999999995 -26.659999999999997 0 90 0
34.65 -6.1499999999999995 -22.549999999999997 0 90 0
34.65 -6.1499999999999995 -18.45 0 90 0
34.65 -6.1499999999999995 -14.349999999999998 0 90 0
34.65 -6.1499999999999995 -10.25 0 90 0
34.65 -6.1499999999999995 -6.1499999999999995 0 90 0
34.65 -6.1499999999999995 -2.05 0 90 0
34.65 -6.1499999999999995 2.05 0 90 0
34.65 -6.1499999999999995 6.1499999999999995 0 90 0
34.65 -6.1499999999999995 10.25 0 90 0
34.65 -6.1499999999999995 14.349999999999998 0 90 0
34.65 -6.1499999999999995 18.45 0 90 0
34.65 -6.1499999999999995 22.549999999999997 0 90 0
34.65 -6.1499999999999995 26.659999999999997 0 90 0
34.65 -6.1499999999999995 30.759999999999998 0 90 0
34.65 -6.1499999999999995 34.86 0 90 0
34.65 -6.1499999999999995 38.959999999999994 0 90 0
34.65 -6.1499999999999995 43.059999999999995 0 90 0
34.65 -2.05 -22.549999999999997 0 90 0
34.65 -2.05 -18.45 0 90 0
34.65 -2.05 -14.349999999999998 0 90 0
34.65 -2.05 -10.25 0 90 0
34.65 -2.05 -6.1499999999999995 0 90 0
34.65 -2.05 -2.05 0 90 0
34.65 -2.05 2.05 0 90 0
34.65 -2.05 6.1499999999999995 0 90 0
34.65 -2.05 10.25 0 90 0
34.65 -2.05 14.349999999999998 0 90 0
34.65 -2.05 18.45 0 90 0
34.65 -2.05 22.549999999999997 0 90 0
34.65 2.05 -43.059999999999995 0 90 0
34.65 2.05 -38.959999999999994 0 90 0
34.65 2.05 -34.86 0 90 0
34.65 2.05 -30.759999999999998 0 90 0
34.65 2.05 -26.659999999999997 0 90 0
34.65 2.05 -22.549999999999997 0 90 0
34.65 2.05 -18.45 0 90 0
34.65 2.05 -14.349999999999998 0 90 0
34.65 2.05 -10.25 0 90 0
34.65 2.05 -6.1499999999999995 0 90 0
34.65 2.05 -2.05 0 90 0
34.65 2.05 2.05 0 90 0
34.65 2.05 6.1499999999999995 0 90 0
34.65 2.05 10.25 0 90 0
34.65 2.05 14.349999999999998 0 90 0
34.65 2.05 18.45 0 90 0
34.65 2.05 22.549999999999997 0 90 0
34.65 2.05 26.659999999999997 0 90 0
34.65 2.05 30.759999999999998 0 90 0
34.65 2.05 34.86 0 90 0
34.65 2.05 38.959999999999994 0 90 0
34.65 2.05 43.059999999999995 0 90 0
34.65 6.1499999999999995 -22.549999999999997 0 90 0
34.65 6.1499999999999995 -18.45 0 90 0
34.65 6.1499999999999995 -14.349999999999998 0 90 0
34.65 6.1499999999999995 -10.25 0 90 0
34.65 6.1499999999999995 -6.1499999999999995 0 90 0
34.65 6.1499999999999995 -2.05 0 90 0
34.65 6.1499999999999995 2.05 0 90 0
34.65 6.1499999999999995 6.1499999999999995 0 90 0
34.65 6.1499999999999995 10.25 0 90 0
34.65 6.1499999999999995 14.349999999999998 0 90 0
34.65 6.1499999999999995 18.45 0 90 0
34.65 6.1499999999999995 22.549999999999997 0 90 0
34.65 10.25 -43.059999999999995 0 90 0
34.65 10.25 -38.959999999999994 0 90 0
34.65 10.25 -34.86 0 90 0
34.65 10.25 -30.759999999999998 0 90 0
34.65 10.25 -26.659999999999997 0 90 0
34.65 10.25 -22.549999999999997 0 90 0
34.65 10.25 -18.45 0 90 0
34.65 10.25 -14.349999999999998 0 90 0
34.65 10.25 -10.25 0 90 0
34.65 10.25 -6.1499999999999995 0 90 0
34.65 10.25 -2.05 0 90 0
34.65 10.25 2.05 0 90 0
34.65 10.25 6.1499999999999995 0 90 0
34.65 10.25 10.25 0 90 0
34.65 10.25 14.349999999999998 0 90 0
34.65 10.25 18.45 0 90 0
34.65 10.25 22.549999999999997 0 90 0
34.65 10.25 26.659999999999997 0 90 0
34.65 10.25 30.759999999999998 0 90 0
34.65 10.25 34.86 0 90 0
34.65 10.25 38.959999999999994 0 90 0
34.65 10.25 43.059999999999995 0 90 0
34.65 14.349999999999998 -22.549999999999997 0 90 0
34.65 14.349999999999998 -18.45 0 90 0
34.65 14.349999999999998 -14.349999999999998 0 90 0
34.65 14.349999999999998 -10.25 0 90 0
34.65 14.349999999999998 -6.1499999999999995 0 90 0
34.65 14.349999999999998 -2.05 0 90 0
34.65 14.349999999999998 2.05 0 90 0
34.65 14.349999999999998 6.1499999999999995 0 90 0
34.65 14.349999999999998 10.25 0 90 0
34.65 14.349999999999998 14.349999999999998 0 90 0
34.65 14.349999999999998 18.45 0 90 0
34.65 14.349999999999998 22.549999999999997 0 90 0
34.65 18.45 -43.059999999999995 0 90 0
34.65 18.45 -38.959999999999994 0 90 0
34.65 18.45 -34.86 0 90 0
34.65 18.45 -30.759999999999998 0 90 0
34.65 18.45 -26.659999999999997 0 90 0
34.65 18.45 -22.549999999999997 0 90 0
34.65 18.45 -18.45 0 90 0
34.65 18.45 -14.349999999999998 0 90 0
34.65 18.45 -10.25 0 90 0
34.65 18.45 -6.1499999999999995 0 90 0
34.65 18.45 -2.05 0 90 0
34.65 18.45 2.05 0 90 0
34.65 18.45 6.1499999999999995 0 90 0
34.65 18.45 10.25 0 90 0
34.65 18.45 14.349999999999998 0 90 0
34.65 18.45 18.45 0 90 0
34.65 18.45 22.549999999999997 0 90 0
34.65 18.45 26.659999999999997 0 90 0
34.65 18.45 30.759999999999998 0 90 0
34.65 18.45 34.86 0 90 0
34.65 18.45 38.959999999999994 0 90 0
34.65 18.45 43.059999999999995 0 90 0
34.65 22.549999999999997 -22.549999999999997 0 90 0
34.65 22.549999999999997 -18.45 0 90 0
34.65 22.549999999999997 -14.349999999999998 0 90 0
34.65 22.549999999999997 -10.25 0 90 0
34.65 22.549999999999997 -6.1499999999999995 0 90 0
34.65 22.549999999999997 -2.05 0 90 0
34.65 22.549999999999997 2.05 0 90 0
34.65 22.549999999999997 6.1499999999999995 0 90 0
34.65 22.549999999999997 10.25 0 90 0
34.65 22.549999999999997 14.349999999999998 0 90 0
34.65 22.549999999999997 18.45 0 90 0
34.65 22.549999999999997 22.549999999999997 0 90 0
34.65 26.659999999999997 -22.549999999999997 0 90 0
34.65 26.659999999999997 -14.349999999999998 0 90 0
34.65 26.659999999999997 -6.1499999999999995 0 90 0
34.65 26.659999999999997 2.05 0 90 0
34.65 26.659999999999997 10.25 0 90 0
34.65 26.659999999999997 18.45 0 90 0
34.65 30.759999999999998 -22.549999999999997 0 90 0
34.65 30.759999999999998 -14.349999999999998 0 90 0
34.65 30.759999999999998 -6.1499999999999995 0 90 0
34.65 30.759999999999998 2.05 0 90 0
34.65 30.759999999999998 10.25 0 90 0
34.65 30.759999999999998 18.45 0 90 0
34.65 34.86 -22.549999999999997 0 90 0
34.65 34.86 -14.349999999999998 0 90 0
34.65 34.86 -6.1499999999999995 0 90 0
34.65 34.86 2.05 0 90 0
34.65 34.86 10.25 0 90 0
34.65 34.86 18.45 0 90 0
34.65 38.959999999999994 -22.549999999999997 0 90 0
34.65 38.959999999999994 -14.349999999999998 0 90 0
34.65 38.959999999999994 -6.1499999999999995 0 90 0
34.65 38.959999999999994 2.05 0 90 0
34.65 38.959999999999994 10.25 0 90 0
34.65 38.959999999999994 18.45 0 90 0
34.65 43.059999999999995 -22.549999999999997 0 90 0
34.65 43.059999999999995 -14.349999999999998 0 90 0
34.65 43.059999999999995 -6.1499999999999995 0 90 0
34.65 43.059999999999995 2.05 0 90 0
34.65 43.059999999999995 10.25 0 90 0
34.65 43.059999999999995 18.45 0 90 0
34.86 -43.059999999999995 -34.65 180 0 0
34.86 -43.059999999999995 34.65 0 0 0
34.86 -38.959999999999994 -34.65 180 0 0
34.86 -38.959999999999994 34.65 0 0 0
34.86 -34.86 -34.65 180 0 0
34.86 -34.86 34.65 0 0 0
34.86 -34.65 -18.45 90 0 0
34.86 -34.65 -10.25 90 0 0
34.86 -34.65 -2.05 90 0 0
34.86 -34.65 6.1499999999999995 90 0 0
34.86 -34.65 14.349999999999998 90 0 0
34.86 -34.65 22.549999999999997 90 0 0
34.86 -30.759999999999998 -34.65 180 0 0
34.86 -30.759999999999998 34.65 0 0 0
34.86 -26.659999999999997 -34.65 180 0 0
34.86 -26.659999999999997 34.65 0 0 0
34.86 -18.45 -34.65 180 0 0
34.86 -18.45 34.65 0 0 0
34.86 -10.25 -34.65 180 0 0
34.86 -10.25 34.65 0 0 0
34.86 -2.05 -34.65 180 0 0
34.86 -2.05 34.65 0 0 0
34.86 6.1499999999999995 -34.65 180 0 0
34.86 6.1499999999999995 34.65 0 0 0
34.86 14.349999999999998 -34.65 180 0 0
34.86 14.349999999999998 34.65 0 0 0
34.86 22.549999999999997 -34.65 180 0 0
34.86 22.549999999999997 34.65 0 0 0
34.86 26.659999999999997 -34.65 180 0 0
34.86 26.659999999999997 34.65 0 0 0
34.86 30.759999999999998 -34.65 180 0 0
34.86 30.759999999999998 34.65 0 0 0
34.86 34.65 -18.45 -90 0 0
34.86 34.65 -10.25 -90 0 0
34.86 34.65 -2.05 -90 0 0
34.86 34.65 6.1499999999999995 -90 0 0
34.86 34.65 14.349999999999998 -90 0 0
34.86 34.65 22.549999999999997 -90 0 0
34.86 34.86 -34.65 180 0 0
34.86 34.86 34.65 0 0 0
34.86 38.959999999999994 -34.65 180 0 0
34.86 38.959999999999994 34.65 0 0 0
34.86 43.059999999999995 -34.65 180 0 0
34.86 43.059999999999995 34.65 0 0 0
38.959999999999994 -34.65 -43.059999999999995 90 0 0
38.959999999999994 -34.65 -38.959999999999994 90 0 0
38.959999999999994 -34.65 -34.86 90 0 0
38.959999999999994 -34.65 -30.759999999999998 90 0 0
38.959999999999994 -34.65 -26.659999999999997 90 0 0
38.959999999999994 -34.65 -18.45 90 0 0
38.959999999999994 -34.65 -10.25 90 0 0
38.959999999999994 -34.65 -2.05 90 0 0
38.959999999999994 -34.65 6.1499999999999995 90 0 0
38.959999999999994 -34.65 14.349999999999998 90 0 0
38.959999999999994 -34.65 22.549999999999997 90 0 0
38.959999999999994 -34.65 26.659999999999997 90 0 0
38.959999999999994 -34.65 30.759999999999998 90 0 0
38.959999999999994 -34.65 34.86 90 0 0
38.959999999999994 -34.65 38.959999999999994 90 0 0
38.959999999999994 -34.65 43.059999999999995 90 0 0
38.959999999999994 -18.45 -34.65 180 0 0
38.959999999999994 -18.45 34.65 0 0 0
38.959999999999994 -10.25 -34.65 180 0 0
38.959999999999994 -10.25 34.65 0 0 0
38.959999999999994 -2.05 -34.65 180 0 0
38.959999999999994 -2.05 34.65 0 0 0
38.959999999999994 6.1499999999999995 -34.65 180 0 0
38.959999999999994 6.1499999999999995 34.65 0 0 0
38.959999999999994 14.349999999999998 -34.65 180 0 0
38.959999999999994 14.349999999999998 34.65 0 0 0
38.959999999999994 22.549999999999997 -34.65 180 0 0
38.959999999999994 22.549999999999997 34.65 0 0 0
38.959999999999994 34.65 -43.059999999999995 -90 0 0
38.959999999999994 34.65 -38.959999999999994 -90 0 0
38.959999999999994 34.65 -34.86 -90 0 0
38.959999999999994 34.65 -30.759999999999998 -90 0 0
38.959999999999994 34.65 -26.659999999999997 -90 0 0
38.959999999999994 34.65 -18.45 -90 0 0
38.959999999999994 34.65 -10.25 -90 0 0
38.959999999999994 34.65 -2.05 -90 0 0
38.959999999999994 34.65 6.1499999999999995 -90 0 0
38.959999999999994 34.65 14.349999999999998 -90 0 0
38.959999999999994 34.65 22.549999999999997 -90 0 0
38.959999999999994 34.65 26.659999999999997 -90 0 0
38.959999999999994 34.65 30.759999999999998 -90 0 0
38.959999999999994 34.65 34.86 -90 0 0
38.959999999999994 34.65 38.959999999999994 -90 0 0
38.959999999999994 34.65 43.059999999999995 -90 0 0
43.059999999999995 -43.059999999999995 -34.65 180 0 0
43.059999999999995 -43.059999999999995 34.65 0 0 0
43.059999999999995 -38.959999999999994 -34.65 180 0 0
43.059999999999995 -38.959999999999994 34.65 0 0 0
43.059999999999995 -34.86 -34.65 180 0 0
43.059999999999995 -34.86 34.65 0 0 0
43.059999999999995 -34.65 -18.45 90 0 0
43.059999999999995 -34.65 -10.25 90 0 0
43.059999999999995 -34.65 -2.05 90 0 0
43.059999999999995 -34.65 6.1499999999999995 90 0 0
43.059999999999995 -34.65 14.349999999999998 90 0 0
43.059999999999995 -34.65 22.549999999999997 90 0 0
43.059999999999995 -30.759999999999998 -34.65 180 0 0
43.059999999999995 -30.759999999999998 34.65 0 0 0
43.059999999999995 -26.659999999999997 -34.65 180 0 0
43.059999999999995 -26.659999999999997 34.65 0 0 0
43.059999999999995 -18.45 -34.65 180 0 0
43.059999999999995 -18.45 34.65 0 0 0
43.059999999999995 -10.25 -34.65 180 0 0
43.059999999999995 -10.25 34.65 0 0 0
43.059999999999995 -2.05 -34.65 180 0 0
43.059999999999995 -2.05 34.65 0 0 0
43.059999999999995 6.1499999999999995 -34.65 180 0 0
43.059999999999995 6.1499999999999995 34.65 0 0 0
43.059999999999995 14.349999999999998 -34.65 180 0 0
43.059999999999995 14.349999999999998 34.65 0 0 0
43.059999999999995 22.549999999999997 -34.65 180 0 0
43.059999999999995 22.549999999999997 34.65 0 0 0
43.059999999999995 26.659999999999997 -34.65 180 0 0
43.059999999999995 26.659999999999997 34.65 0 0 0
43.059999999999995 30.759999999999998 -34.65 180 0 0
43.059999999999995 30.759999999999998 34.65 0 0 0
43.059999999999995 34.65 -18.45 -90 0 0
43.059999999999995 34.65 -10.25 -90 0 0
43.059999999999995 34.65 -2.05 -90 0 0
43.059999999999995 34.65 6.1499999999999995 -90 0 0
43.059999999999995 34.65 14.349999999999998 -90 0 0
43.059999999999995 34.65 22.549999999999997 -90 0 0
43.059999999999995 34.86 -34.65 180 0 0
43.059999999999995 34.86 34.65 0 0 0
43.059999999999995 38.959999999999994 -34.65 180 0 0
43.059999999999995 38.959999999999994 34.65 0 0 0
43.059999999999995 43.059999999999995 -34.65 180 0 0
43.059999999999995 43.059999999999995 34.65 0 0 0
