-45.11 -36.7 -45.11 90 0 0
-45.11 -36.7 -41.01 90 0 0
-45.11 -36.7 -36.91 90 0 0
-45.11 -36.7 -32.809999999999995 90 0 0
-45.11 -36.7 -28.709999999999997 90 0 0
-45.11 -36.7 -24.599999999999998 90 0 0
-45.11 -36.7 -20.5 90 0 0
-45.11 -36.7 -16.4 90 0 0
-45.11 -36.7 -12.299999999999999 90 0 0
-45.11 -36.7 -8.2 90 0 0
-45.11 -36.7 -4.1 90 0 0
-45.11 -36.7 0.0 90 0 0
-45.11 -36.7 4.1 90 0 0
-45.11 -36.7 8.2 90 0 0
-45.11 -36.7 12.299999999999999 90 0 0
-45.11 -36.7 16.4 90 0 0
-45.11 -36.7 20.5 90 0 0
-45.11 -36.7 24.599999999999998 90 0 0
-45.11 -36.7 28.709999999999997 90 0 0
-45.11 -36.7 32.809999999999995 90 0 0
-45.11 -36.7 36.91 90 0 0
-45.11 -36.7 41.01 90 0 0
-45.11 -36.7 45.11 90 0 0
-45.11 -24.599999999999998 -36.7 180 0 0
-45.11 -24.599999999999998 36.7 0 0 0
-45.11 -20.5 -36.7 180 0 0
-45.11 -20.5 36.7 0 0 0
-45.11 -16.4 -36.7 180 0 0
-45.11 -16.4 36.7 0 0 0
-45.11 -12.299999999999999 -36.7 180 0 0
-45.11 -12.299999999999999 36.7 0 0 0
-45.11 -8.2 -36.7 180 0 0
-45.11 -8.2 36.7 0 0 0
-45.11 -4.1 -36.7 180 0 0
-45.11 -4.1 36.7 0 0 0
-45.11 0.0 -36.7 180 0 0
-45.11 0.0 36.7 0 0 0
-45.11 4.1 -36.7 180 0 0
-45.11 4.1 36.7 0 0 0
-45.11 8.2 -36.7 180 0 0
-45.11 8.2 36.7 0 0 0
-45.11 12.299999999999999 -36.7 180 0 0
-45.11 12.299999999999999 36.7 0 0 0
-45.11 16.4 -36.7 180 0 0
-45.11 16.4 36.7 0 0 0
-45.11 20.5 -36.7 180 0 0
-45.11 20.5 36.7 0 0 0
-45.11 24.599999999999998 -36.7 180 0 0
-45.11 24.599999999999998 36.7 0 0 0
-45.11 36.7 -45.11 -90 0 0
-45.11 36.7 -41.01 -90 0 0
-45.11 36.7 -36.91 -90 0 0
-45.11 36.7 -32.809999999999995 -90 0 0
-45.11 36.7 -28.709999999999997 -90 0 0
-45.11 36.7 -24.599999999999998 -90 0 0
-45.11 36.7 -20.5 -90 0 0
-45.11 36.7 -16.4 -90 0 0
-45.11 36.7 -12.299999999999999 -90 0 0
-45.11 36.7 -8.2 -90 0 0
-45.11 36.7 -4.1 -90 0 0
-45.11 36.7 0.0 -90 0 0
-45.11 36.7 4.1 -90 0 0
-45.11 36.7 8.2 -90 0 0
-45.11 36.7 12.299999999999999 -90 0 0
-45.11 36.7 16.4 -90 0 0
-45.11 36.7 20.5 -90 0 0
-45.11 36.7 24.599999999999998 -90 0 0
-45.11 36.7 28.709999999999997 -90 0 0
-45.11 36.7 32.809999999999995 -90 0 0
-45.11 36.7 36.91 -90 0 0
-45.11 36.7 41.01 -90 0 0
-45.11 36.7 45.11 -90 0 0
-41.01 -36.7 -45.11 90 0 0
-41.01 -36.7 -41.01 90 0 0
-41.01 -36.7 -36.91 90 0 0
-41.01 -36.7 -32.809999999999995 90 0 0
-41.01 -36.7 -28.709999999999997 90 0 0
-41.01 -36.7 -24.599999999999998 90 0 0
-41.01 -36.7 -20.5 90 0 0
-41.01 -36.7 -16.4 90 0 0
-41.01 -36.7 -12.299999999999999 90 0 0
-41.01 -36.7 -8.2 90 0 0
-41.01 -36.7 -4.1 90 0 0
-41.01 -36.7 0.0 90 0 0
-41.01 -36.7 4.1 90 0 0
-41.01 -36.7 8.2 90 0 0
-41.01 -36.7 12.299999999999999 90 0 0
-41.01 -36.7 16.4 90 0 0
-41.01 -36.7 20.5 90 0 0
-41.01 -36.7 24.599999999999998 90 0 0
-41.01 -36.7 28.709999999999997 90 0 0
-41.01 -36.7 32.809999999999995 90 0 0
-41.01 -36.7 36.91 90 0 0
-41.01 -36.7 41.01 90 0 0
-41.01 -36.7 45.11 90 0 0
-41.01 -24.599999999999998 -36.7 180 0 0
-41.01 -24.599999999999998 36.7 0 0 0
-41.01 -20.5 -36.7 180 0 0
-41.01 -20.5 36.7 0 0 0
-41.01 -16.4 -36.7 180 0 0
-41.01 -16.4 36.7 0 0 0
-41.01 -12.299999999999999 -36.7 180 0 0
-41.01 -12.299999999999999 36.7 0 0 0
-41.01 -8.2 -36.7 180 0 0
-41.01 -8.2 36.7 0 0 0
-41.01 -4.1 -36.7 180 0 0
-41.01 -4.1 36.7 0 0 0
-41.01 0.0 -36.7 180 0 0
-41.01 0.0 36.7 0 0 0
-41.01 4.1 -36.7 180 0 0
-41.01 4.1 36.7 0 0 0
-41.01 8.2 -36.7 180 0 0
-41.01 8.2 36.7 0 0 0
-41.01 12.299999999999999 -36.7 180 0 0
-41.01 12.299999999999999 36.7 0 0 0
-41.01 16.4 -36.7 180 0 0
-41.01 16.4 36.7 0 0 0
-41.01 20.5 -36.7 180 0 0
-41.01 20.5 36.7 0 0 0
-41.01 24.599999999999998 -36.7 180 0 0
-41.01 24.599999999999998 36.7 0 0 0
-41.01 36.7 -45.11 -90 0 0
-41.01 36.7 -41.01 -90 0 0
-41.01 36.7 -36.91 -90 0 0
-41.01 36.7 -32.809999999999995 -90 0 0
-41.01 36.7 -28.709999999999997 -90 0 0
-41.01 36.7 -24.599999999999998 -90 0 0
-41.01 36.7 -20.5 -90 0 0
-41.01 36.7 -16.4 -90 0 0
-41.01 36.7 -12.299999999999999 -90 0 0
-41.01 36.7 -8.2 -90 0 0
-41.01 36.7 -4.1 -90 0 0
-41.01 36.7 0.0 -90 0 0
-41.01 36.7 4.1 -90 0 0
-41.01 36.7 8.2 -90 0 0
-41.01 36.7 12.299999999999999 -90 0 0
-41.01 36.7 16.4 -90 0 0
-41.01 36.7 20.5 -90 0 0
-41.01 36.7 24.599999999999998 -90 0 0
-41.01 36.7 28.709999999999997 -90 0 0
-41.01 36.7 32.809999999999995 -90 0 0
-41.01 36.7 36.91 -90 0 0
-41.01 36.7 41.01 -90 0 0
-41.01 36.7 45.11 -90 0 0
-36.91 -36.7 -45.11 90 0 0
-36.91 -36.7 -41.01 90 0 0
-36.91 -36.7 -36.91 90 0 0
-36.91 -36.7 -32.809999999999995 90 0 0
-36.91 -36.7 -28.709999999999997 90 0 0
-36.91 -36.7 -24.599999999999998 90 0 0
-36.91 -36.7 -20.5 90 0 0
-36.91 -36.7 -16.4 90 0 0
-36.91 -36.7 -12.299999999999999 90 0 0
-36.91 -36.7 -8.2 90 0 0
-36.91 -36.7 -4.1 90 0 0
-36.91 -36.7 0.0 90 0 0
-36.91 -36.7 4.1 90 0 0
-36.91 -36.7 8.2 90 0 0
-36.91 -36.7 12.299999999999999 90 0 0
-36.91 -36.7 16.4 90 0 0
-36.91 -36.7 20.5 90 0 0
-36.91 -36.7 24.599999999999998 90 0 0
-36.91 -36.7 28.709999999999997 90 0 0
-36.91 -36.7 32.809999999999995 90 0 0
-36.91 -36.7 36.91 90 0 0
-36.91 -36.7 41.01 90 0 0
-36.91 -36.7 45.11 90 0 0
-36.91 -24.599999999999998 -36.7 180 0 0
-36.91 -24.599999999999998 36.7 0 0 0
-36.91 -20.5 -36.7 180 0 0
-36.91 -20.5 36.7 0 0 0
-36.91 -16.4 -36.7 180 0 0
-36.91 -16.4 36.7 0 0 0
-36.91 -12.299999999999999 -36.7 180 0 0
-36.91 -12.299999999999999 36.7 0 0 0
-36.91 -8.2 -36.7 180 0 0
-36.91 -8.2 36.7 0 0 0
-36.91 -4.1 -36.7 180 0 0
-36.91 -4.1 36.7 0 0 0
-36.91 0.0 -36.7 180 0 0
-36.91 0.0 36.7 0 0 0
-36.91 4.1 -36.7 180 0 0
-36.91 4.1 36.7 0 0 0
-36.91 8.2 -36.7 180 0 0
-36.91 8.2 36.7 0 0 0
-36.91 12.299999999999999 -36.7 180 0 0
-36.91 12.299999999999999 36.7 0 0 0
-36.91 16.4 -36.7 180 0 0
-36.91 16.4 36.7 0 0 0
-36.91 20.5 -36.7 180 0 0
-36.91 20.5 36.7 0 0 0
-36.91 24.599999999999998 -36.7 180 0 0
-36.91 24.599999999999998 36.7 0 0 0
-36.91 36.7 -45.11 -90 0 0
-36.91 36.7 -41.01 -90 0 0
-36.91 36.7 -36.91 -90 0 0
-36.91 36.7 -32.809999999999995 -90 0 0
-36.91 36.7 -28.709999999999997 -90 0 0
-36.91 36.7 -24.599999999999998 -90 0 0
-36.91 36.7 -20.5 -90 0 0
-36.91 36.7 -16.4 -90 0 0
-36.91 36.7 -12.299999999999999 -90 0 0
-36.91 36.7 -8.2 -90 0 0
-36.91 36.7 -4.1 -90 0 0
-36.91 36.7 0.0 -90 0 0
-36.91 36.7 4.1 -90 0 0
-36.91 36.7 8.2 -90 0 0
-36.91 36.7 12.299999999999999 -90 0 0
-36.91 36.7 16.4 -90 0 0
-36.91 36.7 20.5 -90 0 0
-36.91 36.7 24.599999999999998 -90 0 0
-36.91 36.7 28.709999999999997 -90 0 0
-36.91 36.7 32.809999999999995 -90 0 0
-36.91 36.7 36.91 -90 0 0
-36.91 36.7 41.01 -90 0 0
-36.91 36.7 45.11 -90 0 0
-36.7 -24.599999999999998 -24.599999999999998 0 -90 0
-36.7 -24.599999999999998 -20.5 0 -90 0
-36.7 -24.599999999999998 -16.4 0 -90 0
-36.7 -24.599999999999998 -12.299999999999999 0 -90 0
-36.7 -24.599999999999998 -8.2 0 -90 0
-36.7 -24.599999999999998 -4.1 0 -90 0
-36.7 -24.599999999999998 0.0 0 -90 0
-36.7 -24.599999999999998 4.1 0 -90 0
-36.7 -24.599999999999998 8.2 0 -90 0
-36.7 -24.599999999999998 12.299999999999999 0 -90 0
-36.7 -24.599999999999998 16.4 0 -90 0
-36.7 -24.599999999999998 20.5 0 -90 0
-36.7 -24.599999999999998 24.599999999999998 0 -90 0
-36.7 -20.5 -24.599999999999998 0 -90 0
-36.7 -20.5 -20.5 0 -90 0
-36.7 -20.5 -16.4 0 -90 0
-36.7 -20.5 -12.299999999999999 0 -90 0
-36.7 -20.5 -8.2 0 -90 0
-36.7 -20.5 -4.1 0 -90 0
-36.7 -20.5 0.0 0 -90 0
-36.7 -20.5 4.1 0 -90 0
-36.7 -20.5 8.2 0 -90 0
-36.7 -20.5 12.299999999999999 0 -90 0
-36.7 -20.5 16.4 0 -90 0
-36.7 -20.5 20.5 0 -90 0
-36.7 -20.5 24.599999999999998 0 -90 0
-36.7 -16.4 -24.599999999999998 0 -90 0
-36.7 -16.4 -20.5 0 -90 0
-36.7 -16.4 -16.4 0 -90 0
-36.7 -16.4 -12.299999999999999 0 -90 0
-36.7 -16.4 -8.2 0 -90 0
-36.7 -16.4 -4.1 0 -90 0
-36.7 -16.4 0.0 0 -90 0
-36.7 -16.4 4.1 0 -90 0
-36.7 -16.4 8.2 0 -90 0
-36.7 -16.4 12.299999999999999 0 -90 0
-36.7 -16.4 16.4 0 -90 0
-36.7 -16.4 20.5 0 -90 0
-36.7 -16.4 24.599999999999998 0 -90 0
-36.7 -12.299999999999999 -24.599999999999998 0 -90 0
-36.7 -12.299999999999999 -20.5 0 -90 0
-36.7 -12.299999999999999 -16.4 0 -90 0
-36.7 -12.299999999999999 -12.299999999999999 0 -90 0
-36.7 -12.299999999999999 -8.2 0 -90 0
-36.7 -12.299999999999999 -4.1 0 -90 0
-36.7 -12.299999999999999 0.0 0 -90 0
-36.7 -12.299999999999999 4.1 0 -90 0
-36.7 -12.299999999999999 8.2 0 -90 0
-36.7 -12.299999999999999 12.299999999999999 0 -90 0
-36.7 -12.299999999999999 16.4 0 -90 0
-36.7 -12.299999999999999 20.5 0 -90 0
-36.7 -12.299999999999999 24.599999999999998 0 -90 0
-36.7 -8.2 -24.599999999999998 0 -90 0
-36.7 -8.2 -20.5 0 -90 0
-36.7 -8.2 -16.4 0 -90 0
-36.7 -8.2 -12.299999999999999 0 -90 0
-36.7 -8.2 -8.2 0 -90 0
-36.7 -8.2 -4.1 0 -90 0
-36.7 -8.2 0.0 0 -90 0
-36.7 -8.2 4.1 0 -90 0
-36.7 -8.2 8.2 0 -90 0
-36.7 -8.2 12.299999999999999 0 -90 0
-36.7 -8.2 16.4 0 -90 0
-36.7 -8.2 20.5 0 -90 0
-36.7 -8.2 24.599999999999998 0 -90 0
-36.7 -4.1 -24.599999999999998 0 -90 0
-36.7 -4.1 -20.5 0 -90 0
-36.7 -4.1 -16.4 0 -90 0
-36.7 -4.1 -12.299999999999999 0 -90 0
-36.7 -4.1 -8.2 0 -90 0
-36.7 -4.1 -4.1 0 -90 0
-36.7 -4.1 0.0 0 -90 0
-36.7 -4.1 4.1 0 -90 0
-36.7 -4.1 8.2 0 -90 0
-36.7 -4.1 12.299999999999999 0 -90 0
-36.7 -4.1 16.4 0 -90 0
-36.7 -4.1 20.5 0 -90 0
-36.7 -4.1 24.599999999999998 0 -90 0
-36.7 0.0 -24.599999999999998 0 -90 0
-36.7 0.0 -20.5 0 -90 0
-36.7 0.0 -16.4 0 -90 0
-36.7 0.0 -12.299999999999999 0 -90 0
-36.7 0.0 -8.2 0 -90 0
-36.7 0.0 -4.1 0 -90 0
-36.7 0.0 0.0 0 -90 0
-36.7 0.0 4.1 0 -90 0
-36.7 0.0 8.2 0 -90 0
-36.7 0.0 12.299999999999999 0 -90 0
-36.7 0.0 16.4 0 -90 0
-36.7 0.0 20.5 0 -90 0
-36.7 0.0 24.599999999999998 0 -90 0
-36.7 4.1 -24.599999999999998 0 -90 0
-36.7 4.1 -20.5 0 -90 0
-36.7 4.1 -16.4 0 -90 0
-36.7 4.1 -12.299999999999999 0 -90 0
-36.7 4.1 -8.2 0 -90 0
-36.7 4.1 -4.1 0 -90 0
-36.7 4.1 0.0 0 -90 0
-36.7 4.1 4.1 0 -90 0
-36.7 4.1 8.2 0 -90 0
-36.7 4.1 12.299999999999999 0 -90 0
-36.7 4.1 16.4 0 -90 0
-36.7 4.1 20.5 0 -90 0
-36.7 4.1 24.599999999999998 0 -90 0
-36.7 8.2 -24.599999999999998 0 -90 0
-36.7 8.2 -20.5 0 -90 0
-36.7 8.2 -16.4 0 -90 0
-36.7 8.2 -12.299999999999999 0 -90 0
-36.7 8.2 -8.2 0 -90 0
-36.7 8.2 -4.1 0 -90 0
-36.7 8.2 0.0 0 -90 0
-36.7 8.2 4.1 0 -90 0
-36.7 8.2 8.2 0 -90 0
-36.7 8.2 12.299999999999999 0 -90 0
-36.7 8.2 16.4 0 -90 0
-36.7 8.2 20.5 0 -90 0
-36.7 8.2 24.599999999999998 0 -90 0
-36.7 12.299999999999999 -24.599999999999998 0 -90 0
-36.7 12.299999999999999 -20.5 0 -90 0
-36.7 12.299999999999999 -16.4 0 -90 0
-36.7 12.299999999999999 -12.299999999999999 0 -90 0
-36.7 12.299999999999999 -8.2 0 -90 0
-36.7 12.299999999999999 -4.1 0 -90 0
-36.7 12.299999999999999 0.0 0 -90 0
-36.7 12.299999999999999 4.1 0 -90 0
-36.7 12.299999999999999 8.2 0 -90 0
-36.7 12.299999999999999 12.299999999999999 0 -90 0
-36.7 12.299999999999999 16.4 0 -90 0
-36.7 12.299999999999999 20.5 0 -90 0
-36.7 12.299999999999999 24.599999999999998 0 -90 0
-36.7 16.4 -24.599999999999998 0 -90 0
-36.7 16.4 -20.5 0 -90 0
-36.7 16.4 -16.4 0 -90 0
-36.7 16.4 -12.299999999999999 0 -90 0
-36.7 16.4 -8.2 0 -90 0
-36.7 16.4 -4.1 0 -90 0
-36.7 16.4 0.0 0 -90 0
-36.7 16.4 4.1 0 -90 0
-36.7 16.4 8.2 0 -90 0
-36.7 16.4 12.299999999999999 0 -90 0
-36.7 16.4 16.4 0 -90 0
-36.7 16.4 20.5 0 -90 0
-36.7 16.4 24.599999999999998 0 -90 0
-36.7 20.5 -24.599999999999998 0 -90 0
-36.7 20.5 -20.5 0 -90 0
-36.7 20.5 -16.4 0 -90 0
-36.7 20.5 -12.299999999999999 0 -90 0
-36.7 20.5 -8.2 0 -90 0
-36.7 20.5 -4.1 0 -90 0
-36.7 20.5 0.0 0 -90 0
-36.7 20.5 4.1 0 -90 0
-36.7 20.5 8.2 0 -90 0
-36.7 20.5 12.299999999999999 0 -90 0
-36.7 20.5 16.4 0 -90 0
-36.7 20.5 20.5 0 -90 0
-36.7 20.5 24.599999999999998 0 -90 0
-36.7 24.599999999999998 -24.599999999999998 0 -90 0
-36.7 24.599999999999998 -20.5 0 -90 0
-36.7 24.599999999999998 -16.4 0 -90 0
-36.7 24.599999999999998 -12.299999999999999 0 -90 0
-36.7 24.599999999999998 -8.2 0 -90 0
-36.7 24.599999999999998 -4.1 0 -90 0
-36.7 24.599999999999998 0.0 0 -90 0
-36.7 24.599999999999998 4.1 0 -90 0
-36.7 24.599999999999998 8.2 0 -90 0
-36.7 24.599999999999998 12.299999999999999 0 -90 0
-36.7 24.599999999999998 16.4 0 -90 0
-36.7 24.599999999999998 20.5 0 -90 0
-36.7 24.599999999999998 24.599999999999998 0 -90 0
-32.809999999999995 -36.7 -45.11 90 0 0
-32.809999999999995 -36.7 -41.01 90 0 0
-32.809999999999995 -36.7 -36.91 90 0 0
-32.809999999999995 -36.7 -32.809999999999995 90 0 0
-32.809999999999995 -36.7 -28.709999999999997 90 0 0
-32.809999999999995 -36.7 -24.599999999999998 90 0 0
-32.809999999999995 -36.7 -20.5 90 0 0
-32.809999999999995 -36.7 -16.4 90 0 0
-32.809999999999995 -36.7 -12.299999999999999 90 0 0
-32.809999999999995 -36.7 -8.2 90 0 0
-32.809999999999995 -36.7 -4.1 90 0 0
-32.809999999999995 -36.7 0.0 90 0 0
-32.809999999999995 -36.7 4.1 90 0 0
-32.809999999999995 -36.7 8.2 90 0 0
-32.809999999999995 -36.7 12.299999999999999 90 0 0
-32.809999999999995 -36.7 16.4 90 0 0
-32.809999999999995 -36.7 20.5 90 0 0
-32.809999999999995 -36.7 24.599999999999998 90 0 0
-32.809999999999995 -36.7 28.709999999999997 90 0 0
-32.809999999999995 -36.7 32.809999999999995 90 0 0
-32.809999999999995 -36.7 36.91 90 0 0
-32.809999999999995 -36.7 41.01 90 0 0
-32.809999999999995 -36.7 45.11 90 0 0
-32.809999999999995 -24.599999999999998 -36.7 180 0 0
-32.809999999999995 -24.599999999999998 36.7 0 0 0
-32.809999999999995 -20.5 -36.7 180 0 0
-32.809999999999995 -20.5 36.7 0 0 0
-32.809999999999995 -16.4 -36.7 180 0 0
-32.809999999999995 -16.4 36.7 0 0 0
-32.809999999999995 -12.299999999999999 -36.7 180 0 0
-32.809999999999995 -12.299999999999999 36.7 0 0 0
-32.809999999999995 -8.2 -36.7 180 0 0
-32.809999999999995 -8.2 36.7 0 0 0
-32.809999999999995 -4.1 -36.7 180 0 0
-32.809999999999995 -4.1 36.7 0 0 0
-32.809999999999995 0.0 -36.7 180 0 0
-32.809999999999995 0.0 36.7 0 0 0
-32.809999999999995 4.1 -36.7 180 0 0
-32.809999999999995 4.1 36.7 0 0 0
-32.809999999999995 8.2 -36.7 180 0 0
-32.809999999999995 8.2 36.7 0 0 0
-32.809999999999995 12.299999999999999 -36.7 180 0 0
-32.809999999999995 12.299999999999999 36.7 0 0 0
-32.809999999999995 16.4 -36.7 180 0 0
-32.809999999999995 16.4 36.7 0 0 0
-32.809999999999995 20.5 -36.7 180 0 0
-32.809999999999995 20.5 36.7 0 0 0
-32.809999999999995 24.599999999999998 -36.7 180 0 0
-32.809999999999995 24.599999999999998 36.7 0 0 0
-32.809999999999995 36.7 -45.11 -90 0 0
-32.809999999999995 36.7 -41.01 -90 0 0
-32.809999999999995 36.7 -36.91 -90 0 0
-32.809999999999995 36.7 -32.809999999999995 -90 0 0
-32.809999999999995 36.7 -28.709999999999997 -90 0 0
-32.809999999999995 36.7 -24.599999999999998 -90 0 0
-32.809999999999995 36.7 -20.5 -90 0 0
-32.809999999999995 36.7 -16.4 -90 0 0
-32.809999999999995 36.7 -12.299999999999999 -90 0 0
-32.809999999999995 36.7 -8.2 -90 0 0
-32.809999999999995 36.7 -4.1 -90 0 0
-32.809999999999995 36.7 0.0 -90 0 0
-32.809999999999995 36.7 4.1 -90 0 0
-32.809999999999995 36.7 8.2 -90 0 0
-32.809999999999995 36.7 12.299999999999999 -90 0 0
-32.809999999999995 36.7 16.4 -90 0 0
-32.809999999999995 36.7 20.5 -90 0 0
-32.809999999999995 36.7 24.599999999999998 -90 0 0
-32.809999999999995 36.7 28.709999999999997 -90 0 0
-32.809999999999995 36.7 32.809999999999995 -90 0 0
-32.809999999999995 36.7 36.91 -90 0 0
-32.809999999999995 36.7 41.01 -90 0 0
-32.809999999999995 36.7 45.11 -90 0 0
-28.709999999999997 -36.7 -45.11 90 0 0
-28.709999999999997 -36.7 -41.01 90 0 0
-28.709999999999997 -36.7 -36.91 90 0 0
-28.709999999999997 -36.7 -32.809999999999995 90 0 0
-28.709999999999997 -36.7 -28.709999999999997 90 0 0
-28.709999999999997 -36.7 -24.599999999999998 90 0 0
-28.709999999999997 -36.7 -20.5 90 0 0
-28.709999999999997 -36.7 -16.4 90 0 0
-28.709999999999997 -36.7 -12.299999999999999 90 0 0
-28.709999999999997 -36.7 -8.2 90 0 0
-28.709999999999997 -36.7 -4.1 90 0 0
-28.709999999999997 -36.7 0.0 90 0 0
-28.709999999999997 -36.7 4.1 90 0 0
-28.709999999999997 -36.7 8.2 90 0 0
-28.709999999999997 -36.7 12.299999999999999 90 0 0
-28.709999999999997 -36.7 16.4 90 0 0
-28.709999999999997 -36.7 20.5 90 0 0
-28.709999999999997 -36.7 24.599999999999998 90 0 0
-28.709999999999997 -36.7 28.709999999999997 90 0 0
-28.709999999999997 -36.7 32.809999999999995 90 0 0
-28.709999999999997 -36.7 36.91 90 0 0
-28.709999999999997 -36.7 41.01 90 0 0
-28.709999999999997 -36.7 45.11 90 0 0
-28.709999999999997 -24.599999999999998 -36.7 180 0 0
-28.709999999999997 -24.599999999999998 36.7 0 0 0
-28.709999999999997 -20.5 -36.7 180 0 0
-28.709999999999997 -20.5 36.7 0 0 0
-28.709999999999997 -16.4 -36.7 180 0 0
-28.709999999999997 -16.4 36.7 0 0 0
-28.709999999999997 -12.299999999999999 -36.7 180 0 0
-28.709999999999997 -12.299999999999999 36.7 0 0 0
-28.709999999999997 -8.2 -36.7 180 0 0
-28.709999999999997 -8.2 36.7 0 0 0
-28.709999999999997 -4.1 -36.7 180 0 0
-28.709999999999997 -4.1 36.7 0 0 0
-28.709999999999997 0.0 -36.7 180 0 0
-28.709999999999997 0.0 36.7 0 0 0
-28.709999999999997 4.1 -36.7 180 0 0
-28.709999999999997 4.1 36.7 0 0 0
-28.709999999999997 8.2 -36.7 180 0 0
-28.709999999999997 8.2 36.7 0 0 0
-28.709999999999997 12.299999999999999 -36.7 180 0 0
-28.709999999999997 12.299999999999999 36.7 0 0 0
-28.709999999999997 16.4 -36.7 180 0 0
-28.709999999999997 16.4 36.7 0 0 0
-28.709999999999997 20.5 -36.7 180 0 0
-28.709999999999997 20.5 36.7 0 0 0
-28.709999999999997 24.599999999999998 -36.7 180 0 0
-28.709999999999997 24.599999999999998 36.7 0 0 0
-28.709999999999997 36.7 -45.11 -90 0 0
-28.709999999999997 36.7 -41.01 -90 0 0
-28.709999999999997 36.7 -36.91 -90 0 0
-28.709999999999997 36.7 -32.809999999999995 -90 0 0
-28.709999999999997 36.7 -28.709999999999997 -90 0 0
-28.709999999999997 36.7 -24.599999999999998 -90 0 0
-28.709999999999997 36.7 -20.5 -90 0 0
-28.709999999999997 36.7 -16.4 -90 0 0
-28.709999999999997 36.7 -12.299999999999999 -90 0 0
-28.709999999999997 36.7 -8.2 -90 0 0
-28.709999999999997 36.7 -4.1 -90 0 0
-28.709999999999997 36.7 0.0 -90 0 0
-28.709999999999997 36.7 4.1 -90 0 0
-28.709999999999997 36.7 8.2 -90 0 0
-28.709999999999997 36.7 12.299999999999999 -90 0 0
-28.709999999999997 36.7 16.4 -90 0 0
-28.709999999999997 36.7 20.5 -90 0 0
-28.709999999999997 36.7 24.599999999999998 -90 0 0
-28.709999999999997 36.7 28.709999999999997 -90 0 0
-28.709999999999997 36.7 32.809999999999995 -90 0 0
-28.709999999999997 36.7 36.91 -90 0 0
-28.709999999999997 36.7 41.01 -90 0 0
-28.709999999999997 36.7 45.11 -90 0 0
-24.599999999999998 -45.11 -36.7 180 0 0
-24.599999999999998 -45.11 36.7 0 0 0
-24.599999999999998 -41.01 -36.7 180 0 0
-24.599999999999998 -41.01 36.7 0 0 0
-24.599999999999998 -36.91 -36.7 180 0 0
-24.599999999999998 -36.91 36.7 0 0 0
-24.599999999999998 -36.7 -24.599999999999998 90 0 0
-24.599999999999998 -36.7 -20.5 90 0 0
-24.599999999999998 -36.7 -16.4 90 0 0
-24.599999999999998 -36.7 -12.299999999999999 90 0 0
-24.599999999999998 -36.7 -8.2 90 0 0
-24.599999999999998 -36.7 -4.1 90 0 0
-24.599999999999998 -36.7 0.0 90 0 0
-24.599999999999998 -36.7 4.1 90 0 0
-24.599999999999998 -36.7 8.2 90 0 0
-24.599999999999998 -36.7 12.299999999999999 90 0 0
-24.599999999999998 -36.7 16.4 90 0 0
-24.599999999999998 -36.7 20.5 90 0 0
-24.599999999999998 -36.7 24.599999999999998 90 0 0
-24.599999999999998 -32.809999999999995 -36.7 180 0 0
-24.599999999999998 -32.809999999999995 36.7 0 0 0
-24.599999999999998 -28.709999999999997 -36.7 180 0 0
-24.599999999999998 -28.709999999999997 36.7 0 0 0
-24.599999999999998 -24.599999999999998 -36.7 180 0 0
-24.599999999999998 -24.599999999999998 36.7 0 0 0
-24.599999999999998 -20.5 -36.7 180 0 0
-24.599999999999998 -20.5 36.7 0 0 0
-24.599999999999998 -16.4 -36.7 180 0 0
-24.599999999999998 -16.4 36.7 0 0 0
-24.599999999999998 -12.299999999999999 -36.7 180 0 0
-24.599999999999998 -12.299999999999999 36.7 0 0 0
-24.599999999999998 -8.2 -36.7 180 0 0
-24.599999999999998 -8.2 36.7 0 0 0
-24.599999999999998 -4.1 -36.7 180 0 0
-24.599999999999998 -4.1 36.7 0 0 0
-24.599999999999998 0.0 -36.7 180 0 0
-24.599999999999998 0.0 36.7 0 0 0
-24.599999999999998 4.1 -36.7 180 0 0
-24.599999999999998 4.1 36.7 0 0 0
-24.599999999999998 8.2 -36.7 180 0 0
-24.599999999999998 8.2 36.7 0 0 0
-24.599999999999998 12.299999999999999 -36.7 180 0 0
-24.599999999999998 12.299999999999999 36.7 0 0 0
-24.599999999999998 16.4 -36.7 180 0 0
-24.599999999999998 16.4 36.7 0 0 0
-24.599999999999998 20.5 -36.7 180 0 0
-24.599999999999998 20.5 36.7 0 0 0
-24.599999999999998 24.599999999999998 -36.7 180 0 0
-24.599999999999998 24.599999999999998 36.7 0 0 0
-24.599999999999998 28.709999999999997 -36.7 180 0 0
-24.599999999999998 28.709999999999997 36.7 0 0 0
-24.599999999999998 32.809999999999995 -36.7 180 0 0
-24.599999999999998 32.809999999999995 36.7 0 0 0
-24.599999999999998 36.7 -24.599999999999998 -90 0 0
-24.599999999999998 36.7 -20.5 -90 0 0
-24.599999999999998 36.7 -16.4 -90 0 0
-24.599999999999998 36.7 -12.299999999999999 -90 0 0
-24.599999999999998 36.7 -8.2 -90 0 0
-24.599999999999998 36.7 -4.1 -90 0 0
-24.599999999999998 36.7 0.0 -90 0 0
-24.599999999999998 36.7 4.1 -90 0 0
-24.599999999999998 36.7 8.2 -90 0 0
-24.599999999999998 36.7 12.299999999999999 -90 0 0
-24.599999999999998 36.7 16.4 -90 0 0
-24.599999999999998 36.7 20.5 -90 0 0
-24.599999999999998 36.7 24.599999999999998 -90 0 0
-24.599999999999998 36.91 -36.7 180 0 0
-24.599999999999998 36.91 36.7 0 0 0
-24.599999999999998 41.01 -36.7 180 0 0
-24.599999999999998 41.01 36.7 0 0 0
-24.599999999999998 45.11 -36.7 180 0 0
-24.599999999999998 45.11 36.7 0 0 0
-20.5 -45.11 -36.7 180 0 0
-20.5 -45.11 36.7 0 0 0
-20.5 -41.01 -36.7 180 0 0
-20.5 -41.01 36.7 0 0 0
-20.5 -36.91 -36.7 180 0 0
-20.5 -36.91 36.7 0 0 0
-20.5 -36.7 -24.599999999999998 90 0 0
-20.5 -36.7 -20.5 90 0 0
-20.5 -36.7 -16.4 90 0 0
-20.5 -36.7 -12.299999999999999 90 0 0
-20.5 -36.7 -8.2 90 0 0
-20.5 -36.7 -4.1 90 0 0
-20.5 -36.7 0.0 90 0 0
-20.5 -36.7 4.1 90 0 0
-20.5 -36.7 8.2 90 0 0
-20.5 -36.7 12.299999999999999 90 0 0
-20.5 -36.7 16.4 90 0 0
-20.5 -36.7 20.5 90 0 0
-20.5 -36.7 24.599999999999998 90 0 0
-20.5 -32.809999999999995 -36.7 180 0 0
-20.5 -32.809999999999995 36.7 0 0 0
-20.5 -28.709999999999997 -36.7 180 0 0
-20.5 -28.709999999999997 36.7 0 0 0
-20.5 -24.599999999999998 -36.7 180 0 0
-20.5 -24.599999999999998 36.7 0 0 0
-20.5 -20.5 -36.7 180 0 0
-20.5 -20.5 36.7 0 0 0
-20.5 -16.4 -36.7 180 0 0
-20.5 -16.4 36.7 0 0 0
-20.5 -12.299999999999999 -36.7 180 0 0
-20.5 -12.299999999999999 36.7 0 0 0
-20.5 -8.2 -36.7 180 0 0
-20.5 -8.2 36.7 0 0 0
-20.5 -4.1 -36.7 180 0 0
-20.5 -4.1 36.7 0 0 0
-20.5 0.0 -36.7 180 0 0
-20.5 0.0 36.7 0 0 0
-20.5 4.1 -36.7 180 0 0
-20.5 4.1 36.7 0 0 0
-20.5 8.2 -36.7 180 0 0
-20.5 8.2 36.7 0 0 0
-20.5 12.299999999999999 -36.7 180 0 0
-20.5 12.299999999999999 36.7 0 0 0
-20.5 16.4 -36.7 180 0 0
-20.5 16.4 36.7 0 0 0
-20.5 20.5 -36.7 180 0 0
-20.5 20.5 36.7 0 0 0
-20.5 24.599999999999998 -36.7 180 0 0
-20.5 24.599999999999998 36.7 0 0 0
-20.5 28.709999999999997 -36.7 180 0 0
-20.5 28.709999999999997 36.7 0 0 0
-20.5 32.809999999999995 -36.7 180 0 0
-20.5 32.809999999999995 36.7 0 0 0
-20.5 36.7 -24.599999999999998 -90 0 0
-20.5 36.7 -20.5 -90 0 0
-20.5 36.7 -16.4 -90 0 0
-20.5 36.7 -12.299999999999999 -90 0 0
-20.5 36.7 -8.2 -90 0 0
-20.5 36.7 -4.1 -90 0 0
-20.5 36.7 0.0 -90 0 0
-20.5 36.7 4.1 -90 0 0
-20.5 36.7 8.2 -90 0 0
-20.5 36.7 12.299999999999999 -90 0 0
-20.5 36.7 16.4 -90 0 0
-20.5 36.7 20.5 -90 0 0
-20.5 36.7 24.599999999999998 -90 0 0
-20.5 36.91 -36.7 180 0 0
-20.5 36.91 36.7 0 0 0
-20.5 41.01 -36.7 180 0 0
-20.5 41.01 36.7 0 0 0
-20.5 45.11 -36.7 180 0 0
-20.5 45.11 36.7 0 0 0
-16.4 -45.11 -36.7 180 0 0
-16.4 -45.11 36.7 0 0 0
-16.4 -41.01 -36.7 180 0 0
-16.4 -41.01 36.7 0 0 0
-16.4 -36.91 -36.7 180 0 0
-16.4 -36.91 36.7 0 0 0
-16.4 -36.7 -24.599999999999998 90 0 0
-16.4 -36.7 -20.5 90 0 0
-16.4 -36.7 -16.4 90 0 0
-16.4 -36.7 -12.299999999999999 90 0 0
-16.4 -36.7 -8.2 90 0 0
-16.4 -36.7 -4.1 90 0 0
-16.4 -36.7 0.0 90 0 0
-16.4 -36.7 4.1 90 0 0
-16.4 -36.7 8.2 90 0 0
-16.4 -36.7 12.299999999999999 90 0 0
-16.4 -36.7 16.4 90 0 0
-16.4 -36.7 20.5 90 0 0
-16.4 -36.7 24.599999999999998 90 0 0
-16.4 -32.809999999999995 -36.7 180 0 0
-16.4 -32.809999999999995 36.7 0 0 0
-16.4 -28.709999999999997 -36.7 180 0 0
-16.4 -28.709999999999997 36.7 0 0 0
-16.4 -24.599999999999998 -36.7 180 0 0
-16.4 -24.599999999999998 36.7 0 0 0
-16.4 -20.5 -36.7 180 0 0
-16.4 -20.5 36.7 0 0 0
-16.4 -16.4 -36.7 180 0 0
-16.4 -16.4 36.7 0 0 0
-16.4 -12.299999999999999 -36.7 180 0 0
-16.4 -12.299999999999999 36.7 0 0 0
-16.4 -8.2 -36.7 180 0 0
-16.4 -8.2 36.7 0 0 0
-16.4 -4.1 -36.7 180 0 0
-16.4 -4.1 36.7 0 0 0
-16.4 0.0 -36.7 180 0 0
-16.4 0.0 36.7 0 0 0
-16.4 4.1 -36.7 180 0 0
-16.4 4.1 36.7 0 0 0
-16.4 8.2 -36.7 180 0 0
-16.4 8.2 36.7 0 0 0
-16.4 12.299999999999999 -36.7 180 0 0
-16.4 12.299999999999999 36.7 0 0 0
-16.4 16.4 -36.7 180 0 0
-16.4 16.4 36.7 0 0 0
-16.4 20.5 -36.7 180 0 0
-16.4 20.5 36.7 0 0 0
-16.4 24.599999999999998 -36.7 180 0 0
-16.4 24.599999999999998 36.7 0 0 0
-16.4 28.709999999999997 -36.7 180 0 0
-16.4 28.709999999999997 36.7 0 0 0
-16.4 32.809999999999995 -36.7 180 0 0
-16.4 32.809999999999995 36.7 0 0 0
-16.4 36.7 -24.599999999999998 -90 0 0
-16.4 36.7 -20.5 -90 0 0
-16.4 36.7 -16.4 -90 0 0
-16.4 36.7 -12.299999999999999 -90 0 0
-16.4 36.7 -8.2 -90 0 0
-16.4 36.7 -4.1 -90 0 0
-16.4 36.7 0.0 -90 0 0
-16.4 36.7 4.1 -90 0 0
-16.4 36.7 8.2 -90 0 0
-16.4 36.7 12.299999999999999 -90 0 0
-16.4 36.7 16.4 -90 0 0
-16.4 36.7 20.5 -90 0 0
-16.4 36.7 24.599999999999998 -90 0 0
-16.4 36.91 -36.7 180 0 0
-16.4 36.91 36.7 0 0 0
-16.4 41.01 -36.7 180 0 0
-16.4 41.01 36.7 0 0 0
-16.4 45.11 -36.7 180 0 0
-16.4 45.11 36.7 0 0 0
-12.299999999999999 -45.11 -36.7 180 0 0
-12.299999999999999 -45.11 36.7 0 0 0
-12.299999999999999 -41.01 -36.7 180 0 0
-12.299999999999999 -41.01 36.7 0 0 0
-12.299999999999999 -36.91 -36.7 180 0 0
-12.299999999999999 -36.91 36.7 0 0 0
-12.299999999999999 -36.7 -24.599999999999998 90 0 0
-12.299999999999999 -36.7 -20.5 90 0 0
-12.299999999999999 -36.7 -16.4 90 0 0
-12.299999999999999 -36.7 -12.299999999999999 90 0 0
-12.299999999999999 -36.7 -8.2 90 0 0
-12.299999999999999 -36.7 -4.1 90 0 0
-12.299999999999999 -36.7 0.0 90 0 0
-12.299999999999999 -36.7 4.1 90 0 0
-12.299999999999999 -36.7 8.2 90 0 0
-12.299999999999999 -36.7 12.299999999999999 90 0 0
-12.299999999999999 -36.7 16.4 90 0 0
-12.299999999999999 -36.7 20.5 90 0 0
-12.299999999999999 -36.7 24.599999999999998 90 0 0
-12.299999999999999 -32.809999999999995 -36.7 180 0 0
-12.299999999999999 -32.809999999999995 36.7 0 0 0
-12.299999999999999 -28.709999999999997 -36.7 180 0 0
-12.299999999999999 -28.709999999999997 36.7 0 0 0
-12.299999999999999 -24.599999999999998 -36.7 180 0 0
-12.299999999999999 -24.599999999999998 36.7 0 0 0
-12.299999999999999 -20.5 -36.7 180 0 0
-12.299999999999999 -20.5 36.7 0 0 0
-12.299999999999999 -16.4 -36.7 180 0 0
-12.299999999999999 -16.4 36.7 0 0 0
-12.299999999999999 -12.299999999999999 -36.7 180 0 0
-12.299999999999999 -12.299999999999999 36.7 0 0 0
-12.299999999999999 -8.2 -36.7 180 0 0
-12.299999999999999 -8.2 36.7 0 0 0
-12.299999999999999 -4.1 -36.7 180 0 0
-12.299999999999999 -4.1 36.7 0 0 0
-12.299999999999999 0.0 -36.7 180 0 0
-12.299999999999999 0.0 36.7 0 0 0
-12.299999999999999 4.1 -36.7 180 0 0
-12.299999999999999 4.1 36.7 0 0 0
-12.299999999999999 8.2 -36.7 180 0 0
-12.299999999999999 8.2 36.7 0 0 0
-12.299999999999999 12.299999999999999 -36.7 180 0 0
-12.299999999999999 12.299999999999999 36.7 0 0 0
-12.299999999999999 16.4 -36.7 180 0 0
-12.299999999999999 16.4 36.7 0 0 0
-12.299999999999999 20.5 -36.7 180 0 0
-12.299999999999999 20.5 36.7 0 0 0
-12.299999999999999 24.599999999999998 -36.7 180 0 0
-12.299999999999999 24.599999999999998 36.7 0 0 0
-12.299999999999999 28.709999999999997 -36.7 180 0 0
-12.299999999999999 28.709999999999997 36.7 0 0 0
-12.299999999999999 32.809999999999995 -36.7 180 0 0
-12.299999999999999 32.809999999999995 36.7 0 0 0
-12.299999999999999 36.7 -24.599999999999998 -90 0 0
-12.299999999999999 36.7 -20.5 -90 0 0
-12.299999999999999 36.7 -16.4 -90 0 0
-12.299999999999999 36.7 -12.299999999999999 -90 0 0
-12.299999999999999 36.7 -8.2 -90 0 0
-12.299999999999999 36.7 -4.1 -90 0 0
-12.299999999999999 36.7 0.0 -90 0 0
-12.299999999999999 36.7 4.1 -90 0 0
-12.299999999999999 36.7 8.2 -90 0 0
-12.299999999999999 36.7 12.299999999999999 -90 0 0
-12.299999999999999 36.7 16.4 -90 0 0
-12.299999999999999 36.7 20.5 -90 0 0
-12.299999999999999 36.7 24.599999999999998 -90 0 0
-12.299999999999999 36.91 -36.7 180 0 0
-12.299999999999999 36.91 36.7 0 0 0
-12.299999999999999 41.01 -36.7 180 0 0
-12.299999999999999 41.01 36.7 0 0 0
-12.299999999999999 45.11 -36.7 180 0 0
-12.299999999999999 45.11 36.7 0 0 0
-8.2 -45.11 -36.7 180 0 0
-8.2 -45.11 36.7 0 0 0
-8.2 -41.01 -36.7 180 0 0
-8.2 -41.01 36.7 0 0 0
-8.2 -36.91 -36.7 180 0 0
-8.2 -36.91 36.7 0 0 0
-8.2 -36.7 -24.599999999999998 90 0 0
-8.2 -36.7 -20.5 90 0 0
-8.2 -36.7 -16.4 90 0 0
-8.2 -36.7 -12.299999999999999 90 0 0
-8.2 -36.7 -8.2 90 0 0
-8.2 -36.7 -4.1 90 0 0
-8.2 -36.7 0.0 90 0 0
-8.2 -36.7 4.1 90 0 0
-8.2 -36.7 8.2 90 0 0
-8.2 -36.7 12.299999999999999 90 0 0
-8.2 -36.7 16.4 90 0 0
-8.2 -36.7 20.5 90 0 0
-8.2 -36.7 24.599999999999998 90 0 0
-8.2 -32.809999999999995 -36.7 180 0 0
-8.2 -32.809999999999995 36.7 0 0 0
-8.2 -28.709999999999997 -36.7 180 0 0
-8.2 -28.709999999999997 36.7 0 0 0
-8.2 -24.599999999999998 -36.7 180 0 0
-8.2 -24.599999999999998 36.7 0 0 0
-8.2 -20.5 -36.7 180 0 0
-8.2 -20.5 36.7 0 0 0
-8.2 -16.4 -36.7 180 0 0
-8.2 -16.4 36.7 0 0 0
-8.2 -12.299999999999999 -36.7 180 0 0
-8.2 -12.299999999999999 36.7 0 0 0
-8.2 -8.2 -36.7 180 0 0
-8.2 -8.2 36.7 0 0 0
-8.2 -4.1 -36.7 180 0 0
-8.2 -4.1 36.7 0 0 0
-8.2 0.0 -36.7 180 0 0
-8.2 0.0 36.7 0 0 0
-8.2 4.1 -36.7 180 0 0
-8.2 4.1 36.7 0 0 0
-8.2 8.2 -36.7 180 0 0
-8.2 8.2 36.7 0 0 0
-8.2 12.299999999999999 -36.7 180 0 0
-8.2 12.299999999999999 36.7 0 0 0
-8.2 16.4 -36.7 180 0 0
-8.2 16.4 36.7 0 0 0
-8.2 20.5 -36.7 180 0 0
-8.2 20.5 36.7 0 0 0
-8.2 24.599999999999998 -36.7 180 0 0
-8.2 24.599999999999998 36.7 0 0 0
-8.2 28.709999999999997 -36.7 180 0 0
-8.2 28.709999999999997 36.7 0 0 0
-8.2 32.809999999999995 -36.7 180 0 0
-8.2 32.809999999999995 36.7 0 0 0
-8.2 36.7 -24.599999999999998 -90 0 0
-8.2 36.7 -20.5 -90 0 0
-8.2 36.7 -16.4 -90 0 0
-8.2 36.7 -12.299999999999999 -90 0 0
-8.2 36.7 -8.2 -90 0 0
-8.2 36.7 -4.1 -90 0 0
-8.2 36.7 0.0 -90 0 0
-8.2 36.7 4.1 -90 0 0
-8.2 36.7 8.2 -90 0 0
-8.2 36.7 12.299999999999999 -90 0 0
-8.2 36.7 16.4 -90 0 0
-8.2 36.7 20.5 -90 0 0
-8.2 36.7 24.599999999999998 -90 0 0
-8.2 36.91 -36.7 180 0 0
-8.2 36.91 36.7 0 0 0
-8.2 41.01 -36.7 180 0 0
-8.2 41.01 36.7 0 0 0
-8.2 45.11 -36.7 180 0 0
-8.2 45.11 36.7 0 0 0
-4.1 -45.11 -36.7 180 0 0
-4.1 -45.11 36.7 0 0 0
-4.1 -41.01 -36.7 180 0 0
-4.1 -41.01 36.7 0 0 0
-4.1 -36.91 -36.7 180 0 0
-4.1 -36.91 36.7 0 0 0
-4.1 -36.7 -24.599999999999998 90 0 0
-4.1 -36.7 -20.5 90 0 0
-4.1 -36.7 -16.4 90 0 0
-4.1 -36.7 -12.299999999999999 90 0 0
-4.1 -36.7 -8.2 90 0 0
-4.1 -36.7 -4.1 90 0 0
-4.1 -36.7 0.0 90 0 0
-4.1 -36.7 4.1 90 0 0
-4.1 -36.7 8.2 90 0 0
-4.1 -36.7 12.299999999999999 90 0 0
-4.1 -36.7 16.4 90 0 0
-4.1 -36.7 20.5 90 0 0
-4.1 -36.7 24.599999999999998 90 0 0
-4.1 -32.809999999999995 -36.7 180 0 0
-4.1 -32.809999999999995 36.7 0 0 0
-4.1 -28.709999999999997 -36.7 180 0 0
-4.1 -28.709999999999997 36.7 0 0 0
-4.1 -24.599999999999998 -36.7 180 0 0
-4.1 -24.599999999999998 36.7 0 0 0
-4.1 -20.5 -36.7 180 0 0
-4.1 -20.5 36.7 0 0 0
-4.1 -16.4 -36.7 180 0 0
-4.1 -16.4 36.7 0 0 0
-4.1 -12.299999999999999 -36.7 180 0 0
-4.1 -12.299999999999999 36.7 0 0 0
-4.1 -8.2 -36.7 180 0 0
-4.1 -8.2 36.7 0 0 0
-4.1 -4.1 -36.7 180 0 0
-4.1 -4.1 36.7 0 0 0
-4.1 0.0 -36.7 180 0 0
-4.1 0.0 36.7 0 0 0
-4.1 4.1 -36.7 180 0 0
-4.1 4.1 36.7 0 0 0
-4.1 8.2 -36.7 180 0 0
-4.1 8.2 36.7 0 0 0
-4.1 12.299999999999999 -36.7 180 0 0
-4.1 12.299999999999999 36.7 0 0 0
-4.1 16.4 -36.7 180 0 0
-4.1 16.4 36.7 0 0 0
-4.1 20.5 -36.7 180 0 0
-4.1 20.5 36.7 0 0 0
-4.1 24.599999999999998 -36.7 180 0 0
-4.1 24.599999999999998 36.7 0 0 0
-4.1 28.709999999999997 -36.7 180 0 0
-4.1 28.709999999999997 36.7 0 0 0
-4.1 32.809999999999995 -36.7 180 0 0
-4.1 32.809999999999995 36.7 0 0 0
-4.1 36.7 -24.599999999999998 -90 0 0
-4.1 36.7 -20.5 -90 0 0
-4.1 36.7 -16.4 -90 0 0
-4.1 36.7 -12.299999999999999 -90 0 0
-4.1 36.7 -8.2 -90 0 0
-4.1 36.7 -4.1 -90 0 0
-4.1 36.7 0.0 -90 0 0
-4.1 36.7 4.1 -90 0 0
-4.1 36.7 8.2 -90 0 0
-4.1 36.7 12.299999999999999 -90 0 0
-4.1 36.7 16.4 -90 0 0
-4.1 36.7 20.5 -90 0 0
-4.1 36.7 24.599999999999998 -90 0 0
-4.1 36.91 -36.7 180 0 0
-4.1 36.91 36.7 0 0 0
-4.1 41.01 -36.7 180 0 0
-4.1 41.01 36.7 0 0 0
-4.1 45.11 -36.7 180 0 0
-4.1 45.11 36.7 0 0 0
0.0 -45.11 -36.7 180 0 0
0.0 -45.11 36.7 0 0 0
0.0 -41.01 -36.7 180 0 0
0.0 -41.01 36.7 0 0 0
0.0 -36.91 -36.7 180 0 0
0.0 -36.91 36.7 0 0 0
0.0 -36.7 -24.599999999999998 90 0 0
0.0 -36.7 -20.5 90 0 0
0.0 -36.7 -16.4 90 0 0
0.0 -36.7 -12.299999999999999 90 0 0
0.0 -36.7 -8.2 90 0 0
0.0 -36.7 -4.1 90 0 0
0.0 -36.7 0.0 90 0 0
0.0 -36.7 4.1 90 0 0
0.0 -36.7 8.2 90 0 0
0.0 -36.7 12.299999999999999 90 0 0
0.0 -36.7 16.4 90 0 0
0.0 -36.7 20.5 90 0 0
0.0 -36.7 24.599999999999998 90 0 0
0.0 -32.809999999999995 -36.7 180 0 0
0.0 -32.809999999999995 36.7 0 0 0
0.0 -28.709999999999997 -36.7 180 0 0
0.0 -28.709999999999997 36.7 0 0 0
0.0 -24.599999999999998 -36.7 180 0 0
0.0 -24.599999999999998 36.7 0 0 0
0.0 -20.5 -36.7 180 0 0
0.0 -20.5 36.7 0 0 0
0.0 -16.4 -36.7 180 0 0
0.0 -16.4 36.7 0 0 0
0.0 -12.299999999999999 -36.7 180 0 0
0.0 -12.299999999999999 36.7 0 0 0
0.0 -8.2 -36.7 180 0 0
0.0 -8.2 36.7 0 0 0
0.0 -4.1 -36.7 180 0 0
0.0 -4.1 36.7 0 0 0
0.0 0.0 -36.7 180 0 0
0.0 0.0 36.7 0 0 0
0.0 4.1 -36.7 180 0 0
0.0 4.1 36.7 0 0 0
0.0 8.2 -36.7 180 0 0
0.0 8.2 36.7 0 0 0
0.0 12.299999999999999 -36.7 180 0 0
0.0 12.299999999999999 36.7 0 0 0
0.0 16.4 -36.7 180 0 0
0.0 16.4 36.7 0 0 0
0.0 20.5 -36.7 180 0 0
0.0 20.5 36.7 0 0 0
0.0 24.599999999999998 -36.7 180 0 0
0.0 24.599999999999998 36.7 0 0 0
0.0 28.709999999999997 -36.7 180 0 0
0.0 28.709999999999997 36.7 0 0 0
0.0 32.809999999999995 -36.7 180 0 0
0.0 32.809999999999995 36.7 0 0 0
0.0 36.7 -24.599999999999998 -90 0 0
0.0 36.7 -20.5 -90 0 0
0.0 36.7 -16.4 -90 0 0
0.0 36.7 -12.299999999999999 -90 0 0
0.0 36.7 -8.2 -90 0 0
0.0 36.7 -4.1 -90 0 0
0.0 36.7 0.0 -90 0 0
0.0 36.7 4.1 -90 0 0
0.0 36.7 8.2 -90 0 0
0.0 36.7 12.299999999999999 -90 0 0
0.0 36.7 16.4 -90 0 0
0.0 36.7 20.5 -90 0 0
0.0 36.7 24.599999999999998 -90 0 0
0.0 36.91 -36.7 180 0 0
0.0 36.91 36.7 0 0 0
0.0 41.01 -36.7 180 0 0
0.0 41.01 36.7 0 0 0
0.0 45.11 -36.7 180 0 0
0.0 45.11 36.7 0 0 0
4.1 -45.11 -36.7 180 0 0
4.1 -45.11 36.7 0 0 0
4.1 -41.01 -36.7 180 0 0
4.1 -41.01 36.7 0 0 0
4.1 -36.91 -36.7 180 0 0
4.1 -36.91 36.7 0 0 0
4.1 -36.7 -24.599999999999998 90 0 0
4.1 -36.7 -20.5 90 0 0
4.1 -36.7 -16.4 90 0 0
4.1 -36.7 -12.299999999999999 90 0 0
4.1 -36.7 -8.2 90 0 0
4.1 -36.7 -4.1 90 0 0
4.1 -36.7 0.0 90 0 0
4.1 -36.7 4.1 90 0 0
4.1 -36.7 8.2 90 0 0
4.1 -36.7 12.299999999999999 90 0 0
4.1 -36.7 16.4 90 0 0
4.1 -36.7 20.5 90 0 0
4.1 -36.7 24.599999999999998 90 0 0
4.1 -32.809999999999995 -36.7 180 0 0
4.1 -32.809999999999995 36.7 0 0 0
4.1 -28.709999999999997 -36.7 180 0 0
4.1 -28.709999999999997 36.7 0 0 0
4.1 -24.599999999999998 -36.7 180 0 0
4.1 -24.599999999999998 36.7 0 0 0
4.1 -20.5 -36.7 180 0 0
4.1 -20.5 36.7 0 0 0
4.1 -16.4 -36.7 180 0 0
4.1 -16.4 36.7 0 0 0
4.1 -12.299999999999999 -36.7 180 0 0
4.1 -12.299999999999999 36.7 0 0 0
4.1 -8.2 -36.7 180 0 0
4.1 -8.2 36.7 0 0 0
4.1 -4.1 -36.7 180 0 0
4.1 -4.1 36.7 0 0 0
4.1 0.0 -36.7 180 0 0
4.1 0.0 36.7 0 0 0
4.1 4.1 -36.7 180 0 0
4.1 4.1 36.7 0 0 0
4.1 8.2 -36.7 180 0 0
4.1 8.2 36.7 0 0 0
4.1 12.299999999999999 -36.7 180 0 0
4.1 12.299999999999999 36.7 0 0 0
4.1 16.4 -36.7 180 0 0
4.1 16.4 36.7 0 0 0
4.1 20.5 -36.7 180 0 0
4.1 20.5 36.7 0 0 0
4.1 24.599999999999998 -36.7 180 0 0
4.1 24.599999999999998 36.7 0 0 0
4.1 28.709999999999997 -36.7 180 0 0
4.1 28.709999999999997 36.7 0 0 0
4.1 32.809999999999995 -36.7 180 0 0
4.1 32.809999999999995 36.7 0 0 0
4.1 36.7 -24.599999999999998 -90 0 0
4.1 36.7 -20.5 -90 0 0
4.1 36.7 -16.4 -90 0 0
4.1 36.7 -12.299999999999999 -90 0 0
4.1 36.7 -8.2 -90 0 0
4.1 36.7 -4.1 -90 0 0
4.1 36.7 0.0 -90 0 0
4.1 36.7 4.1 -90 0 0
4.1 36.7 8.2 -90 0 0
4.1 36.7 12.299999999999999 -90 0 0
4.1 36.7 16.4 -90 0 0
4.1 36.7 20.5 -90 0 0
4.1 36.7 24.599999999999998 -90 0 0
4.1 36.91 -36.7 180 0 0
4.1 36.91 36.7 0 0 0
4.1 41.01 -36.7 180 0 0
4.1 41.01 36.7 0 0 0
4.1 45.11 -36.7 180 0 0
4.1 45.11 36.7 0 0 0
8.2 -45.11 -36.7 180 0 0
8.2 -45.11 36.7 0 0 0
8.2 -41.01 -36.7 180 0 0
8.2 -41.01 36.7 0 0 0
8.2 -36.91 -36.7 180 0 0
8.2 -36.91 36.7 0 0 0
8.2 -36.7 -24.599999999999998 90 0 0
8.2 -36.7 -20.5 90 0 0
8.2 -36.7 -16.4 90 0 0
8.2 -36.7 -12.299999999999999 90 0 0
8.2 -36.7 -8.2 90 0 0
8.2 -36.7 -4.1 90 0 0
8.2 -36.7 0.0 90 0 0
8.2 -36.7 4.1 90 0 0
8.2 -36.7 8.2 90 0 0
8.2 -36.7 12.299999999999999 90 0 0
8.2 -36.7 16.4 90 0 0
8.2 -36.7 20.5 90 0 0
8.2 -36.7 24.599999999999998 90 0 0
8.2 -32.809999999999995 -36.7 180 0 0
8.2 -32.809999999999995 36.7 0 0 0
8.2 -28.709999999999997 -36.7 180 0 0
8.2 -28.709999999999997 36.7 0 0 0
8.2 -24.599999999999998 -36.7 180 0 0
8.2 -24.599999999999998 36.7 0 0 0
8.2 -20.5 -36.7 180 0 0
8.2 -20.5 36.7 0 0 0
8.2 -16.4 -36.7 180 0 0
8.2 -16.4 36.7 0 0 0
8.2 -12.299999999999999 -36.7 180 0 0
8.2 -12.299999999999999 36.7 0 0 0
8.2 -8.2 -36.7 180 0 0
8.2 -8.2 36.7 0 0 0
8.2 -4.1 -36.7 180 0 0
8.2 -4.1 36.7 0 0 0
8.2 0.0 -36.7 180 0 0
8.2 0.0 36.7 0 0 0
8.2 4.1 -36.7 180 0 0
8.2 4.1 36.7 0 0 0
8.2 8.2 -36.7 180 0 0
8.2 8.2 36.7 0 0 0
8.2 12.299999999999999 -36.7 180 0 0
8.2 12.299999999999999 36.7 0 0 0
8.2 16.4 -36.7 180 0 0
8.2 16.4 36.7 0 0 0
8.2 20.5 -36.7 180 0 0
8.2 20.5 36.7 0 0 0
8.2 24.599999999999998 -36.7 180 0 0
8.2 24.599999999999998 36.7 0 0 0
8.2 28.709999999999997 -36.7 180 0 0
8.2 28.709999999999997 36.7 0 0 0
8.2 32.809999999999995 -36.7 180 0 0
8.2 32.809999999999995 36.7 0 0 0
8.2 36.7 -24.599999999999998 -90 0 0
8.2 36.7 -20.5 -90 0 0
8.2 36.7 -16.4 -90 0 0
8.2 36.7 -12.299999999999999 -90 0 0
8.2 36.7 -8.2 -90 0 0
8.2 36.7 -4.1 -90 0 0
8.2 36.7 0.0 -90 0 0
8.2 36.7 4.1 -90 0 0
8.2 36.7 8.2 -90 0 0
8.2 36.7 12.299999999999999 -90 0 0
8.2 36.7 16.4 -90 0 0
8.2 36.7 20.5 -90 0 0
8.2 36.7 24.599999999999998 -90 0 0
8.2 36.91 -36.7 180 0 0
8.2 36.91 36.7 0 0 0
8.2 41.01 -36.7 180 0 0
8.2 41.01 36.7 0 0 0
8.2 45.11 -36.7 180 0 0
8.2 45.11 36.7 0 0 0
12.299999999999999 -45.11 -36.7 180 0 0
12.299999999999999 -45.11 36.7 0 0 0
12.299999999999999 -41.01 -36.7 180 0 0
12.299999999999999 -41.01 36.7 0 0 0
12.299999999999999 -36.91 -36.7 180 0 0
12.299999999999999 -36.91 36.7 0 0 0
12.299999999999999 -36.7 -24.599999999999998 90 0 0
12.299999999999999 -36.7 -20.5 90 0 0
12.299999999999999 -36.7 -16.4 90 0 0
12.299999999999999 -36.7 -12.299999999999999 90 0 0
12.299999999999999 -36.7 -8.2 90 0 0
12.299999999999999 -36.7 -4.1 90 0 0
12.299999999999999 -36.7 0.0 90 0 0
12.299999999999999 -36.7 4.1 90 0 0
12.299999999999999 -36.7 8.2 90 0 0
12.299999999999999 -36.7 12.299999999999999 90 0 0
12.299999999999999 -36.7 16.4 90 0 0
12.299999999999999 -36.7 20.5 90 0 0
12.299999999999999 -36.7 24.599999999999998 90 0 0
12.299999999999999 -32.809999999999995 -36.7 180 0 0
12.299999999999999 -32.809999999999995 36.7 0 0 0
12.299999999999999 -28.709999999999997 -36.7 180 0 0
12.299999999999999 -28.709999999999997 36.7 0 0 0
12.299999999999999 -24.599999999999998 -36.7 180 0 0
12.299999999999999 -24.599999999999998 36.7 0 0 0
12.299999999999999 -20.5 -36.7 180 0 0
12.299999999999999 -20.5 36.7 0 0 0
12.299999999999999 -16.4 -36.7 180 0 0
12.299999999999999 -16.4 36.7 0 0 0
12.299999999999999 -12.299999999999999 -36.7 180 0 0
12.299999999999999 -12.299999999999999 36.7 0 0 0
12.299999999999999 -8.2 -36.7 180 0 0
12.299999999999999 -8.2 36.7 0 0 0
12.299999999999999 -4.1 -36.7 180 0 0
12.299999999999999 -4.1 36.7 0 0 0
12.299999999999999 0.0 -36.7 180 0 0
12.299999999999999 0.0 36.7 0 0 0
12.299999999999999 4.1 -36.7 180 0 0
12.299999999999999 4.1 36.7 0 0 0
12.299999999999999 8.2 -36.7 180 0 0
12.299999999999999 8.2 36.7 0 0 0
12.299999999999999 12.299999999999999 -36.7 180 0 0
12.299999999999999 12.299999999999999 36.7 0 0 0
12.299999999999999 16.4 -36.7 180 0 0
12.299999999999999 16.4 36.7 0 0 0
12.299999999999999 20.5 -36.7 180 0 0
12.299999999999999 20.5 36.7 0 0 0
12.299999999999999 24.599999999999998 -36.7 180 0 0
12.299999999999999 24.599999999999998 36.7 0 0 0
12.299999999999999 28.709999999999997 -36.7 180 0 0
12.299999999999999 28.709999999999997 36.7 0 0 0
12.299999999999999 32.809999999999995 -36.7 180 0 0
12.299999999999999 32.809999999999995 36.7 0 0 0
12.299999999999999 36.7 -24.599999999999998 -90 0 0
12.299999999999999 36.7 -20.5 -90 0 0
12.299999999999999 36.7 -16.4 -90 0 0
12.299999999999999 36.7 -12.299999999999999 -90 0 0
12.299999999999999 36.7 -8.2 -90 0 0
12.299999999999999 36.7 -4.1 -90 0 0
12.299999999999999 36.7 0.0 -90 0 0
12.299999999999999 36.7 4.1 -90 0 0
12.299999999999999 36.7 8.2 -90 0 0
12.299999999999999 36.7 12.299999999999999 -90 0 0
12.299999999999999 36.7 16.4 -90 0 0
12.299999999999999 36.7 20.5 -90 0 0
12.299999999999999 36.7 24.599999999999998 -90 0 0
12.299999999999999 36.91 -36.7 180 0 0
12.299999999999999 36.91 36.7 0 0 0
12.299999999999999 41.01 -36.7 180 0 0
12.299999999999999 41.01 36.7 0 0 0
12.299999999999999 45.11 -36.7 180 0 0
12.299999999999999 45.11 36.7 0 0 0
16.4 -45.11 -36.7 180 0 0
16.4 -45.11 36.7 0 0 0
16.4 -41.01 -36.7 180 0 0
16.4 -41.01 36.7 0 0 0
16.4 -36.91 -36.7 180 0 0
16.4 -36.91 36.7 0 0 0
16.4 -36.7 -24.599999999999998 90 0 0
16.4 -36.7 -20.5 90 0 0
16.4 -36.7 -16.4 90 0 0
16.4 -36.7 -12.299999999999999 90 0 0
16.4 -36.7 -8.2 90 0 0
16.4 -36.7 -4.1 90 0 0
16.4 -36.7 0.0 90 0 0
16.4 -36.7 4.1 90 0 0
16.4 -36.7 8.2 90 0 0
16.4 -36.7 12.299999999999999 90 0 0
16.4 -36.7 16.4 90 0 0
16.4 -36.7 20.5 90 0 0
16.4 -36.7 24.599999999999998 90 0 0
16.4 -32.809999999999995 -36.7 180 0 0
16.4 -32.809999999999995 36.7 0 0 0
16.4 -28.709999999999997 -36.7 180 0 0
16.4 -28.709999999999997 36.7 0 0 0
16.4 -24.599999999999998 -36.7 180 0 0
16.4 -24.599999999999998 36.7 0 0 0
16.4 -20.5 -36.7 180 0 0
16.4 -20.5 36.7 0 0 0
16.4 -16.4 -36.7 180 0 0
16.4 -16.4 36.7 0 0 0
16.4 -12.299999999999999 -36.7 180 0 0
16.4 -12.299999999999999 36.7 0 0 0
16.4 -8.2 -36.7 180 0 0
16.4 -8.2 36.7 0 0 0
16.4 -4.1 -36.7 180 0 0
16.4 -4.1 36.7 0 0 0
16.4 0.0 -36.7 180 0 0
16.4 0.0 36.7 0 0 0
16.4 4.1 -36.7 180 0 0
16.4 4.1 36.7 0 0 0
16.4 8.2 -36.7 180 0 0
16.4 8.2 36.7 0 0 0
16.4 12.299999999999999 -36.7 180 0 0
16.4 12.299999999999999 36.7 0 0 0
16.4 16.4 -36.7 180 0 0
16.4 16.4 36.7 0 0 0
16.4 20.5 -36.7 180 0 0
16.4 20.5 36.7 0 0 0
16.4 24.599999999999998 -36.7 180 0 0
16.4 24.599999999999998 36.7 0 0 0
16.4 28.709999999999997 -36.7 180 0 0
16.4 28.709999999999997 36.7 0 0 0
16.4 32.809999999999995 -36.7 180 0 0
16.4 32.809999999999995 36.7 0 0 0
16.4 36.7 -24.599999999999998 -90 0 0
16.4 36.7 -20.5 -90 0 0
16.4 36.7 -16.4 -90 0 0
16.4 36.7 -12.299999999999999 -90 0 0
16.4 36.7 -8.2 -90 0 0
16.4 36.7 -4.1 -90 0 0
16.4 36.7 0.0 -90 0 0
16.4 36.7 4.1 -90 0 0
16.4 36.7 8.2 -90 0 0
16.4 36.7 12.299999999999999 -90 0 0
16.4 36.7 16.4 -90 0 0
16.4 36.7 20.5 -90 0 0
16.4 36.7 24.599999999999998 -90 0 0
16.4 36.91 -36.7 180 0 0
16.4 36.91 36.7 0 0 0
16.4 41.01 -36.7 180 0 0
16.4 41.01 36.7 0 0 0
16.4 45.11 -36.7 180 0 0
16.4 45.11 36.7 0 0 0
20.5 -45.11 -36.7 180 0 0
20.5 -45.11 36.7 0 0 0
20.5 -41.01 -36.7 180 0 0
20.5 -41.01 36.7 0 0 0
20.5 -36.91 -36.7 180 0 0
20.5 -36.91 36.7 0 0 0
20.5 -36.7 -24.599999999999998 90 0 0
20.5 -36.7 -20.5 90 0 0
20.5 -36.7 -16.4 90 0 0
20.5 -36.7 -12.299999999999999 90 0 0
20.5 -36.7 -8.2 90 0 0
20.5 -36.7 -4.1 90 0 0
20.5 -36.7 0.0 90 0 0
20.5 -36.7 4.1 90 0 0
20.5 -36.7 8.2 90 0 0
20.5 -36.7 12.299999999999999 90 0 0
20.5 -36.7 16.4 90 0 0
20.5 -36.7 20.5 90 0 0
20.5 -36.7 24.599999999999998 90 0 0
20.5 -32.809999999999995 -36.7 180 0 0
20.5 -32.809999999999995 36.7 0 0 0
20.5 -28.709999999999997 -36.7 180 0 0
20.5 -28.709999999999997 36.7 0 0 0
20.5 -24.599999999999998 -36.7 180 0 0
20.5 -24.599999999999998 36.7 0 0 0
20.5 -20.5 -36.7 180 0 0
20.5 -20.5 36.7 0 0 0
20.5 -16.4 -36.7 180 0 0
20.5 -16.4 36.7 0 0 0
20.5 -12.299999999999999 -36.7 180 0 0
20.5 -12.299999999999999 36.7 0 0 0
20.5 -8.2 -36.7 180 0 0
20.5 -8.2 36.7 0 0 0
20.5 -4.1 -36.7 180 0 0
20.5 -4.1 36.7 0 0 0
20.5 0.0 -36.7 180 0 0
20.5 0.0 36.7 0 0 0
20.5 4.1 -36.7 180 0 0
20.5 4.1 36.7 0 0 0
20.5 8.2 -36.7 180 0 0
20.5 8.2 36.7 0 0 0
20.5 12.299999999999999 -36.7 180 0 0
20.5 12.299999999999999 36.7 0 0 0
20.5 16.4 -36.7 180 0 0
20.5 16.4 36.7 0 0 0
20.5 20.5 -36.7 180 0 0
20.5 20.5 36.7 0 0 0
20.5 24.599999999999998 -36.7 180 0 0
20.5 24.599999999999998 36.7 0 0 0
20.5 28.709999999999997 -36.7 180 0 0
20.5 28.709999999999997 36.7 0 0 0
20.5 32.809999999999995 -36.7 180 0 0
20.5 32.809999999999995 36.7 0 0 0
20.5 36.7 -24.599999999999998 -90 0 0
20.5 36.7 -20.5 -90 0 0
20.5 36.7 -16.4 -90 0 0
20.5 36.7 -12.299999999999999 -90 0 0
20.5 36.7 -8.2 -90 0 0
20.5 36.7 -4.1 -90 0 0
20.5 36.7 0.0 -90 0 0
20.5 36.7 4.1 -90 0 0
20.5 36.7 8.2 -90 0 0
20.5 36.7 12.299999999999999 -90 0 0
20.5 36.7 16.4 -90 0 0
20.5 36.7 20.5 -90 0 0
20.5 36.7 24.599999999999998 -90 0 0
20.5 36.91 -36.7 180 0 0
20.5 36.91 36.7 0 0 0
20.5 41.01 -36.7 180 0 0
20.5 41.01 36.7 0 0 0
20.5 45.11 -36.7 180 0 0
20.5 45.11 36.7 0 0 0
24.599999999999998 -45.11 -36.7 180 0 0
24.599999999999998 -45.11 36.7 0 0 0
24.599999999999998 -41.01 -36.7 180 0 0
24.599999999999998 -41.01 36.7 0 0 0
24.599999999999998 -36.91 -36.7 180 0 0
24.599999999999998 -36.91 36.7 0 0 0
24.599999999999998 -36.7 -24.599999999999998 90 0 0
24.599999999999998 -36.7 -20.5 90 0 0
24.599999999999998 -36.7 -16.4 90 0 0
24.599999999999998 -36.7 -12.299999999999999 90 0 0
24.599999999999998 -36.7 -8.2 90 0 0
24.599999999999998 -36.7 -4.1 90 0 0
24.599999999999998 -36.7 0.0 90 0 0
24.599999999999998 -36.7 4.1 90 0 0
24.599999999999998 -36.7 8.2 90 0 0
24.599999999999998 -36.7 12.299999999999999 90 0 0
24.599999999999998 -36.7 16.4 90 0 0
24.599999999999998 -36.7 20.5 90 0 0
24.599999999999998 -36.7 24.599999999999998 90 0 0
24.599999999999998 -32.809999999999995 -36.7 180 0 0
24.599999999999998 -32.809999999999995 36.7 0 0 0
24.599999999999998 -28.709999999999997 -36.7 180 0 0
24.599999999999998 -28.709999999999997 36.7 0 0 0
24.599999999999998 -24.599999999999998 -36.7 180 0 0
24.599999999999998 -24.599999999999998 36.7 0 0 0
24.599999999999998 -20.5 -36.7 180 0 0
24.599999999999998 -20.5 36.7 0 0 0
24.599999999999998 -16.4 -36.7 180 0 0
24.599999999999998 -16.4 36.7 0 0 0
24.599999999999998 -12.299999999999999 -36.7 180 0 0
24.599999999999998 -12.299999999999999 36.7 0 0 0
24.599999999999998 -8.2 -36.7 180 0 0
24.599999999999998 -8.2 36.7 0 0 0
24.599999999999998 -4.1 -36.7 180 0 0
24.599999999999998 -4.1 36.7 0 0 0
24.599999999999998 0.0 -36.7 180 0 0
24.599999999999998 0.0 36.7 0 0 0
24.599999999999998 4.1 -36.7 180 0 0
24.599999999999998 4.1 36.7 0 0 0
24.599999999999998 8.2 -36.7 180 0 0
24.599999999999998 8.2 36.7 0 0 0
24.599999999999998 12.299999999999999 -36.7 180 0 0
24.599999999999998 12.299999999999999 36.7 0 0 0
24.599999999999998 16.4 -36.7 180 0 0
24.599999999999998 16.4 36.7 0 0 0
24.599999999999998 20.5 -36.7 180 0 0
24.599999999999998 20.5 36.7 0 0 0
24.599999999999998 24.599999999999998 -36.7 180 0 0
24.599999999999998 24.599999999999998 36.7 0 0 0
24.599999999999998 28.709999999999997 -36.7 180 0 0
24.599999999999998 28.709999999999997 36.7 0 0 0
24.599999999999998 32.809999999999995 -36.7 180 0 0
24.599999999999998 32.809999999999995 36.7 0 0 0
24.599999999999998 36.7 -24.599999999999998 -90 0 0
24.599999999999998 36.7 -20.5 -90 0 0
24.599999999999998 36.7 -16.4 -90 0 0
24.599999999999998 36.7 -12.299999999999999 -90 0 0
24.599999999999998 36.7 -8.2 -90 0 0
24.599999999999998 36.7 -4.1 -90 0 0
24.599999999999998 36.7 0.0 -90 0 0
24.599999999999998 36.7 4.1 -90 0 0
24.599999999999998 36.7 8.2 -90 0 0
24.599999999999998 36.7 12.299999999999999 -90 0 0
24.599999999999998 36.7 16.4 -90 0 0
24.599999999999998 36.7 20.5 -90 0 0
24.599999999999998 36.7 24.599999999999998 -90 0 0
24.599999999999998 36.91 -36.7 180 0 0
24.599999999999998 36.91 36.7 0 0 0
24.599999999999998 41.01 -36.7 180 0 0
24.599999999999998 41.01 36.7 0 0 0
24.599999999999998 45.11 -36.7 180 0 0
24.599999999999998 45.11 36.7 0 0 0
28.709999999999997 -36.7 -45.11 90 0 0
28.709999999999997 -36.7 -41.01 90 0 0
28.709999999999997 -36.7 -36.91 90 0 0
28.709999999999997 -36.7 -32.809999999999995 90 0 0
28.709999999999997 -36.7 -28.709999999999997 90 0 0
28.709999999999997 -36.7 -24.599999999999998 90 0 0
28.709999999999997 -36.7 -20.5 90 0 0
28.709999999999997 -36.7 -16.4 90 0 0
28.709999999999997 -36.7 -12.299999999999999 90 0 0
28.709999999999997 -36.7 -8.2 90 0 0
28.709999999999997 -36.7 -4.1 90 0 0
28.709999999999997 -36.7 0.0 90 0 0
28.709999999999997 -36.7 4.1 90 0 0
28.709999999999997 -36.7 8.2 90 0 0
28.709999999999997 -36.7 12.299999999999999 90 0 0
28.709999999999997 -36.7 16.4 90 0 0
28.709999999999997 -36.7 20.5 90 0 0
28.709999999999997 -36.7 24.599999999999998 90 0 0
28.709999999999997 -36.7 28.709999999999997 90 0 0
28.709999999999997 -36.7 32.809999999999995 90 0 0
28.709999999999997 -36.7 36.91 90 0 0
28.709999999999997 -36.7 41.01 90 0 0
28.709999999999997 -36.7 45.11 90 0 0
28.709999999999997 -24.599999999999998 -36.7 180 0 0
28.709999999999997 -24.599999999999998 36.7 0 0 0
28.709999999999997 -20.5 -36.7 180 0 0
28.709999999999997 -20.5 36.7 0 0 0
28.709999999999997 -16.4 -36.7 180 0 0
28.709999999999997 -16.4 36.7 0 0 0
28.709999999999997 -12.299999999999999 -36.7 180 0 0
28.709999999999997 -12.299999999999999 36.7 0 0 0
28.709999999999997 -8.2 -36.7 180 0 0
28.709999999999997 -8.2 36.7 0 0 0
28.709999999999997 -4.1 -36.7 180 0 0
28.709999999999997 -4.1 36.7 0 0 0
28.709999999999997 0.0 -36.7 180 0 0
28.709999999999997 0.0 36.7 0 0 0
28.709999999999997 4.1 -36.7 180 0 0
28.709999999999997 4.1 36.7 0 0 0
28.709999999999997 8.2 -36.7 180 0 0
28.709999999999997 8.2 36.7 0 0 0
28.709999999999997 12.299999999999999 -36.7 180 0 0
28.709999999999997 12.299999999999999 36.7 0 0 0
28.709999999999997 16.4 -36.7 180 0 0
28.709999999999997 16.4 36.7 0 0 0
28.709999999999997 20.5 -36.7 180 0 0
28.709999999999997 20.5 36.7 0 0 0
28.709999999999997 24.599999999999998 -36.7 180 0 0
28.709999999999997 24.599999999999998 36.7 0 0 0
28.709999999999997 36.7 -45.11 -90 0 0
28.709999999999997 36.7 -41.01 -90 0 0
28.709999999999997 36.7 -36.91 -90 0 0
28.709999999999997 36.7 -32.809999999999995 -90 0 0
28.709999999999997 36.7 -28.709999999999997 -90 0 0
28.709999999999997 36.7 -24.599999999999998 -90 0 0
28.709999999999997 36.7 -20.5 -90 0 0
28.709999999999997 36.7 -16.4 -90 0 0
28.709999999999997 36.7 -12.299999999999999 -90 0 0
28.709999999999997 36.7 -8.2 -90 0 0
28.709999999999997 36.7 -4.1 -90 0 0
28.709999999999997 36.7 0.0 -90 0 0
28.709999999999997 36.7 4.1 -90 0 0
28.709999999999997 36.7 8.2 -90 0 0
28.709999999999997 36.7 12.299999999999999 -90 0 0
28.709999999999997 36.7 16.4 -90 0 0
28.709999999999997 36.7 20.5 -90 0 0
28.709999999999997 36.7 24.599999999999998 -90 0 0
28.709999999999997 36.7 28.709999999999997 -90 0 0
28.709999999999997 36.7 32.809999999999995 -90 0 0
28.709999999999997 36.7 36.91 -90 0 0
28.709999999999997 36.7 41.01 -90 0 0
28.709999999999997 36.7 45.11 -90 0 0
32.809999999999995 -36.7 -45.11 90 0 0
32.809999999999995 -36.7 -41.01 90 0 0
32.809999999999995 -36.7 -36.91 90 0 0
32.809999999999995 -36.7 -32.809999999999995 90 0 0
32.809999999999995 -36.7 -28.709999999999997 90 0 0
32.809999999999995 -36.7 -24.599999999999998 90 0 0
32.809999999999995 -36.7 -20.5 90 0 0
32.809999999999995 -36.7 -16.4 90 0 0
32.809999999999995 -36.7 -12.299999999999999 90 0 0
32.809999999999995 -36.7 -8.2 90 0 0
32.809999999999995 -36.7 -4.1 90 0 0
32.809999999999995 -36.7 0.0 90 0 0
32.809999999999995 -36.7 4.1 90 0 0
32.809999999999995 -36.7 8.2 90 0 0
32.809999999999995 -36.7 12.299999999999999 90 0 0
32.809999999999995 -36.7 16.4 90 0 0
32.809999999999995 -36.7 20.5 90 0 0
32.809999999999995 -36.7 24.599999999999998 90 0 0
32.809999999999995 -36.7 28.709999999999997 90 0 0
32.809999999999995 -36.7 32.809999999999995 90 0 0
32.809999999999995 -36.7 36.91 90 0 0
32.809999999999995 -36.7 41.01 90 0 0
32.809999999999995 -36.7 45.11 90 0 0
32.809999999999995 -24.599999999999998 -36.7 180 0 0
32.809999999999995 -24.599999999999998 36.7 0 0 0
32.809999999999995 -20.5 -36.7 180 0 0
32.809999999999995 -20.5 36.7 0 0 0
32.809999999999995 -16.4 -36.7 180 0 0
32.809999999999995 -16.4 36.7 0 0 0
32.809999999999995 -12.299999999999999 -36.7 180 0 0
32.809999999999995 -12.299999999999999 36.7 0 0 0
32.809999999999995 -8.2 -36.7 180 0 0
32.809999999999995 -8.2 36.7 0 0 0
32.809999999999995 -4.1 -36.7 180 0 0
32.809999999999995 -4.1 36.7 0 0 0
32.809999999999995 0.0 -36.7 180 0 0
32.809999999999995 0.0 36.7 0 0 0
32.809999999999995 4.1 -36.7 180 0 0
32.809999999999995 4.1 36.7 0 0 0
32.809999999999995 8.2 -36.7 180 0 0
32.809999999999995 8.2 36.7 0 0 0
32.809999999999995 12.299999999999999 -36.7 180 0 0
32.809999999999995 12.299999999999999 36.7 0 0 0
32.809999999999995 16.4 -36.7 180 0 0
32.809999999999995 16.4 36.7 0 0 0
32.809999999999995 20.5 -36.7 180 0 0
32.809999999999995 20.5 36.7 0 0 0
32.809999999999995 24.599999999999998 -36.7 180 0 0
32.809999999999995 24.599999999999998 36.7 0 0 0
32.809999999999995 36.7 -45.11 -90 0 0
32.809999999999995 36.7 -41.01 -90 0 0
32.809999999999995 36.7 -36.91 -90 0 0
32.809999999999995 36.7 -32.809999999999995 -90 0 0
32.809999999999995 36.7 -28.709999999999997 -90 0 0
32.809999999999995 36.7 -24.599999999999998 -90 0 0
32.809999999999995 36.7 -20.5 -90 0 0
32.809999999999995 36.7 -16.4 -90 0 0
32.809999999999995 36.7 -12.299999999999999 -90 0 0
32.809999999999995 36.7 -8.2 -90 0 0
32.809999999999995 36.7 -4.1 -90 0 0
32.809999999999995 36.7 0.0 -90 0 0
32.809999999999995 36.7 4.1 -90 0 0
32.809999999999995 36.7 8.2 -90 0 0
32.809999999999995 36.7 12.299999999999999 -90 0 0
32.809999999999995 36.7 16.4 -90 0 0
32.809999999999995 36.7 20.5 -90 0 0
32.809999999999995 36.7 24.599999999999998 -90 0 0
32.809999999999995 36.7 28.709999999999997 -90 0 0
32.809999999999995 36.7 32.809999999999995 -90 0 0
32.809999999999995 36.7 36.91 -90 0 0
32.809999999999995 36.7 41.01 -90 0 0
32.809999999999995 36.7 45.11 -90 0 0
36.7 -24.599999999999998 -24.599999999999998 0 90 0
36.7 -24.599999999999998 -20.5 0 90 0
36.7 -24.599999999999998 -16.4 0 90 0
36.7 -24.599999999999998 -12.299999999999999 0 90 0
36.7 -24.599999999999998 -8.2 0 90 0
36.7 -24.599999999999998 -4.1 0 90 0
36.7 -24.599999999999998 0.0 0 90 0
36.7 -24.599999999999998 4.1 0 90 0
36.7 -24.599999999999998 8.2 0 90 0
36.7 -24.599999999999998 12.299999999999999 0 90 0
36.7 -24.599999999999998 16.4 0 90 0
36.7 -24.599999999999998 20.5 0 90 0
36.7 -24.599999999999998 24.599999999999998 0 90 0
36.7 -20.5 -24.599999999999998 0 90 0
36.7 -20.5 -20.5 0 90 0
36.7 -20.5 -16.4 0 90 0
36.7 -20.5 -12.299999999999999 0 90 0
36.7 -20.5 -8.2 0 90 0
36.7 -20.5 -4.1 0 90 0
36.7 -20.5 0.0 0 90 0
36.7 -20.5 4.1 0 90 0
36.7 -20.5 8.2 0 90 0
36.7 -20.5 12.299999999999999 0 90 0
36.7 -20.5 16.4 0 90 0
36.7 -20.5 20.5 0 90 0
36.7 -20.5 24.599999999999998 0 90 0
36.7 -16.4 -24.599999999999998 0 90 0
36.7 -16.4 -20.5 0 90 0
36.7 -16.4 -16.4 0 90 0
36.7 -16.4 -12.299999999999999 0 90 0
36.7 -16.4 -8.2 0 90 0
36.7 -16.4 -4.1 0 90 0
36.7 -16.4 0.0 0 90 0
36.7 -16.4 4.1 0 90 0
36.7 -16.4 8.2 0 90 0
36.7 -16.4 12.299999999999999 0 90 0
36.7 -16.4 16.4 0 90 0
36.7 -16.4 20.5 0 90 0
36.7 -16.4 24.599999999999998 0 90 0
36.7 -12.299999999999999 -24.599999999999998 0 90 0
36.7 -12.299999999999999 -20.5 0 90 0
36.7 -12.299999999999999 -16.4 0 90 0
36.7 -12.299999999999999 -12.299999999999999 0 90 0
36.7 -12.299999999999999 -8.2 0 90 0
36.7 -12.299999999999999 -4.1 0 90 0
36.7 -12.299999999999999 0.0 0 90 0
36.7 -12.299999999999999 4.1 0 90 0
36.7 -12.299999999999999 8.2 0 90 0
36.7 -12.299999999999999 12.299999999999999 0 90 0
36.7 -12.299999999999999 16.4 0 90 0
36.7 -12.299999999999999 20.5 0 90 0
36.7 -12.299999999999999 24.599999999999998 0 90 0
36.7 -8.2 -24.599999999999998 0 90 0
36.7 -8.2 -20.5 0 90 0
36.7 -8.2 -16.4 0 90 0
36.7 -8.2 -12.299999999999999 0 90 0
36.7 -8.2 -8.2 0 90 0
36.7 -8.2 -4.1 0 90 0
36.7 -8.2 0.0 0 90 0
36.7 -8.2 4.1 0 90 0
36.7 -8.2 8.2 0 90 0
36.7 -8.2 12.299999999999999 0 90 0
36.7 -8.2 16.4 0 90 0
36.7 -8.2 20.5 0 90 0
36.7 -8.2 24.599999999999998 0 90 0
36.7 -4.1 -24.599999999999998 0 90 0
36.7 -4.1 -20.5 0 90 0
36.7 -4.1 -16.4 0 90 0
36.7 -4.1 -12.299999999999999 0 90 0
36.7 -4.1 -8.2 0 90 0
36.7 -4.1 -4.1 0 90 0
36.7 -4.1 0.0 0 90 0
36.7 -4.1 4.1 0 90 0
36.7 -4.1 8.2 0 90 0
36.7 -4.1 12.299999999999999 0 90 0
36.7 -4.1 16.4 0 90 0
36.7 -4.1 20.5 0 90 0
36.7 -4.1 24.599999999999998 0 90 0
36.7 0.0 -24.599999999999998 0 90 0
36.7 0.0 -20.5 0 90 0
36.7 0.0 -16.4 0 90 0
36.7 0.0 -12.299999999999999 0 90 0
36.7 0.0 -8.2 0 90 0
36.7 0.0 -4.1 0 90 0
36.7 0.0 0.0 0 90 0
36.7 0.0 4.1 0 90 0
36.7 0.0 8.2 0 90 0
36.7 0.0 12.299999999999999 0 90 0
36.7 0.0 16.4 0 90 0
36.7 0.0 20.5 0 90 0
36.7 0.0 24.599999999999998 0 90 0
36.7 4.1 -24.599999999999998 0 90 0
36.7 4.1 -20.5 0 90 0
36.7 4.1 -16.4 0 90 0
36.7 4.1 -12.299999999999999 0 90 0
36.7 4.1 -8.2 0 90 0
36.7 4.1 -4.1 0 90 0
36.7 4.1 0.0 0 90 0
36.7 4.1 4.1 0 90 0
36.7 4.1 8.2 0 90 0
36.7 4.1 12.299999999999999 0 90 0
36.7 4.1 16.4 0 90 0
36.7 4.1 20.5 0 90 0
36.7 4.1 24.599999999999998 0 90 0
36.7 8.2 -24.599999999999998 0 90 0
36.7 8.2 -20.5 0 90 0
36.7 8.2 -16.4 0 90 0
36.7 8.2 -12.299999999999999 0 90 0
36.7 8.2 -8.2 0 90 0
36.7 8.2 -4.1 0 90 0
36.7 8.2 0.0 0 90 0
36.7 8.2 4.1 0 90 0
36.7 8.2 8.2 0 90 0
36.7 8.2 12.299999999999999 0 90 0
36.7 8.2 16.4 0 90 0
36.7 8.2 20.5 0 90 0
36.7 8.2 24.599999999999998 0 90 0
36.7 12.299999999999999 -24.599999999999998 0 90 0
36.7 12.299999999999999 -20.5 0 90 0
36.7 12.299999999999999 -16.4 0 90 0
36.7 12.299999999999999 -12.299999999999999 0 90 0
36.7 12.299999999999999 -8.2 0 90 0
36.7 12.299999999999999 -4.1 0 90 0
36.7 12.299999999999999 0.0 0 90 0
36.7 12.299999999999999 4.1 0 90 0
36.7 12.299999999999999 8.2 0 90 0
36.7 12.299999999999999 12.299999999999999 0 90 0
36.7 12.299999999999999 16.4 0 90 0
36.7 12.299999999999999 20.5 0 90 0
36.7 12.299999999999999 24.599999999999998 0 90 0
36.7 16.4 -24.599999999999998 0 90 0
36.7 16.4 -20.5 0 90 0
36.7 16.4 -16.4 0 90 0
36.7 16.4 -12.299999999999999 0 90 0
36.7 16.4 -8.2 0 90 0
36.7 16.4 -4.1 0 90 0
36.7 16.4 0.0 0 90 0
36.7 16.4 4.1 0 90 0
36.7 16.4 8.2 0 90 0
36.7 16.4 12.299999999999999 0 90 0
36.7 16.4 16.4 0 90 0
36.7 16.4 20.5 0 90 0
36.7 16.4 24.599999999999998 0 90 0
36.7 20.5 -24.599999999999998 0 90 0
36.7 20.5 -20.5 0 90 0
36.7 20.5 -16.4 0 90 0
36.7 20.5 -12.299999999999999 0 90 0
36.7 20.5 -8.2 0 90 0
36.7 20.5 -4.1 0 90 0
36.7 20.5 0.0 0 90 0
36.7 20.5 4.1 0 90 0
36.7 20.5 8.2 0 90 0
36.7 20.5 12.299999999999999 0 90 0
36.7 20.5 16.4 0 90 0
36.7 20.5 20.5 0 90 0
36.7 20.5 24.599999999999998 0 90 0
36.7 24.599999999999998 -24.599999999999998 0 90 0
36.7 24.599999999999998 -20.5 0 90 0
36.7 24.599999999999998 -16.4 0 90 0
36.7 24.599999999999998 -12.299999999999999 0 90 0
36.7 24.599999999999998 -8.2 0 90 0
36.7 24.599999999999998 -4.1 0 90 0
36.7 24.599999999999998 0.0 0 90 0
36.7 24.599999999999998 4.1 0 90 0
36.7 24.599999999999998 8.2 0 90 0
36.7 24.599999999999998 12.299999999999999 0 90 0
36.7 24.599999999999998 16.4 0 90 0
36.7 24.599999999999998 20.5 0 90 0
36.7 24.599999999999998 24.599999999999998 0 90 0
36.91 -36.7 -45.11 90 0 0
36.91 -36.7 -41.01 90 0 0
36.91 -36.7 -36.91 90 0 0
36.91 -36.7 -32.809999999999995 90 0 0
36.91 -36.7 -28.709999999999997 90 0 0
36.91 -36.7 -24.599999999999998 90 0 0
36.91 -36.7 -20.5 90 0 0
36.91 -36.7 -16.4 90 0 0
36.91 -36.7 -12.299999999999999 90 0 0
36.91 -36.7 -8.2 90 0 0
36.91 -36.7 -4.1 90 0 0
36.91 -36.7 0.0 90 0 0
36.91 -36.7 4.1 90 0 0
36.91 -36.7 8.2 90 0 0
36.91 -36.7 12.299999999999999 90 0 0
36.91 -36.7 16.4 90 0 0
36.91 -36.7 20.5 90 0 0
36.91 -36.7 24.599999999999998 90 0 0
36.91 -36.7 28.709999999999997 90 0 0
36.91 -36.7 32.809999999999995 90 0 0
36.91 -36.7 36.91 90 0 0
36.91 -36.7 41.01 90 0 0
36.91 -36.7 45.11 90 0 0
36.91 -24.599999999999998 -36.7 180 0 0
36.91 -24.599999999999998 36.7 0 0 0
36.91 -20.5 -36.7 180 0 0
36.91 -20.5 36.7 0 0 0
36.91 -16.4 -36.7 180 0 0
36.91 -16.4 36.7 0 0 0
36.91 -12.299999999999999 -36.7 180 0 0
36.91 -12.299999999999999 36.7 0 0 0
36.91 -8.2 -36.7 180 0 0
36.91 -8.2 36.7 0 0 0
36.91 -4.1 -36.7 180 0 0
36.91 -4.1 36.7 0 0 0
36.91 0.0 -36.7 180 0 0
36.91 0.0 36.7 0 0 0
36.91 4.1 -36.7 180 0 0
36.91 4.1 36.7 0 0 0
36.91 8.2 -36.7 180 0 0
36.91 8.2 36.7 0 0 0
36.91 12.299999999999999 -36.7 180 0 0
36.91 12.299999999999999 36.7 0 0 0
36.91 16.4 -36.7 180 0 0
36.91 16.4 36.7 0 0 0
36.91 20.5 -36.7 180 0 0
36.91 20.5 36.7 0 0 0
36.91 24.599999999999998 -36.7 180 0 0
36.91 24.599999999999998 36.7 0 0 0
36.91 36.7 -45.11 -90 0 0
36.91 36.7 -41.01 -90 0 0
36.91 36.7 -36.91 -90 0 0
36.91 36.7 -32.809999999999995 -90 0 0
36.91 36.7 -28.709999999999997 -90 0 0
36.91 36.7 -24.599999999999998 -90 0 0
36.91 36.7 -20.5 -90 0 0
36.91 36.7 -16.4 -90 0 0
36.91 36.7 -12.299999999999999 -90 0 0
36.91 36.7 -8.2 -90 0 0
36.91 36.7 -4.1 -90 0 0
36.91 36.7 0.0 -90 0 0
36.91 36.7 4.1 -90 0 0
36.91 36.7 8.2 -90 0 0
36.91 36.7 12.299999999999999 -90 0 0
36.91 36.7 16.4 -90 0 0
36.91 36.7 20.5 -90 0 0
36.91 36.7 24.599999999999998 -90 0 0
36.91 36.7 28.709999999999997 -90 0 0
36.91 36.7 32.809999999999995 -90 0 0
36.91 36.7 36.91 -90 0 0
36.91 36.7 41.01 -90 0 0
36.91 36.7 45.11 -90 0 0
41.01 -36.7 -45.11 90 0 0
41.01 -36.7 -41.01 90 0 0
41.01 -36.7 -36.91 90 0 0
41.01 -36.7 -32.809999999999995 90 0 0
41.01 -36.7 -28.709999999999997 90 0 0
41.01 -36.7 -24.599999999999998 90 0 0
41.01 -36.7 -20.5 90 0 0
41.01 -36.7 -16.4 90 0 0
41.01 -36.7 -12.299999999999999 90 0 0
41.01 -36.7 -8.2 90 0 0
41.01 -36.7 -4.1 90 0 0
41.01 -36.7 0.0 90 0 0
41.01 -36.7 4.1 90 0 0
41.01 -36.7 8.2 90 0 0
41.01 -36.7 12.299999999999999 90 0 0
41.01 -36.7 16.4 90 0 0
41.01 -36.7 20.5 90 0 0
41.01 -36.7 24.599999999999998 90 0 0
41.01 -36.7 28.709999999999997 90 0 0
41.01 -36.7 32.809999999999995 90 0 0
41.01 -36.7 36.91 90 0 0
41.01 -36.7 41.01 90 0 0
41.01 -36.7 45.11 90 0 0
41.01 -24.599999999999998 -36.7 180 0 0
41.01 -24.599999999999998 36.7 0 0 0
41.01 -20.5 -36.7 180 0 0
41.01 -20.5 36.7 0 0 0
41.01 -16.4 -36.7 180 0 0
41.01 -16.4 36.7 0 0 0
41.01 -12.299999999999999 -36.7 180 0 0
41.01 -12.299999999999999 36.7 0 0 0
41.01 -8.2 -36.7 180 0 0
41.01 -8.2 36.7 0 0 0
41.01 -4.1 -36.7 180 0 0
41.01 -4.1 36.7 0 0 0
41.01 0.0 -36.7 180 0 0
41.01 0.0 36.7 0 0 0
41.01 4.1 -36.7 180 0 0
41.01 4.1 36.7 0 0 0
41.01 8.2 -36.7 180 0 0
41.01 8.2 36.7 0 0 0
41.01 12.299999999999999 -36.7 180 0 0
41.01 12.299999999999999 36.7 0 0 0
41.01 16.4 -36.7 180 0 0
41.01 16.4 36.7 0 0 0
41.01 20.5 -36.7 180 0 0
41.01 20.5 36.7 0 0 0
41.01 24.599999999999998 -36.7 180 0 0
41.01 24.599999999999998 36.7 0 0 0
41.01 36.7 -45.11 -90 0 0
41.01 36.7 -41.01 -90 0 0
41.01 36.7 -36.91 -90 0 0
41.01 36.7 -32.809999999999995 -90 0 0
41.01 36.7 -28.709999999999997 -90 0 0
41.01 36.7 -24.599999999999998 -90 0 0
41.01 36.7 -20.5 -90 0 0
41.01 36.7 -16.4 -90 0 0
41.01 36.7 -12.299999999999999 -90 0 0
41.01 36.7 -8.2 -90 0 0
41.01 36.7 -4.1 -90 0 0
41.01 36.7 0.0 -90 0 0
41.01 36.7 4.1 -90 0 0
41.01 36.7 8.2 -90 0 0
41.01 36.7 12.299999999999999 -90 0 0
41.01 36.7 16.4 -90 0 0
41.01 36.7 20.5 -90 0 0
41.01 36.7 24.599999999999998 -90 0 0
41.01 36.7 28.709999999999997 -90 0 0
41.01 36.7 32.809999999999995 -90 0 0
41.01 36.7 36.91 -90 0 0
41.01 36.7 41.01 -90 0 0
41.01 36.7 45.11 -90 0 0
45.11 -36.7 -45.11 90 0 0
45.11 -36.7 -41.01 90 0 0
45.11 -36.7 -36.91 90 0 0
45.11 -36.7 -32.809999999999995 90 0 0
45.11 -36.7 -28.709999999999997 90 0 0
45.11 -36.7 -24.599999999999998 90 0 0
45.11 -36.7 -20.5 90 0 0
45.11 -36.7 -16.4 90 0 0
45.11 -36.7 -12.299999999999999 90 0 0
45.11 -36.7 -8.2 90 0 0
45.11 -36.7 -4.1 90 0 0
45.11 -36.7 0.0 90 0 0
45.11 -36.7 4.1 90 0 0
45.11 -36.7 8.2 90 0 0
45.11 -36.7 12.299999999999999 90 0 0
45.11 -36.7 16.4 90 0 0
45.11 -36.7 20.5 90 0 0
45.11 -36.7 24.599999999999998 90 0 0
45.11 -36.7 28.709999999999997 90 0 0
45.11 -36.7 32.809999999999995 90 0 0
45.11 -36.7 36.91 90 0 0
45.11 -36.7 41.01 90 0 0
45.11 -36.7 45.11 90 0 0
45.11 -24.599999999999998 -36.7 180 0 0
45.11 -24.599999999999998 36.7 0 0 0
45.11 -20.5 -36.7 180 0 0
45.11 -20.5 36.7 0 0 0
45.11 -16.4 -36.7 180 0 0
45.11 -16.4 36.7 0 0 0
45.11 -12.299999999999999 -36.7 180 0 0
45.11 -12.299999999999999 36.7 0 0 0
45.11 -8.2 -36.7 180 0 0
45.11 -8.2 36.7 0 0 0
45.11 -4.1 -36.7 180 0 0
45.11 -4.1 36.7 0 0 0
45.11 0.0 -36.7 180 0 0
45.11 0.0 36.7 0 0 0
45.11 4.1 -36.7 180 0 0
45.11 4.1 36.7 0 0 0
45.11 8.2 -36.7 180 0 0
45.11 8.2 36.7 0 0 0
45.11 12.299999999999999 -36.7 180 0 0
45.11 12.299999999999999 36.7 0 0 0
45.11 16.4 -36.7 180 0 0
45.11 16.4 36.7 0 0 0
45.11 20.5 -36.7 180 0 0
45.11 20.5 36.7 0 0 0
45.11 24.599999999999998 -36.7 180 0 0
45.11 24.599999999999998 36.7 0 0 0
45.11 36.7 -45.11 -90 0 0
45.11 36.7 -41.01 -90 0 0
45.11 36.7 -36.91 -90 0 0
45.11 36.7 -32.809999999999995 -90 0 0
45.11 36.7 -28.709999999999997 -90 0 0
45.11 36.7 -24.599999999999998 -90 0 0
45.11 36.7 -20.5 -90 0 0
45.11 36.7 -16.4 -90 0 0
45.11 36.7 -12.299999999999999 -90 0 0
45.11 36.7 -8.2 -90 0 0
45.11 36.7 -4.1 -90 0 0
45.11 36.7 0.0 -90 0 0
45.11 36.7 4.1 -90 0 0
45.11 36.7 8.2 -90 0 0
45.11 36.7 12.299999999999999 -90 0 0
45.11 36.7 16.4 -90 0 0
45.11 36.7 20.5 -90 0 0
45.11 36.7 24.599999999999998 -90 0 0
45.11 36.7 28.709999999999997 -90 0 0
45.11 36.7 32.809999999999995 -90 0 0
45.11 36.7 36.91 -90 0 0
45.11 36.7 41.01 -90 0 0
45.11 36.7 45.11 -90 0 0
