-32.599999999999994 -20.5 -20.5 0 -90 0
-32.599999999999994 -20.5 -16.4 0 -90 0
-32.599999999999994 -20.5 -12.299999999999999 0 -90 0
-32.599999999999994 -20.5 -8.2 0 -90 0
-32.599999999999994 -20.5 -4.1 0 -90 0
-32.599999999999994 -20.5 0.0 0 -90 0
-32.599999999999994 -20.5 4.1 0 -90 0
-32.599999999999994 -20.5 8.2 0 -90 0
-32.599999999999994 -20.5 12.299999999999999 0 -90 0
-32.599999999999994 -20.5 16.4 0 -90 0
-32.599999999999994 -20.5 20.5 0 -90 0
-32.599999999999994 -16.4 -20.5 0 -90 0
-32.599999999999994 -16.4 -16.4 0 -90 0
-32.599999999999994 -16.4 -12.299999999999999 0 -90 0
-32.599999999999994 -16.4 -8.2 0 -90 0
-32.599999999999994 -16.4 -4.1 0 -90 0
-32.599999999999994 -16.4 0.0 0 -90 0
-32.599999999999994 -16.4 4.1 0 -90 0
-32.599999999999994 -16.4 8.2 0 -90 0
-32.599999999999994 -16.4 12.299999999999999 0 -90 0
-32.599999999999994 -16.4 16.4 0 -90 0
-32.599999999999994 -16.4 20.5 0 -90 0
-32.599999999999994 -12.299999999999999 -20.5 0 -90 0
-32.599999999999994 -12.299999999999999 -16.4 0 -90 0
-32.599999999999994 -12.299999999999999 -12.299999999999999 0 -90 0
-32.599999999999994 -12.299999999999999 -8.2 0 -90 0
-32.599999999999994 -12.299999999999999 -4.1 0 -90 0
-32.599999999999994 -12.299999999999999 0.0 0 -90 0
-32.599999999999994 -12.299999999999999 4.1 0 -90 0
-32.599999999999994 -12.299999999999999 8.2 0 -90 0
-32.599999999999994 -12.299999999999999 12.299999999999999 0 -90 0
-32.599999999999994 -12.299999999999999 16.4 0 -90 0
-32.599999999999994 -12.299999999999999 20.5 0 -90 0
-32.599999999999994 -8.2 -20.5 0 -90 0
-32.599999999999994 -8.2 -16.4 0 -90 0
-32.599999999999994 -8.2 -12.299999999999999 0 -90 0
-32.599999999999994 -8.2 -8.2 0 -90 0
-32.599999999999994 -8.2 -4.1 0 -90 0
-32.599999999999994 -8.2 0.0 0 -90 0
-32.599999999999994 -8.2 4.1 0 -90 0
-32.599999999999994 -8.2 8.2 0 -90 0
-32.599999999999994 -8.2 12.299999999999999 0 -90 0
-32.599999999999994 -8.2 16.4 0 -90 0
-32.599999999999994 -8.2 20.5 0 -90 0
-32.599999999999994 -4.1 -20.5 0 -90 0
-32.599999999999994 -4.1 -16.4 0 -90 0
-32.599999999999994 -4.1 -12.299999999999999 0 -90 0
-32.599999999999994 -4.1 -8.2 0 -90 0
-32.599999999999994 -4.1 -4.1 0 -90 0
-32.599999999999994 -4.1 0.0 0 -90 0
-32.599999999999994 -4.1 4.1 0 -90 0
-32.599999999999994 -4.1 8.2 0 -90 0
-32.599999999999994 -4.1 12.299999999999999 0 -90 0
-32.599999999999994 -4.1 16.4 0 -90 0
-32.599999999999994 -4.1 20.5 0 -90 0
-32.599999999999994 0.0 -20.5 0 -90 0
-32.599999999999994 0.0 -16.4 0 -90 0
-32.599999999999994 0.0 -12.299999999999999 0 -90 0
-32.599999999999994 0.0 -8.2 0 -90 0
-32.599999999999994 0.0 -4.1 0 -90 0
-32.599999999999994 0.0 0.0 0 -90 0
-32.599999999999994 0.0 4.1 0 -90 0
-32.599999999999994 0.0 8.2 0 -90 0
-32.599999999999994 0.0 12.299999999999999 0 -90 0
-32.599999999999994 0.0 16.4 0 -90 0
-32.599999999999994 0.0 20.5 0 -90 0
-32.599999999999994 4.1 -20.5 0 -90 0
-32.599999999999994 4.1 -16.4 0 -90 0
-32.599999999999994 4.1 -12.299999999999999 0 -90 0
-32.599999999999994 4.1 -8.2 0 -90 0
-32.599999999999994 4.1 -4.1 0 -90 0
-32.599999999999994 4.1 0.0 0 -90 0
-32.599999999999994 4.1 4.1 0 -90 0
-32.599999999999994 4.1 8.2 0 -90 0
-32.599999999999994 4.1 12.299999999999999 0 -90 0
-32.599999999999994 4.1 16.4 0 -90 0
-32.599999999999994 4.1 20.5 0 -90 0
-32.599999999999994 8.2 -20.5 0 -90 0
-32.599999999999994 8.2 -16.4 0 -90 0
-32.599999999999994 8.2 -12.299999999999999 0 -90 0
-32.599999999999994 8.2 -8.2 0 -90 0
-32.599999999999994 8.2 -4.1 0 -90 0
-32.599999999999994 8.2 0.0 0 -90 0
-32.599999999999994 8.2 4.1 0 -90 0
-32.599999999999994 8.2 8.2 0 -90 0
-32.599999999999994 8.2 12.299999999999999 0 -90 0
-32.599999999999994 8.2 16.4 0 -90 0
-32.599999999999994 8.2 20.5 0 -90 0
-32.599999999999994 12.299999999999999 -20.5 0 -90 0
-32.599999999999994 12.299999999999999 -16.4 0 -90 0
-32.599999999999994 12.299999999999999 -12.299999999999999 0 -90 0
-32.599999999999994 12.299999999999999 -8.2 0 -90 0
-32.599999999999994 12.299999999999999 -4.1 0 -90 0
-32.599999999999994 12.299999999999999 0.0 0 -90 0
-32.599999999999994 12.299999999999999 4.1 0 -90 0
-32.599999999999994 12.299999999999999 8.2 0 -90 0
-32.599999999999994 12.299999999999999 12.299999999999999 0 -90 0
-32.599999999999994 12.299999999999999 16.4 0 -90 0
-32.599999999999994 12.299999999999999 20.5 0 -90 0
-32.599999999999994 16.4 -20.5 0 -90 0
-32.599999999999994 16.4 -16.4 0 -90 0
-32.599999999999994 16.4 -12.299999999999999 0 -90 0
-32.599999999999994 16.4 -8.2 0 -90 0
-32.599999999999994 16.4 -4.1 0 -90 0
-32.599999999999994 16.4 0.0 0 -90 0
-32.599999999999994 16.4 4.1 0 -90 0
-32.599999999999994 16.4 8.2 0 -90 0
-32.599999999999994 16.4 12.299999999999999 0 -90 0
-32.599999999999994 16.4 16.4 0 -90 0
-32.599999999999994 16.4 20.5 0 -90 0
-32.599999999999994 20.5 -20.5 0 -90 0
-32.599999999999994 20.5 -16.4 0 -90 0
-32.599999999999994 20.5 -12.299999999999999 0 -90 0
-32.599999999999994 20.5 -8.2 0 -90 0
-32.599999999999994 20.5 -4.1 0 -90 0
-32.599999999999994 20.5 0.0 0 -90 0
-32.599999999999994 20.5 4.1 0 -90 0
-32.599999999999994 20.5 8.2 0 -90 0
-32.599999999999994 20.5 12.299999999999999 0 -90 0
-32.599999999999994 20.5 16.4 0 -90 0
-32.599999999999994 20.5 20.5 0 -90 0
-20.5 -32.599999999999994 -20.5 -90 0 0
-20.5 -32.599999999999994 -16.4 -90 0 0
-20.5 -32.599999999999994 -12.299999999999999 -90 0 0
-20.5 -32.599999999999994 -8.2 -90 0 0
-20.5 -32.599999999999994 -4.1 -90 0 0
-20.5 -32.599999999999994 0.0 -90 0 0
-20.5 -32.599999999999994 4.1 -90 0 0
-20.5 -32.599999999999994 8.2 -90 0 0
-20.5 -32.599999999999994 12.299999999999999 -90 0 0
-20.5 -32.599999999999994 16.4 -90 0 0
-20.5 -32.599999999999994 20.5 -90 0 0
-20.5 -20.5 -32.599999999999994 180 0 0
-20.5 -20.5 32.599999999999994 0 0 0
-20.5 -16.4 -32.599999999999994 180 0 0
-20.5 -16.4 32.599999999999994 0 0 0
-20.5 -12.299999999999999 -32.599999999999994 180 0 0
-20.5 -12.299999999999999 32.599999999999994 0 0 0
-20.5 -8.2 -32.599999999999994 180 0 0
-20.5 -8.2 32.599999999999994 0 0 0
-20.5 -4.1 -32.599999999999994 180 0 0
-20.5 -4.1 32.599999999999994 0 0 0
-20.5 0.0 -32.599999999999994 180 0 0
-20.5 0.0 32.599999999999994 0 0 0
-20.5 4.1 -32.599999999999994 180 0 0
-20.5 4.1 32.599999999999994 0 0 0
-20.5 8.2 -32.599999999999994 180 0 0
-20.5 8.2 32.599999999999994 0 0 0
-20.5 12.299999999999999 -32.599999999999994 180 0 0
-20.5 12.299999999999999 32.599999999999994 0 0 0
-20.5 16.4 -32.599999999999994 180 0 0
-20.5 16.4 32.599999999999994 0 0 0
-20.5 20.5 -32.599999999999994 180 0 0
-20.5 20.5 32.599999999999994 0 0 0
-20.5 32.599999999999994 -20.5 90 0 0
-20.5 32.599999999999994 -16.4 90 0 0
-20.5 32.599999999999994 -12.299999999999999 90 0 0
-20.5 32.599999999999994 -8.2 90 0 0
-20.5 32.599999999999994 -4.1 90 0 0
-20.5 32.599999999999994 0.0 90 0 0
-20.5 32.599999999999994 4.1 90 0 0
-20.5 32.599999999999994 8.2 90 0 0
-20.5 32.599999999999994 12.299999999999999 90 0 0
-20.5 32.599999999999994 16.4 90 0 0
-20.5 32.599999999999994 20.5 90 0 0
-16.4 -32.599999999999994 -20.5 -90 0 0
-16.4 -32.599999999999994 -16.4 -90 0 0
-16.4 -32.599999999999994 -12.299999999999999 -90 0 0
-16.4 -32.599999999999994 -8.2 -90 0 0
-16.4 -32.599999999999994 -4.1 -90 0 0
-16.4 -32.599999999999994 0.0 -90 0 0
-16.4 -32.599999999999994 4.1 -90 0 0
-16.4 -32.599999999999994 8.2 -90 0 0
-16.4 -32.599999999999994 12.299999999999999 -90 0 0
-16.4 -32.599999999999994 16.4 -90 0 0
-16.4 -32.599999999999994 20.5 -90 0 0
-16.4 -20.5 -32.599999999999994 180 0 0
-16.4 -20.5 32.599999999999994 0 0 0
-16.4 -16.4 -32.599999999999994 180 0 0
-16.4 -16.4 32.599999999999994 0 0 0
-16.4 -12.299999999999999 -32.599999999999994 180 0 0
-16.4 -12.299999999999999 32.599999999999994 0 0 0
-16.4 -8.2 -32.599999999999994 180 0 0
-16.4 -8.2 32.599999999999994 0 0 0
-16.4 -4.1 -32.599999999999994 180 0 0
-16.4 -4.1 32.599999999999994 0 0 0
-16.4 0.0 -32.599999999999994 180 0 0
-16.4 0.0 32.599999999999994 0 0 0
-16.4 4.1 -32.599999999999994 180 0 0
-16.4 4.1 32.599999999999994 0 0 0
-16.4 8.2 -32.599999999999994 180 0 0
-16.4 8.2 32.599999999999994 0 0 0
-16.4 12.299999999999999 -32.599999999999994 180 0 0
-16.4 12.299999999999999 32.599999999999994 0 0 0
-16.4 16.4 -32.599999999999994 180 0 0
-16.4 16.4 32.599999999999994 0 0 0
-16.4 20.5 -32.599999999999994 180 0 0
-16.4 20.5 32.599999999999994 0 0 0
-16.4 32.599999999999994 -20.5 90 0 0
-16.4 32.599999999999994 -16.4 90 0 0
-16.4 32.599999999999994 -12.299999999999999 90 0 0
-16.4 32.599999999999994 -8.2 90 0 0
-16.4 32.599999999999994 -4.1 90 0 0
-16.4 32.599999999999994 0.0 90 0 0
-16.4 32.599999999999994 4.1 90 0 0
-16.4 32.599999999999994 8.2 90 0 0
-16.4 32.599999999999994 12.299999999999999 90 0 0
-16.4 32.599999999999994 16.4 90 0 0
-16.4 32.599999999999994 20.5 90 0 0
-12.299999999999999 -32.599999999999994 -20.5 -90 0 0
-12.299999999999999 -32.599999999999994 -16.4 -90 0 0
-12.299999999999999 -32.599999999999994 -12.299999999999999 -90 0 0
-12.299999999999999 -32.599999999999994 -8.2 -90 0 0
-12.299999999999999 -32.599999999999994 -4.1 -90 0 0
-12.299999999999999 -32.599999999999994 0.0 -90 0 0
-12.299999999999999 -32.599999999999994 4.1 -90 0 0
-12.299999999999999 -32.599999999999994 8.2 -90 0 0
-12.299999999999999 -32.599999999999994 12.299999999999999 -90 0 0
-12.299999999999999 -32.599999999999994 16.4 -90 0 0
-12.299999999999999 -32.599999999999994 20.5 -90 0 0
-12.299999999999999 -20.5 -32.599999999999994 180 0 0
-12.299999999999999 -20.5 32.599999999999994 0 0 0
-12.299999999999999 -16.4 -32.599999999999994 180 0 0
-12.299999999999999 -16.4 32.599999999999994 0 0 0
-12.299999999999999 -12.299999999999999 -32.599999999999994 180 0 0
-12.299999999999999 -12.299999999999999 32.599999999999994 0 0 0
-12.299999999999999 -8.2 -32.599999999999994 180 0 0
-12.299999999999999 -8.2 32.599999999999994 0 0 0
-12.299999999999999 -4.1 -32.599999999999994 180 0 0
-12.299999999999999 -4.1 32.599999999999994 0 0 0
-12.299999999999999 0.0 -32.599999999999994 180 0 0
-12.299999999999999 0.0 32.599999999999994 0 0 0
-12.299999999999999 4.1 -32.599999999999994 180 0 0
-12.299999999999999 4.1 32.599999999999994 0 0 0
-12.299999999999999 8.2 -32.599999999999994 180 0 0
-12.299999999999999 8.2 32.599999999999994 0 0 0
-12.299999999999999 12.299999999999999 -32.599999999999994 180 0 0
-12.299999999999999 12.299999999999999 32.599999999999994 0 0 0
-12.299999999999999 16.4 -32.599999999999994 180 0 0
-12.299999999999999 16.4 32.599999999999994 0 0 0
-12.299999999999999 20.5 -32.599999999999994 180 0 0
-12.299999999999999 20.5 32.599999999999994 0 0 0
-12.299999999999999 32.599999999999994 -20.5 90 0 0
-12.299999999999999 32.599999999999994 -16.4 90 0 0
-12.299999999999999 32.599999999999994 -12.299999999999999 90 0 0
-12.299999999999999 32.599999999999994 -8.2 90 0 0
-12.299999999999999 32.599999999999994 -4.1 90 0 0
-12.299999999999999 32.599999999999994 0.0 90 0 0
-12.299999999999999 32.599999999999994 4.1 90 0 0
-12.299999999999999 32.599999999999994 8.2 90 0 0
-12.299999999999999 32.599999999999994 12.299999999999999 90 0 0
-12.299999999999999 32.599999999999994 16.4 90 0 0
-12.299999999999999 32.599999999999994 20.5 90 0 0
-8.2 -32.599999999999994 -20.5 -90 0 0
-8.2 -32.599999999999994 -16.4 -90 0 0
-8.2 -32.599999999999994 -12.299999999999999 -90 0 0
-8.2 -32.599999999999994 -8.2 -90 0 0
-8.2 -32.599999999999994 -4.1 -90 0 0
-8.2 -32.599999999999994 0.0 -90 0 0
-8.2 -32.599999999999994 4.1 -90 0 0
-8.2 -32.599999999999994 8.2 -90 0 0
-8.2 -32.599999999999994 12.299999999999999 -90 0 0
-8.2 -32.599999999999994 16.4 -90 0 0
-8.2 -32.599999999999994 20.5 -90 0 0
-8.2 -20.5 -32.599999999999994 180 0 0
-8.2 -20.5 32.599999999999994 0 0 0
-8.2 -16.4 -32.599999999999994 180 0 0
-8.2 -16.4 32.599999999999994 0 0 0
-8.2 -12.299999999999999 -32.599999999999994 180 0 0
-8.2 -12.299999999999999 32.599999999999994 0 0 0
-8.2 -8.2 -32.599999999999994 180 0 0
-8.2 -8.2 32.599999999999994 0 0 0
-8.2 -4.1 -32.599999999999994 180 0 0
-8.2 -4.1 32.599999999999994 0 0 0
-8.2 0.0 -32.599999999999994 180 0 0
-8.2 0.0 32.599999999999994 0 0 0
-8.2 4.1 -32.599999999999994 180 0 0
-8.2 4.1 32.599999999999994 0 0 0
-8.2 8.2 -32.599999999999994 180 0 0
-8.2 8.2 32.599999999999994 0 0 0
-8.2 12.299999999999999 -32.599999999999994 180 0 0
-8.2 12.299999999999999 32.599999999999994 0 0 0
-8.2 16.4 -32.599999999999994 180 0 0
-8.2 16.4 32.599999999999994 0 0 0
-8.2 20.5 -32.599999999999994 180 0 0
-8.2 20.5 32.599999999999994 0 0 0
-8.2 32.599999999999994 -20.5 90 0 0
-8.2 32.599999999999994 -16.4 90 0 0
-8.2 32.599999999999994 -12.299999999999999 90 0 0
-8.2 32.599999999999994 -8.2 90 0 0
-8.2 32.599999999999994 -4.1 90 0 0
-8.2 32.599999999999994 0.0 90 0 0
-8.2 32.599999999999994 4.1 90 0 0
-8.2 32.599999999999994 8.2 90 0 0
-8.2 32.599999999999994 12.299999999999999 90 0 0
-8.2 32.599999999999994 16.4 90 0 0
-8.2 32.599999999999994 20.5 90 0 0
-4.1 -32.599999999999994 -20.5 -90 0 0
-4.1 -32.599999999999994 -16.4 -90 0 0
-4.1 -32.599999999999994 -12.299999999999999 -90 0 0
-4.1 -32.599999999999994 -8.2 -90 0 0
-4.1 -32.599999999999994 -4.1 -90 0 0
-4.1 -32.599999999999994 0.0 -90 0 0
-4.1 -32.599999999999994 4.1 -90 0 0
-4.1 -32.599999999999994 8.2 -90 0 0
-4.1 -32.599999999999994 12.299999999999999 -90 0 0
-4.1 -32.599999999999994 16.4 -90 0 0
-4.1 -32.599999999999994 20.5 -90 0 0
-4.1 -20.5 -32.599999999999994 180 0 0
-4.1 -20.5 32.599999999999994 0 0 0
-4.1 -16.4 -32.599999999999994 180 0 0
-4.1 -16.4 32.599999999999994 0 0 0
-4.1 -12.299999999999999 -32.599999999999994 180 0 0
-4.1 -12.299999999999999 32.599999999999994 0 0 0
-4.1 -8.2 -32.599999999999994 180 0 0
-4.1 -8.2 32.599999999999994 0 0 0
-4.1 -4.1 -32.599999999999994 180 0 0
-4.1 -4.1 32.599999999999994 0 0 0
-4.1 0.0 -32.599999999999994 180 0 0
-4.1 0.0 32.599999999999994 0 0 0
-4.1 4.1 -32.599999999999994 180 0 0
-4.1 4.1 32.599999999999994 0 0 0
-4.1 8.2 -32.599999999999994 180 0 0
-4.1 8.2 32.599999999999994 0 0 0
-4.1 12.299999999999999 -32.599999999999994 180 0 0
-4.1 12.299999999999999 32.599999999999994 0 0 0
-4.1 16.4 -32.599999999999994 180 0 0
-4.1 16.4 32.599999999999994 0 0 0
-4.1 20.5 -32.599999999999994 180 0 0
-4.1 20.5 32.599999999999994 0 0 0
-4.1 32.599999999999994 -20.5 90 0 0
-4.1 32.599999999999994 -16.4 90 0 0
-4.1 32.599999999999994 -12.299999999999999 90 0 0
-4.1 32.599999999999994 -8.2 90 0 0
-4.1 32.599999999999994 -4.1 90 0 0
-4.1 32.599999999999994 0.0 90 0 0
-4.1 32.599999999999994 4.1 90 0 0
-4.1 32.599999999999994 8.2 90 0 0
-4.1 32.599999999999994 12.299999999999999 90 0 0
-4.1 32.599999999999994 16.4 90 0 0
-4.1 32.599999999999994 20.5 90 0 0
0.0 -32.599999999999994 -20.5 -90 0 0
0.0 -32.599999999999994 -16.4 -90 0 0
0.0 -32.599999999999994 -12.299999999999999 -90 0 0
0.0 -32.599999999999994 -8.2 -90 0 0
0.0 -32.599999999999994 -4.1 -90 0 0
0.0 -32.599999999999994 0.0 -90 0 0
0.0 -32.599999999999994 4.1 -90 0 0
0.0 -32.599999999999994 8.2 -90 0 0
0.0 -32.599999999999994 12.299999999999999 -90 0 0
0.0 -32.599999999999994 16.4 -90 0 0
0.0 -32.599999999999994 20.5 -90 0 0
0.0 -20.5 -32.599999999999994 180 0 0
0.0 -20.5 32.599999999999994 0 0 0
0.0 -16.4 -32.599999999999994 180 0 0
0.0 -16.4 32.599999999999994 0 0 0
0.0 -12.299999999999999 -32.599999999999994 180 0 0
0.0 -12.299999999999999 32.599999999999994 0 0 0
0.0 -8.2 -32.599999999999994 180 0 0
0.0 -8.2 32.599999999999994 0 0 0
0.0 -4.1 -32.599999999999994 180 0 0
0.0 -4.1 32.599999999999994 0 0 0
0.0 0.0 -32.599999999999994 180 0 0
0.0 0.0 32.599999999999994 0 0 0
0.0 4.1 -32.599999999999994 180 0 0
0.0 4.1 32.599999999999994 0 0 0
0.0 8.2 -32.599999999999994 180 0 0
0.0 8.2 32.599999999999994 0 0 0
0.0 12.299999999999999 -32.599999999999994 180 0 0
0.0 12.299999999999999 32.599999999999994 0 0 0
0.0 16.4 -32.599999999999994 180 0 0
0.0 16.4 32.599999999999994 0 0 0
0.0 20.5 -32.599999999999994 180 0 0
0.0 20.5 32.599999999999994 0 0 0
0.0 32.599999999999994 -20.5 90 0 0
0.0 32.599999999999994 -16.4 90 0 0
0.0 32.599999999999994 -12.299999999999999 90 0 0
0.0 32.599999999999994 -8.2 90 0 0
0.0 32.599999999999994 -4.1 90 0 0
0.0 32.599999999999994 0.0 90 0 0
0.0 32.599999999999994 4.1 90 0 0
0.0 32.599999999999994 8.2 90 0 0
0.0 32.599999999999994 12.299999999999999 90 0 0
0.0 32.599999999999994 16.4 90 0 0
0.0 32.599999999999994 20.5 90 0 0
4.1 -32.599999999999994 -20.5 -90 0 0
4.1 -32.599999999999994 -16.4 -90 0 0
4.1 -32.599999999999994 -12.299999999999999 -90 0 0
4.1 -32.599999999999994 -8.2 -90 0 0
4.1 -32.599999999999994 -4.1 -90 0 0
4.1 -32.599999999999994 0.0 -90 0 0
4.1 -32.599999999999994 4.1 -90 0 0
4.1 -32.599999999999994 8.2 -90 0 0
4.1 -32.599999999999994 12.299999999999999 -90 0 0
4.1 -32.599999999999994 16.4 -90 0 0
4.1 -32.599999999999994 20.5 -90 0 0
4.1 -20.5 -32.599999999999994 180 0 0
4.1 -20.5 32.599999999999994 0 0 0
4.1 -16.4 -32.599999999999994 180 0 0
4.1 -16.4 32.599999999999994 0 0 0
4.1 -12.299999999999999 -32.599999999999994 180 0 0
4.1 -12.299999999999999 32.599999999999994 0 0 0
4.1 -8.2 -32.599999999999994 180 0 0
4.1 -8.2 32.599999999999994 0 0 0
4.1 -4.1 -32.599999999999994 180 0 0
4.1 -4.1 32.599999999999994 0 0 0
4.1 0.0 -32.599999999999994 180 0 0
4.1 0.0 32.599999999999994 0 0 0
4.1 4.1 -32.599999999999994 180 0 0
4.1 4.1 32.599999999999994 0 0 0
4.1 8.2 -32.599999999999994 180 0 0
4.1 8.2 32.599999999999994 0 0 0
4.1 12.299999999999999 -32.599999999999994 180 0 0
4.1 12.299999999999999 32.599999999999994 0 0 0
4.1 16.4 -32.599999999999994 180 0 0
4.1 16.4 32.599999999999994 0 0 0
4.1 20.5 -32.599999999999994 180 0 0
4.1 20.5 32.599999999999994 0 0 0
4.1 32.599999999999994 -20.5 90 0 0
4.1 32.599999999999994 -16.4 90 0 0
4.1 32.599999999999994 -12.299999999999999 90 0 0
4.1 32.599999999999994 -8.2 90 0 0
4.1 32.599999999999994 -4.1 90 0 0
4.1 32.599999999999994 0.0 90 0 0
4.1 32.599999999999994 4.1 90 0 0
4.1 32.599999999999994 8.2 90 0 0
4.1 32.599999999999994 12.299999999999999 90 0 0
4.1 32.599999999999994 16.4 90 0 0
4.1 32.599999999999994 20.5 90 0 0
8.2 -32.599999999999994 -20.5 -90 0 0
8.2 -32.599999999999994 -16.4 -90 0 0
8.2 -32.599999999999994 -12.299999999999999 -90 0 0
8.2 -32.599999999999994 -8.2 -90 0 0
8.2 -32.599999999999994 -4.1 -90 0 0
8.2 -32.599999999999994 0.0 -90 0 0
8.2 -32.599999999999994 4.1 -90 0 0
8.2 -32.599999999999994 8.2 -90 0 0
8.2 -32.599999999999994 12.299999999999999 -90 0 0
8.2 -32.599999999999994 16.4 -90 0 0
8.2 -32.599999999999994 20.5 -90 0 0
8.2 -20.5 -32.599999999999994 180 0 0
8.2 -20.5 32.599999999999994 0 0 0
8.2 -16.4 -32.599999999999994 180 0 0
8.2 -16.4 32.599999999999994 0 0 0
8.2 -12.299999999999999 -32.599999999999994 180 0 0
8.2 -12.299999999999999 32.599999999999994 0 0 0
8.2 -8.2 -32.599999999999994 180 0 0
8.2 -8.2 32.599999999999994 0 0 0
8.2 -4.1 -32.599999999999994 180 0 0
8.2 -4.1 32.599999999999994 0 0 0
8.2 0.0 -32.599999999999994 180 0 0
8.2 0.0 32.599999999999994 0 0 0
8.2 4.1 -32.599999999999994 180 0 0
8.2 4.1 32.599999999999994 0 0 0
8.2 8.2 -32.599999999999994 180 0 0
8.2 8.2 32.599999999999994 0 0 0
8.2 12.299999999999999 -32.599999999999994 180 0 0
8.2 12.299999999999999 32.599999999999994 0 0 0
8.2 16.4 -32.599999999999994 180 0 0
8.2 16.4 32.599999999999994 0 0 0
8.2 20.5 -32.599999999999994 180 0 0
8.2 20.5 32.599999999999994 0 0 0
8.2 32.599999999999994 -20.5 90 0 0
8.2 32.599999999999994 -16.4 90 0 0
8.2 32.599999999999994 -12.299999999999999 90 0 0
8.2 32.599999999999994 -8.2 90 0 0
8.2 32.599999999999994 -4.1 90 0 0
8.2 32.599999999999994 0.0 90 0 0
8.2 32.599999999999994 4.1 90 0 0
8.2 32.599999999999994 8.2 90 0 0
8.2 32.599999999999994 12.299999999999999 90 0 0
8.2 32.599999999999994 16.4 90 0 0
8.2 32.599999999999994 20.5 90 0 0
12.299999999999999 -32.599999999999994 -20.5 -90 0 0
12.299999999999999 -32.599999999999994 -16.4 -90 0 0
12.299999999999999 -32.599999999999994 -12.299999999999999 -90 0 0
12.299999999999999 -32.599999999999994 -8.2 -90 0 0
12.299999999999999 -32.599999999999994 -4.1 -90 0 0
12.299999999999999 -32.599999999999994 0.0 -90 0 0
12.299999999999999 -32.599999999999994 4.1 -90 0 0
12.299999999999999 -32.599999999999994 8.2 -90 0 0
12.299999999999999 -32.599999999999994 12.299999999999999 -90 0 0
12.299999999999999 -32.599999999999994 16.4 -90 0 0
12.299999999999999 -32.599999999999994 20.5 -90 0 0
12.299999999999999 -20.5 -32.599999999999994 180 0 0
12.299999999999999 -20.5 32.599999999999994 0 0 0
12.299999999999999 -16.4 -32.599999999999994 180 0 0
12.299999999999999 -16.4 32.599999999999994 0 0 0
12.299999999999999 -12.299999999999999 -32.599999999999994 180 0 0
12.299999999999999 -12.299999999999999 32.599999999999994 0 0 0
12.299999999999999 -8.2 -32.599999999999994 180 0 0
12.299999999999999 -8.2 32.599999999999994 0 0 0
12.299999999999999 -4.1 -32.599999999999994 180 0 0
12.299999999999999 -4.1 32.599999999999994 0 0 0
12.299999999999999 0.0 -32.599999999999994 180 0 0
12.299999999999999 0.0 32.599999999999994 0 0 0
12.299999999999999 4.1 -32.599999999999994 180 0 0
12.299999999999999 4.1 32.599999999999994 0 0 0
12.299999999999999 8.2 -32.599999999999994 180 0 0
12.299999999999999 8.2 32.599999999999994 0 0 0
12.299999999999999 12.299999999999999 -32.599999999999994 180 0 0
12.299999999999999 12.299999999999999 32.599999999999994 0 0 0
12.299999999999999 16.4 -32.599999999999994 180 0 0
12.299999999999999 16.4 32.599999999999994 0 0 0
12.299999999999999 20.5 -32.599999999999994 180 0 0
12.299999999999999 20.5 32.599999999999994 0 0 0
12.299999999999999 32.599999999999994 -20.5 90 0 0
12.299999999999999 32.599999999999994 -16.4 90 0 0
12.299999999999999 32.599999999999994 -12.299999999999999 90 0 0
12.299999999999999 32.599999999999994 -8.2 90 0 0
12.299999999999999 32.599999999999994 -4.1 90 0 0
12.299999999999999 32.599999999999994 0.0 90 0 0
12.299999999999999 32.599999999999994 4.1 90 0 0
12.299999999999999 32.599999999999994 8.2 90 0 0
12.299999999999999 32.599999999999994 12.299999999999999 90 0 0
12.299999999999999 32.599999999999994 16.4 90 0 0
12.299999999999999 32.599999999999994 20.5 90 0 0
16.4 -32.599999999999994 -20.5 -90 0 0
16.4 -32.599999999999994 -16.4 -90 0 0
16.4 -32.599999999999994 -12.299999999999999 -90 0 0
16.4 -32.599999999999994 -8.2 -90 0 0
16.4 -32.599999999999994 -4.1 -90 0 0
16.4 -32.599999999999994 0.0 -90 0 0
16.4 -32.599999999999994 4.1 -90 0 0
16.4 -32.599999999999994 8.2 -90 0 0
16.4 -32.599999999999994 12.299999999999999 -90 0 0
16.4 -32.599999999999994 16.4 -90 0 0
16.4 -32.599999999999994 20.5 -90 0 0
16.4 -20.5 -32.599999999999994 180 0 0
16.4 -20.5 32.599999999999994 0 0 0
16.4 -16.4 -32.599999999999994 180 0 0
16.4 -16.4 32.599999999999994 0 0 0
16.4 -12.299999999999999 -32.599999999999994 180 0 0
16.4 -12.299999999999999 32.599999999999994 0 0 0
16.4 -8.2 -32.599999999999994 180 0 0
16.4 -8.2 32.599999999999994 0 0 0
16.4 -4.1 -32.599999999999994 180 0 0
16.4 -4.1 32.599999999999994 0 0 0
16.4 0.0 -32.599999999999994 180 0 0
16.4 0.0 32.599999999999994 0 0 0
16.4 4.1 -32.599999999999994 180 0 0
16.4 4.1 32.599999999999994 0 0 0
16.4 8.2 -32.599999999999994 180 0 0
16.4 8.2 32.599999999999994 0 0 0
16.4 12.299999999999999 -32.599999999999994 180 0 0
16.4 12.299999999999999 32.599999999999994 0 0 0
16.4 16.4 -32.599999999999994 180 0 0
16.4 16.4 32.599999999999994 0 0 0
16.4 20.5 -32.599999999999994 180 0 0
16.4 20.5 32.599999999999994 0 0 0
16.4 32.599999999999994 -20.5 90 0 0
16.4 32.599999999999994 -16.4 90 0 0
16.4 32.599999999999994 -12.299999999999999 90 0 0
16.4 32.599999999999994 -8.2 90 0 0
16.4 32.599999999999994 -4.1 90 0 0
16.4 32.599999999999994 0.0 90 0 0
16.4 32.599999999999994 4.1 90 0 0
16.4 32.599999999999994 8.2 90 0 0
16.4 32.599999999999994 12.299999999999999 90 0 0
16.4 32.599999999999994 16.4 90 0 0
16.4 32.599999999999994 20.5 90 0 0
20.5 -32.599999999999994 -20.5 -90 0 0
20.5 -32.599999999999994 -16.4 -90 0 0
20.5 -32.599999999999994 -12.299999999999999 -90 0 0
20.5 -32.599999999999994 -8.2 -90 0 0
20.5 -32.599999999999994 -4.1 -90 0 0
20.5 -32.599999999999994 0.0 -90 0 0
20.5 -32.599999999999994 4.1 -90 0 0
20.5 -32.599999999999994 8.2 -90 0 0
20.5 -32.599999999999994 12.299999999999999 -90 0 0
20.5 -32.599999999999994 16.4 -90 0 0
20.5 -32.599999999999994 20.5 -90 0 0
20.5 -20.5 -32.599999999999994 180 0 0
20.5 -20.5 32.599999999999994 0 0 0
20.5 -16.4 -32.599999999999994 180 0 0
20.5 -16.4 32.599999999999994 0 0 0
20.5 -12.299999999999999 -32.599999999999994 180 0 0
20.5 -12.299999999999999 32.599999999999994 0 0 0
20.5 -8.2 -32.599999999999994 180 0 0
20.5 -8.2 32.599999999999994 0 0 0
20.5 -4.1 -32.599999999999994 180 0 0
20.5 -4.1 32.599999999999994 0 0 0
20.5 0.0 -32.599999999999994 180 0 0
20.5 0.0 32.599999999999994 0 0 0
20.5 4.1 -32.599999999999994 180 0 0
20.5 4.1 32.599999999999994 0 0 0
20.5 8.2 -32.599999999999994 180 0 0
20.5 8.2 32.599999999999994 0 0 0
20.5 12.299999999999999 -32.599999999999994 180 0 0
20.5 12.299999999999999 32.599999999999994 0 0 0
20.5 16.4 -32.599999999999994 180 0 0
20.5 16.4 32.599999999999994 0 0 0
20.5 20.5 -32.599999999999994 180 0 0
20.5 20.5 32.599999999999994 0 0 0
20.5 32.599999999999994 -20.5 90 0 0
20.5 32.599999999999994 -16.4 90 0 0
20.5 32.599999999999994 -12.299999999999999 90 0 0
20.5 32.599999999999994 -8.2 90 0 0
20.5 32.599999999999994 -4.1 90 0 0
20.5 32.599999999999994 0.0 90 0 0
20.5 32.599999999999994 4.1 90 0 0
20.5 32.599999999999994 8.2 90 0 0
20.5 32.599999999999994 12.299999999999999 90 0 0
20.5 32.599999999999994 16.4 90 0 0
20.5 32.599999999999994 20.5 90 0 0
32.599999999999994 -20.5 -20.5 0 90 0
32.599999999999994 -20.5 -16.4 0 90 0
32.599999999999994 -20.5 -12.299999999999999 0 90 0
32.599999999999994 -20.5 -8.2 0 90 0
32.599999999999994 -20.5 -4.1 0 90 0
32.599999999999994 -20.5 0.0 0 90 0
32.599999999999994 -20.5 4.1 0 90 0
32.599999999999994 -20.5 8.2 0 90 0
32.599999999999994 -20.5 12.299999999999999 0 90 0
32.599999999999994 -20.5 16.4 0 90 0
32.599999999999994 -20.5 20.5 0 90 0
32.599999999999994 -16.4 -20.5 0 90 0
32.599999999999994 -16.4 -16.4 0 90 0
32.599999999999994 -16.4 -12.299999999999999 0 90 0
32.599999999999994 -16.4 -8.2 0 90 0
32.599999999999994 -16.4 -4.1 0 90 0
32.599999999999994 -16.4 0.0 0 90 0
32.599999999999994 -16.4 4.1 0 90 0
32.599999999999994 -16.4 8.2 0 90 0
32.599999999999994 -16.4 12.299999999999999 0 90 0
32.599999999999994 -16.4 16.4 0 90 0
32.599999999999994 -16.4 20.5 0 90 0
32.599999999999994 -12.299999999999999 -20.5 0 90 0
32.599999999999994 -12.299999999999999 -16.4 0 90 0
32.599999999999994 -12.299999999999999 -12.299999999999999 0 90 0
32.599999999999994 -12.299999999999999 -8.2 0 90 0
32.599999999999994 -12.299999999999999 -4.1 0 90 0
32.599999999999994 -12.299999999999999 0.0 0 90 0
32.599999999999994 -12.299999999999999 4.1 0 90 0
32.599999999999994 -12.299999999999999 8.2 0 90 0
32.599999999999994 -12.299999999999999 12.299999999999999 0 90 0
32.599999999999994 -12.299999999999999 16.4 0 90 0
32.599999999999994 -12.299999999999999 20.5 0 90 0
32.599999999999994 -8.2 -20.5 0 90 0
32.599999999999994 -8.2 -16.4 0 90 0
32.599999999999994 -8.2 -12.299999999999999 0 90 0
32.599999999999994 -8.2 -8.2 0 90 0
32.599999999999994 -8.2 -4.1 0 90 0
32.599999999999994 -8.2 0.0 0 90 0
32.599999999999994 -8.2 4.1 0 90 0
32.599999999999994 -8.2 8.2 0 90 0
32.599999999999994 -8.2 12.299999999999999 0 90 0
32.599999999999994 -8.2 16.4 0 90 0
32.599999999999994 -8.2 20.5 0 90 0
32.599999999999994 -4.1 -20.5 0 90 0
32.599999999999994 -4.1 -16.4 0 90 0
32.599999999999994 -4.1 -12.299999999999999 0 90 0
32.599999999999994 -4.1 -8.2 0 90 0
32.599999999999994 -4.1 -4.1 0 90 0
32.599999999999994 -4.1 0.0 0 90 0
32.599999999999994 -4.1 4.1 0 90 0
32.599999999999994 -4.1 8.2 0 90 0
32.599999999999994 -4.1 12.299999999999999 0 90 0
32.599999999999994 -4.1 16.4 0 90 0
32.599999999999994 -4.1 20.5 0 90 0
32.599999999999994 0.0 -20.5 0 90 0
32.599999999999994 0.0 -16.4 0 90 0
32.599999999999994 0.0 -12.299999999999999 0 90 0
32.599999999999994 0.0 -8.2 0 90 0
32.599999999999994 0.0 -4.1 0 90 0
32.599999999999994 0.0 0.0 0 90 0
32.599999999999994 0.0 4.1 0 90 0
32.599999999999994 0.0 8.2 0 90 0
32.599999999999994 0.0 12.299999999999999 0 90 0
32.599999999999994 0.0 16.4 0 90 0
32.599999999999994 0.0 20.5 0 90 0
32.599999999999994 4.1 -20.5 0 90 0
32.599999999999994 4.1 -16.4 0 90 0
32.599999999999994 4.1 -12.299999999999999 0 90 0
32.599999999999994 4.1 -8.2 0 90 0
32.599999999999994 4.1 -4.1 0 90 0
32.599999999999994 4.1 0.0 0 90 0
32.599999999999994 4.1 4.1 0 90 0
32.599999999999994 4.1 8.2 0 90 0
32.599999999999994 4.1 12.299999999999999 0 90 0
32.599999999999994 4.1 16.4 0 90 0
32.599999999999994 4.1 20.5 0 90 0
32.599999999999994 8.2 -20.5 0 90 0
32.599999999999994 8.2 -16.4 0 90 0
32.599999999999994 8.2 -12.299999999999999 0 90 0
32.599999999999994 8.2 -8.2 0 90 0
32.599999999999994 8.2 -4.1 0 90 0
32.599999999999994 8.2 0.0 0 90 0
32.599999999999994 8.2 4.1 0 90 0
32.599999999999994 8.2 8.2 0 90 0
32.599999999999994 8.2 12.299999999999999 0 90 0
32.599999999999994 8.2 16.4 0 90 0
32.599999999999994 8.2 20.5 0 90 0
32.599999999999994 12.299999999999999 -20.5 0 90 0
32.599999999999994 12.299999999999999 -16.4 0 90 0
32.599999999999994 12.299999999999999 -12.299999999999999 0 90 0
32.599999999999994 12.299999999999999 -8.2 0 90 0
32.599999999999994 12.299999999999999 -4.1 0 90 0
32.599999999999994 12.299999999999999 0.0 0 90 0
32.599999999999994 12.299999999999999 4.1 0 90 0
32.599999999999994 12.299999999999999 8.2 0 90 0
32.599999999999994 12.299999999999999 12.299999999999999 0 90 0
32.599999999999994 12.299999999999999 16.4 0 90 0
32.599999999999994 12.299999999999999 20.5 0 90 0
32.599999999999994 16.4 -20.5 0 90 0
32.599999999999994 16.4 -16.4 0 90 0
32.599999999999994 16.4 -12.299999999999999 0 90 0
32.599999999999994 16.4 -8.2 0 90 0
32.599999999999994 16.4 -4.1 0 90 0
32.599999999999994 16.4 0.0 0 90 0
32.599999999999994 16.4 4.1 0 90 0
32.599999999999994 16.4 8.2 0 90 0
32.599999999999994 16.4 12.299999999999999 0 90 0
32.599999999999994 16.4 16.4 0 90 0
32.599999999999994 16.4 20.5 0 90 0
32.599999999999994 20.5 -20.5 0 90 0
32.599999999999994 20.5 -16.4 0 90 0
32.599999999999994 20.5 -12.299999999999999 0 90 0
32.599999999999994 20.5 -8.2 0 90 0
32.599999999999994 20.5 -4.1 0 90 0
32.599999999999994 20.5 0.0 0 90 0
32.599999999999994 20.5 4.1 0 90 0
32.599999999999994 20.5 8.2 0 90 0
32.599999999999994 20.5 12.299999999999999 0 90 0
32.599999999999994 20.5 16.4 0 90 0
32.599999999999994 20.5 20.5 0 90 0
