-38.959999999999994 -38.959999999999994 -30.55 180 0 0
-38.959999999999994 -38.959999999999994 30.55 0 0 0
-38.959999999999994 -34.86 -30.55 180 0 0
-38.959999999999994 -34.86 30.55 0 0 0
-38.959999999999994 -30.759999999999998 -30.55 180 0 0
-38.959999999999994 -30.759999999999998 30.55 0 0 0
-38.959999999999994 -30.55 -14.349999999999998 90 0 0
-38.959999999999994 -30.55 -6.1499999999999995 90 0 0
-38.959999999999994 -30.55 2.05 90 0 0
-38.959999999999994 -30.55 10.25 90 0 0
-38.959999999999994 -30.55 18.45 90 0 0
-38.959999999999994 -26.66 -30.55 180 0 0
-38.959999999999994 -26.66 30.55 0 0 0
-38.959999999999994 -22.56 -30.55 180 0 0
-38.959999999999994 -22.56 30.55 0 0 0
-38.959999999999994 -14.349999999999998 -30.55 180 0 0
-38.959999999999994 -14.349999999999998 30.55 0 0 0
-38.959999999999994 -6.1499999999999995 -30.55 180 0 0
-38.959999999999994 -6.1499999999999995 30.55 0 0 0
-38.959999999999994 2.05 -30.55 180 0 0
-38.959999999999994 2.05 30.55 0 0 0
-38.959999999999994 10.25 -30.55 180 0 0
-38.959999999999994 10.25 30.55 0 0 0
-38.959999999999994 18.45 -30.55 180 0 0
-38.959999999999994 18.45 30.55 0 0 0
-38.959999999999994 22.56 -30.55 180 0 0
-38.959999999999994 22.56 30.55 0 0 0
-38.959999999999994 26.66 -30.55 180 0 0
-38.959999999999994 26.66 30.55 0 0 0
-38.959999999999994 30.55 -14.349999999999998 -90 0 0
-38.959999999999994 30.55 -6.1499999999999995 -90 0 0
-38.959999999999994 30.55 2.05 -90 0 0
-38.959999999999994 30.55 10.25 -90 0 0
-38.959999999999994 30.55 18.45 -90 0 0
-38.959999999999994 30.759999999999998 -30.55 180 0 0
-38.959999999999994 30.759999999999998 30.55 0 0 0
-38.959999999999994 34.86 -30.55 180 0 0
-38.959999999999994 34.86 30.55 0 0 0
-38.959999999999994 38.959999999999994 -30.55 180 0 0
-38.959999999999994 38.959999999999994 30.55 0 0 0
-34.86 -30.55 -38.959999999999994 90 0 0
-34.86 -30.55 -34.86 90 0 0
-34.86 -30.55 -30.759999999999998 90 0 0
-34.86 -30.55 -26.66 90 0 0
-34.86 -30.55 -22.56 90 0 0
-34.86 -30.55 -14.349999999999998 90 0 0
-34.86 -30.55 -6.1499999999999995 90 0 0
-34.86 -30.55 2.05 90 0 0
-34.86 -30.55 10.25 90 0 0
-34.86 -30.55 18.45 90 0 0
-34.86 -30.55 22.56 90 0 0
-34.86 -30.55 26.66 90 0 0
-34.86 -30.55 30.759999999999998 90 0 0
-34.86 -30.55 34.86 90 0 0
-34.86 -30.55 38.959999999999994 90 0 0
-34.86 -14.349999999999998 -30.55 180 0 0
-34.86 -14.349999999999998 30.55 0 0 0
-34.86 -6.1499999999999995 -30.55 180 0 0
-34.86 -6.1499999999999995 30.55 0 0 0
-34.86 2.05 -30.55 180 0 0
-34.86 2.05 30.55 0 0 0
-34.86 10.25 -30.55 180 0 0
-34.86 10.25 30.55 0 0 0
-34.86 18.45 -30.55 180 0 0
-34.86 18.45 30.55 0 0 0
-34.86 30.55 -38.959999999999994 -90 0 0
-34.86 30.55 -34.86 -90 0 0
-34.86 30.55 -30.759999999999998 -90 0 0
-34.86 30.55 -26.66 -90 0 0
-34.86 30.55 -22.56 -90 0 0
-34.86 30.55 -14.349999999999998 -90 0 0
-34.86 30.55 -6.1499999999999995 -90 0 0
-34.86 30.55 2.05 -90 0 0
-34.86 30.55 10.25 -90 0 0
-34.86 30.55 18.45 -90 0 0
-34.86 30.55 22.56 -90 0 0
-34.86 30.55 26.66 -90 0 0
-34.86 30.55 30.759999999999998 -90 0 0
-34.86 30.55 34.86 -90 0 0
-34.86 30.55 38.959999999999994 -90 0 0
-30.759999999999998 -38.959999999999994 -30.55 180 0 0
-30.759999999999998 -38.959999999999994 30.55 0 0 0
-30.759999999999998 -34.86 -30.55 180 0 0
-30.759999999999998 -34.86 30.55 0 0 0
-30.759999999999998 -30.759999999999998 -30.55 180 0 0
-30.759999999999998 -30.759999999999998 30.55 0 0 0
-30.759999999999998 -30.55 -14.349999999999998 90 0 0
-30.759999999999998 -30.55 -6.1499999999999995 90 0 0
-30.759999999999998 -30.55 2.05 90 0 0
-30.759999999999998 -30.55 10.25 90 0 0
-30.759999999999998 -30.55 18.45 90 0 0
-30.759999999999998 -26.66 -30.55 180 0 0
-30.759999999999998 -26.66 30.55 0 0 0
-30.759999999999998 -22.56 -30.55 180 0 0
-30.759999999999998 -22.56 30.55 0 0 0
-30.759999999999998 -14.349999999999998 -30.55 180 0 0
-30.759999999999998 -14.349999999999998 30.55 0 0 0
-30.759999999999998 -6.1499999999999995 -30.55 180 0 0
-30.759999999999998 -6.1499999999999995 30.55 0 0 0
-30.759999999999998 2.05 -30.55 180 0 0
-30.759999999999998 2.05 30.55 0 0 0
-30.759999999999998 10.25 -30.55 180 0 0
-30.759999999999998 10.25 30.55 0 0 0
-30.759999999999998 18.45 -30.55 180 0 0
-30.759999999999998 18.45 30.55 0 0 0
-30.759999999999998 22.56 -30.55 180 0 0
-30.759999999999998 22.56 30.55 0 0 0
-30.759999999999998 26.66 -30.55 180 0 0
-30.759999999999998 26.66 30.55 0 0 0
-30.759999999999998 30.55 -14.349999999999998 -90 0 0
-30.759999999999998 30.55 -6.1499999999999995 -90 0 0
-30.759999999999998 30.55 2.05 -90 0 0
-30.759999999999998 30.55 10.25 -90 0 0
-30.759999999999998 30.55 18.45 -90 0 0
-30.759999999999998 30.759999999999998 -30.55 180 0 0
-30.759999999999998 30.759999999999998 30.55 0 0 0
-30.759999999999998 34.86 -30.55 180 0 0
-30.759999999999998 34.86 30.55 0 0 0
-30.759999999999998 38.959999999999994 -30.55 180 0 0
-30.759999999999998 38.959999999999994 30.55 0 0 0
-30.55 -38.959999999999994 -18.45 0 -90 0
-30.55 -38.959999999999994 -10.25 0 -90 0
-30.55 -38.959999999999994 -2.05 0 -90 0
-30.55 -38.959999999999994 6.1499999999999995 0 -90 0
-30.55 -38.959999999999994 14.349999999999998 0 -90 0
-30.55 -34.86 -18.45 0 -90 0
-30.55 -34.86 -10.25 0 -90 0
-30.55 -34.86 -2.05 0 -90 0
-30.55 -34.86 6.1499999999999995 0 -90 0
-30.55 -34.86 14.349999999999998 0 -90 0
-30.55 -30.759999999999998 -18.45 0 -90 0
-30.55 -30.759999999999998 -10.25 0 -90 0
-30.55 -30.759999999999998 -2.05 0 -90 0
-30.55 -30.759999999999998 6.1499999999999995 0 -90 0
-30.55 -30.759999999999998 14.349999999999998 0 -90 0
-30.55 -26.66 -18.45 0 -90 0
-30.55 -26.66 -10.25 0 -90 0
-30.55 -26.66 -2.05 0 -90 0
-30.55 -26.66 6.1499999999999995 0 -90 0
-30.55 -26.66 14.349999999999998 0 -90 0
-30.55 -22.56 -18.45 0 -90 0
-30.55 -22.56 -10.25 0 -90 0
-30.55 -22.56 -2.05 0 -90 0
-30.55 -22.56 6.1499999999999995 0 -90 0
-30.55 -22.56 14.349999999999998 0 -90 0
-30.55 -18.45 -38.959999999999994 0 -90 0
-30.55 -18.45 -34.86 0 -90 0
-30.55 -18.45 -30.759999999999998 0 -90 0
-30.55 -18.45 -26.66 0 -90 0
-30.55 -18.45 -22.56 0 -90 0
-30.55 -18.45 -18.45 0 -90 0
-30.55 -18.45 -14.349999999999998 0 -90 0
-30.55 -18.45 -10.25 0 -90 0
-30.55 -18.45 -6.1499999999999995 0 -90 0
-30.55 -18.45 -2.05 0 -90 0
-30.55 -18.45 2.05 0 -90 0
-30.55 -18.45 6.1499999999999995 0 -90 0
-30.55 -18.45 10.25 0 -90 0
-30.55 -18.45 14.349999999999998 0 -90 0
-30.55 -18.45 18.45 0 -90 0
-30.55 -18.45 22.56 0 -90 0
-30.55 -18.45 26.66 0 -90 0
-30.55 -18.45 30.759999999999998 0 -90 0
-30.55 -18.45 34.86 0 -90 0
-30.55 -18.45 38.959999999999994 0 -90 0
-30.55 -14.349999999999998 -18.45 0 -90 0
-30.55 -14.349999999999998 -14.349999999999998 0 -90 0
-30.55 -14.349999999999998 -10.25 0 -90 0
-30.55 -14.349999999999998 -6.1499999999999995 0 -90 0
-30.55 -14.349999999999998 -2.05 0 -90 0
-30.55 -14.349999999999998 2.05 0 -90 0
-30.55 -14.349999999999998 6.1499999999999995 0 -90 0
-30.55 -14.349999999999998 10.25 0 -90 0
-30.55 -14.349999999999998 14.349999999999998 0 -90 0
-30.55 -14.349999999999998 18.45 0 -90 0
-30.55 -10.25 -38.959999999999994 0 -90 0
-30.55 -10.25 -34.86 0 -90 0
-30.55 -10.25 -30.759999999999998 0 -90 0
-30.55 -10.25 -26.66 0 -90 0
-30.55 -10.25 -22.56 0 -90 0
-30.55 -10.25 -18.45 0 -90 0
-30.55 -10.25 -14.349999999999998 0 -90 0
-30.55 -10.25 -10.25 0 -90 0
-30.55 -10.25 -6.1499999999999995 0 -90 0
-30.55 -10.25 -2.05 0 -90 0
-30.55 -10.25 2.05 0 -90 0
-30.55 -10.25 6.1499999999999995 0 -90 0
-30.55 -10.25 10.25 0 -90 0
-30.55 -10.25 14.349999999999998 0 -90 0
-30.55 -10.25 18.45 0 -90 0
-30.55 -10.25 22.56 0 -90 0
-30.55 -10.25 26.66 0 -90 0
-30.55 -10.25 30.759999999999998 0 -90 0
-30.55 -10.25 34.86 0 -90 0
-30.55 -10.25 38.959999999999994 0 -90 0
-30.55 -6.1499999999999995 -18.45 0 -90 0
-30.55 -6.1499999999999995 -14.349999999999998 0 -90 0
-30.55 -6.1499999999999995 -10.25 0 -90 0
-30.55 -6.1499999999999995 -6.1499999999999995 0 -90 0
-30.55 -6.1499999999999995 -2.05 0 -90 0
-30.55 -6.1499999999999995 2.05 0 -90 0
-30.55 -6.1499999999999995 6.1499999999999995 0 -90 0
-30.55 -6.1499999999999995 10.25 0 -90 0
-30.55 -6.1499999999999995 14.349999999999998 0 -90 0
-30.55 -6.1499999999999995 18.45 0 -90 0
-30.55 -2.05 -38.959999999999994 0 -90 0
-30.55 -2.05 -34.86 0 -90 0
-30.55 -2.05 -30.759999999999998 0 -90 0
-30.55 -2.05 -26.66 0 -90 0
-30.55 -2.05 -22.56 0 -90 0
-30.55 -2.05 -18.45 0 -90 0
-30.55 -2.05 -14.349999999999998 0 -90 0
-30.55 -2.05 -10.25 0 -90 0
-30.55 -2.05 -6.1499999999999995 0 -90 0
-30.55 -2.05 -2.05 0 -90 0
-30.55 -2.05 2.05 0 -90 0
-30.55 -2.05 6.1499999999999995 0 -90 0
-30.55 -2.05 10.25 0 -90 0
-30.55 -2.05 14.349999999999998 0 -90 0
-30.55 -2.05 18.45 0 -90 0
-30.55 -2.05 22.56 0 -90 0
-30.55 -2.05 26.66 0 -90 0
-30.55 -2.05 30.759999999999998 0 -90 0
-30.55 -2.05 34.86 0 -90 0
-30.55 -2.05 38.959999999999994 0 -90 0
-30.55 2.05 -18.45 0 -90 0
-30.55 2.05 -14.349999999999998 0 -90 0
-30.55 2.05 -10.25 0 -90 0
-30.55 2.05 -6.1499999999999995 0 -90 0
-30.55 2.05 -2.05 0 -90 0
-30.55 2.05 2.05 0 -90 0
-30.55 2.05 6.1499999999999995 0 -90 0
-30.55 2.05 10.25 0 -90 0
-30.55 2.05 14.349999999999998 0 -90 0
-30.55 2.05 18.45 0 -90 0
-30.55 6.1499999999999995 -38.959999999999994 0 -90 0
-30.55 6.1499999999999995 -34.86 0 -90 0
-30.55 6.1499999999999995 -30.759999999999998 0 -90 0
-30.55 6.1499999999999995 -26.66 0 -90 0
-30.55 6.1499999999999995 -22.56 0 -90 0
-30.55 6.1499999999999995 -18.45 0 -90 0
-30.55 6.1499999999999995 -14.349999999999998 0 -90 0
-30.55 6.1499999999999995 -10.25 0 -90 0
-30.55 6.1499999999999995 -6.1499999999999995 0 -90 0
-30.55 6.1499999999999995 -2.05 0 -90 0
-30.55 6.1499999999999995 2.05 0 -90 0
-30.55 6.1499999999999995 6.1499999999999995 0 -90 0
-30.55 6.1499999999999995 10.25 0 -90 0
-30.55 6.1499999999999995 14.349999999999998 0 -90 0
-30.55 6.1499999999999995 18.45 0 -90 0
-30.55 6.1499999999999995 22.56 0 -90 0
-30.55 6.1499999999999995 26.66 0 -90 0
-30.55 6.1499999999999995 30.759999999999998 0 -90 0
-30.55 6.1499999999999995 34.86 0 -90 0
-30.55 6.1499999999999995 38.959999999999994 0 -90 0
-30.55 10.25 -18.45 0 -90 0
-30.55 10.25 -14.349999999999998 0 -90 0
-30.55 10.25 -10.25 0 -90 0
-30.55 10.25 -6.1499999999999995 0 -90 0
-30.55 10.25 -2.05 0 -90 0
-30.55 10.25 2.05 0 -90 0
-30.55 10.25 6.1499999999999995 0 -90 0
-30.55 10.25 10.25 0 -90 0
-30.55 10.25 14.349999999999998 0 -90 0
-30.55 10.25 18.45 0 -90 0
-30.55 14.349999999999998 -38.959999999999994 0 -90 0
-30.55 14.349999999999998 -34.86 0 -90 0
-30.55 14.349999999999998 -30.759999999999998 0 -90 0
-30.55 14.349999999999998 -26.66 0 -90 0
-30.55 14.349999999999998 -22.56 0 -90 0
-30.55 14.349999999999998 -18.45 0 -90 0
-30.55 14.349999999999998 -14.349999999999998 0 -90 0
-30.55 14.349999999999998 -10.25 0 -90 0
-30.55 14.349999999999998 -6.1499999999999995 0 -90 0
-30.55 14.349999999999998 -2.05 0 -90 0
-30.55 14.349999999999998 2.05 0 -90 0
-30.55 14.349999999999998 6.1499999999999995 0 -90 0
-30.55 14.349999999999998 10.25 0 -90 0
-30.55 14.349999999999998 14.349999999999998 0 -90 0
-30.55 14.349999999999998 18.45 0 -90 0
-30.55 14.349999999999998 22.56 0 -90 0
-30.55 14.349999999999998 26.66 0 -90 0
-30.55 14.349999999999998 30.759999999999998 0 -90 0
-30.55 14.349999999999998 34.86 0 -90 0
-30.55 14.349999999999998 38.959999999999994 0 -90 0
-30.55 18.45 -18.45 0 -90 0
-30.55 18.45 -14.349999999999998 0 -90 0
-30.55 18.45 -10.25 0 -90 0
-30.55 18.45 -6.1499999999999995 0 -90 0
-30.55 18.45 -2.05 0 -90 0
-30.55 18.45 2.05 0 -90 0
-30.55 18.45 6.1499999999999995 0 -90 0
-30.55 18.45 10.25 0 -90 0
-30.55 18.45 14.349999999999998 0 -90 0
-30.55 18.45 18.45 0 -90 0
-30.55 22.56 -18.45 0 -90 0
-30.55 22.56 -10.25 0 -90 0
-30.55 22.56 -2.05 0 -90 0
-30.55 22.56 6.1499999999999995 0 -90 0
-30.55 22.56 14.349999999999998 0 -90 0
-30.55 26.66 -18.45 0 -90 0
-30.55 26.66 -10.25 0 -90 0
-30.55 26.66 -2.05 0 -90 0
-30.55 26.66 6.1499999999999995 0 -90 0
-30.55 26.66 14.349999999999998 0 -90 0
-30.55 30.759999999999998 -18.45 0 -90 0
-30.55 30.759999999999998 -10.25 0 -90 0
-30.55 30.759999999999998 -2.05 0 -90 0
-30.55 30.759999999999998 6.1499999999999995 0 -90 0
-30.55 30.759999999999998 14.349999999999998 0 -90 0
-30.55 34.86 -18.45 0 -90 0
-30.55 34.86 -10.25 0 -90 0
-30.55 34.86 -2.05 0 -90 0
-30.55 34.86 6.1499999999999995 0 -90 0
-30.55 34.86 14.349999999999998 0 -90 0
-30.55 38.959999999999994 -18.45 0 -90 0
-30.55 38.959999999999994 -10.25 0 -90 0
-30.55 38.959999999999994 -2.05 0 -90 0
-30.55 38.959999999999994 6.1499999999999995 0 -90 0
-30.55 38.959999999999994 14.349999999999998 0 -90 0
-26.66 -30.55 -38.959999999999994 90 0 0
-26.66 -30.55 -34.86 90 0 0
-26.66 -30.55 -30.759999999999998 90 0 0
-26.66 -30.55 -26.66 90 0 0
-26.66 -30.55 -22.56 90 0 0
-26.66 -30.55 -14.349999999999998 90 0 0
-26.66 -30.55 -6.1499999999999995 90 0 0
-26.66 -30.55 2.05 90 0 0
-26.66 -30.55 10.25 90 0 0
-26.66 -30.55 18.45 90 0 0
-26.66 -30.55 22.56 90 0 0
-26.66 -30.55 26.66 90 0 0
-26.66 -30.55 30.759999999999998 90 0 0
-26.66 -30.55 34.86 90 0 0
-26.66 -30.55 38.959999999999994 90 0 0
-26.66 -14.349999999999998 -30.55 180 0 0
-26.66 -14.349999999999998 30.55 0 0 0
-26.66 -6.1499999999999995 -30.55 180 0 0
-26.66 -6.1499999999999995 30.55 0 0 0
-26.66 2.05 -30.55 180 0 0
-26.66 2.05 30.55 0 0 0
-26.66 10.25 -30.55 180 0 0
-26.66 10.25 30.55 0 0 0
-26.66 18.45 -30.55 180 0 0
-26.66 18.45 30.55 0 0 0
-26.66 30.55 -38.959999999999994 -90 0 0
-26.66 30.55 -34.86 -90 0 0
-26.66 30.55 -30.759999999999998 -90 0 0
-26.66 30.55 -26.66 -90 0 0
-26.66 30.55 -22.56 -90 0 0
-26.66 30.55 -14.349999999999998 -90 0 0
-26.66 30.55 -6.1499999999999995 -90 0 0
-26.66 30.55 2.05 -90 0 0
-26.66 30.55 10.25 -90 0 0
-26.66 30.55 18.45 -90 0 0
-26.66 30.55 22.56 -90 0 0
-26.66 30.55 26.66 -90 0 0
-26.66 30.55 30.759999999999998 -90 0 0
-26.66 30.55 34.86 -90 0 0
-26.66 30.55 38.959999999999994 -90 0 0
-22.56 -38.959999999999994 -30.55 180 0 0
-22.56 -38.959999999999994 30.55 0 0 0
-22.56 -34.86 -30.55 180 0 0
-22.56 -34.86 30.55 0 0 0
-22.56 -30.759999999999998 -30.55 180 0 0
-22.56 -30.759999999999998 30.55 0 0 0
-22.56 -30.55 -14.349999999999998 90 0 0
-22.56 -30.55 -6.1499999999999995 90 0 0
-22.56 -30.55 2.05 90 0 0
-22.56 -30.55 10.25 90 0 0
-22.56 -30.55 18.45 90 0 0
-22.56 -26.66 -30.55 180 0 0
-22.56 -26.66 30.55 0 0 0
-22.56 -22.56 -30.55 180 0 0
-22.56 -22.56 30.55 0 0 0
-22.56 -14.349999999999998 -30.55 180 0 0
-22.56 -14.349999999999998 30.55 0 0 0
-22.56 -6.1499999999999995 -30.55 180 0 0
-22.56 -6.1499999999999995 30.55 0 0 0
-22.56 2.05 -30.55 180 0 0
-22.56 2.05 30.55 0 0 0
-22.56 10.25 -30.55 180 0 0
-22.56 10.25 30.55 0 0 0
-22.56 18.45 -30.55 180 0 0
-22.56 18.45 30.55 0 0 0
-22.56 22.56 -30.55 180 0 0
-22.56 22.56 30.55 0 0 0
-22.56 26.66 -30.55 180 0 0
-22.56 26.66 30.55 0 0 0
-22.56 30.55 -14.349999999999998 -90 0 0
-22.56 30.55 -6.1499999999999995 -90 0 0
-22.56 30.55 2.05 -90 0 0
-22.56 30.55 10.25 -90 0 0
-22.56 30.55 18.45 -90 0 0
-22.56 30.759999999999998 -30.55 180 0 0
-22.56 30.759999999999998 30.55 0 0 0
-22.56 34.86 -30.55 180 0 0
-22.56 34.86 30.55 0 0 0
-22.56 38.959999999999994 -30.55 180 0 0
-22.56 38.959999999999994 30.55 0 0 0
-18.45 -30.55 -38.959999999999994 90 0 0
-18.45 -30.55 -34.86 90 0 0
-18.45 -30.55 -30.759999999999998 90 0 0
-18.45 -30.55 -26.66 90 0 0
-18.45 -30.55 -22.56 90 0 0
-18.45 -30.55 -18.45 90 0 0
-18.45 -30.55 -14.349999999999998 90 0 0
-18.45 -30.55 -10.25 90 0 0
-18.45 -30.55 -6.1499999999999995 90 0 0
-18.45 -30.55 -2.05 90 0 0
-18.45 -30.55 2.05 90 0 0
-18.45 -30.55 6.1499999999999995 90 0 0
-18.45 -30.55 10.25 90 0 0
-18.45 -30.55 14.349999999999998 90 0 0
-18.45 -30.55 18.45 90 0 0
-18.45 -30.55 22.56 90 0 0
-18.45 -30.55 26.66 90 0 0
-18.45 -30.55 30.759999999999998 90 0 0
-18.45 -30.55 34.86 90 0 0
-18.45 -30.55 38.959999999999994 90 0 0
-18.45 -18.45 -30.55 180 0 0
-18.45 -18.45 30.55 0 0 0
-18.45 -14.349999999999998 -30.55 180 0 0
-18.45 -14.349999999999998 30.55 0 0 0
-18.45 -10.25 -30.55 180 0 0
-18.45 -10.25 30.55 0 0 0
-18.45 -6.1499999999999995 -30.55 180 0 0
-18.45 -6.1499999999999995 30.55 0 0 0
-18.45 -2.05 -30.55 180 0 0
-18.45 -2.05 30.55 0 0 0
-18.45 2.05 -30.55 180 0 0
-18.45 2.05 30.55 0 0 0
-18.45 6.1499999999999995 -30.55 180 0 0
-18.45 6.1499999999999995 30.55 0 0 0
-18.45 10.25 -30.55 180 0 0
-18.45 10.25 30.55 0 0 0
-18.45 14.349999999999998 -30.55 180 0 0
-18.45 14.349999999999998 30.55 0 0 0
-18.45 18.45 -30.55 180 0 0
-18.45 18.45 30.55 0 0 0
-18.45 30.55 -38.959999999999994 -90 0 0
-18.45 30.55 -34.86 -90 0 0
-18.45 30.55 -30.759999999999998 -90 0 0
-18.45 30.55 -26.66 -90 0 0
-18.45 30.55 -22.56 -90 0 0
-18.45 30.55 -18.45 -90 0 0
-18.45 30.55 -14.349999999999998 -90 0 0
-18.45 30.55 -10.25 -90 0 0
-18.45 30.55 -6.1499999999999995 -90 0 0
-18.45 30.55 -2.05 -90 0 0
-18.45 30.55 2.05 -90 0 0
-18.45 30.55 6.1499999999999995 -90 0 0
-18.45 30.55 10.25 -90 0 0
-18.45 30.55 14.349999999999998 -90 0 0
-18.45 30.55 18.45 -90 0 0
-18.45 30.55 22.56 -90 0 0
-18.45 30.55 26.66 -90 0 0
-18.45 30.55 30.759999999999998 -90 0 0
-18.45 30.55 34.86 -90 0 0
-18.45 30.55 38.959999999999994 -90 0 0
-14.349999999999998 -38.959999999999994 -30.55 180 0 0
-14.349999999999998 -38.959999999999994 30.55 0 0 0
-14.349999999999998 -34.86 -30.55 180 0 0
-14.349999999999998 -34.86 30.55 0 0 0
-14.349999999999998 -30.759999999999998 -30.55 180 0 0
-14.349999999999998 -30.759999999999998 30.55 0 0 0
-14.349999999999998 -30.55 -18.45 90 0 0
-14.349999999999998 -30.55 -14.349999999999998 90 0 0
-14.349999999999998 -30.55 -10.25 90 0 0
-14.349999999999998 -30.55 -6.1499999999999995 90 0 0
-14.349999999999998 -30.55 -2.05 90 0 0
-14.349999999999998 -30.55 2.05 90 0 0
-14.349999999999998 -30.55 6.1499999999999995 90 0 0
-14.349999999999998 -30.55 10.25 90 0 0
-14.349999999999998 -30.55 14.349999999999998 90 0 0
-14.349999999999998 -30.55 18.45 90 0 0
-14.349999999999998 -26.66 -30.55 180 0 0
-14.349999999999998 -26.66 30.55 0 0 0
-14.349999999999998 -22.56 -30.55 180 0 0
-14.349999999999998 -22.56 30.55 0 0 0
-14.349999999999998 -18.45 -30.55 180 0 0
-14.349999999999998 -18.45 30.55 0 0 0
-14.349999999999998 -14.349999999999998 -30.55 180 0 0
-14.349999999999998 -14.349999999999998 30.55 0 0 0
-14.349999999999998 -10.25 -30.55 180 0 0
-14.349999999999998 -10.25 30.55 0 0 0
-14.349999999999998 -6.1499999999999995 -30.55 180 0 0
-14.349999999999998 -6.1499999999999995 30.55 0 0 0
-14.349999999999998 -2.05 -30.55 180 0 0
-14.349999999999998 -2.05 30.55 0 0 0
-14.349999999999998 2.05 -30.55 180 0 0
-14.349999999999998 2.05 30.55 0 0 0
-14.349999999999998 6.1499999999999995 -30.55 180 0 0
-14.349999999999998 6.1499999999999995 30.55 0 0 0
-14.349999999999998 10.25 -30.55 180 0 0
-14.349999999999998 10.25 30.55 0 0 0
-14.349999999999998 14.349999999999998 -30.55 180 0 0
-14.349999999999998 14.349999999999998 30.55 0 0 0
-14.349999999999998 18.45 -30.55 180 0 0
-14.349999999999998 18.45 30.55 0 0 0
-14.349999999999998 22.56 -30.55 180 0 0
-14.349999999999998 22.56 30.55 0 0 0
-14.349999999999998 26.66 -30.55 180 0 0
-14.349999999999998 26.66 30.55 0 0 0
-14.349999999999998 30.55 -18.45 -90 0 0
-14.349999999999998 30.55 -14.349999999999998 -90 0 0
-14.349999999999998 30.55 -10.25 -90 0 0
-14.349999999999998 30.55 -6.1499999999999995 -90 0 0
-14.349999999999998 30.55 -2.05 -90 0 0
-14.349999999999998 30.55 2.05 -90 0 0
-14.349999999999998 30.55 6.1499999999999995 -90 0 0
-14.349999999999998 30.55 10.25 -90 0 0
-14.349999999999998 30.55 14.349999999999998 -90 0 0
-14.349999999999998 30.55 18.45 -90 0 0
-14.349999999999998 30.759999999999998 -30.55 180 0 0
-14.349999999999998 30.759999999999998 30.55 0 0 0
-14.349999999999998 34.86 -30.55 180 0 0
-14.349999999999998 34.86 30.55 0 0 0
-14.349999999999998 38.959999999999994 -30.55 180 0 0
-14.349999999999998 38.959999999999994 30.55 0 0 0
-10.25 -30.55 -38.959999999999994 90 0 0
-10.25 -30.55 -34.86 90 0 0
-10.25 -30.55 -30.759999999999998 90 0 0
-10.25 -30.55 -26.66 90 0 0
-10.25 -30.55 -22.56 90 0 0
-10.25 -30.55 -18.45 90 0 0
-10.25 -30.55 -14.349999999999998 90 0 0
-10.25 -30.55 -10.25 90 0 0
-10.25 -30.55 -6.1499999999999995 90 0 0
-10.25 -30.55 -2.05 90 0 0
-10.25 -30.55 2.05 90 0 0
-10.25 -30.55 6.1499999999999995 90 0 0
-10.25 -30.55 10.25 90 0 0
-10.25 -30.55 14.349999999999998 90 0 0
-10.25 -30.55 18.45 90 0 0
-10.25 -30.55 22.56 90 0 0
-10.25 -30.55 26.66 90 0 0
-10.25 -30.55 30.759999999999998 90 0 0
-10.25 -30.55 34.86 90 0 0
-10.25 -30.55 38.959999999999994 90 0 0
-10.25 -18.45 -30.55 180 0 0
-10.25 -18.45 30.55 0 0 0
-10.25 -14.349999999999998 -30.55 180 0 0
-10.25 -14.349999999999998 30.55 0 0 0
-10.25 -10.25 -30.55 180 0 0
-10.25 -10.25 30.55 0 0 0
-10.25 -6.1499999999999995 -30.55 180 0 0
-10.25 -6.1499999999999995 30.55 0 0 0
-10.25 -2.05 -30.55 180 0 0
-10.25 -2.05 30.55 0 0 0
-10.25 2.05 -30.55 180 0 0
-10.25 2.05 30.55 0 0 0
-10.25 6.1499999999999995 -30.55 180 0 0
-10.25 6.1499999999999995 30.55 0 0 0
-10.25 10.25 -30.55 180 0 0
-10.25 10.25 30.55 0 0 0
-10.25 14.349999999999998 -30.55 180 0 0
-10.25 14.349999999999998 30.55 0 0 0
-10.25 18.45 -30.55 180 0 0
-10.25 18.45 30.55 0 0 0
-10.25 30.55 -38.959999999999994 -90 0 0
-10.25 30.55 -34.86 -90 0 0
-10.25 30.55 -30.759999999999998 -90 0 0
-10.25 30.55 -26.66 -90 0 0
-10.25 30.55 -22.56 -90 0 0
-10.25 30.55 -18.45 -90 0 0
-10.25 30.55 -14.349999999999998 -90 0 0
-10.25 30.55 -10.25 -90 0 0
-10.25 30.55 -6.1499999999999995 -90 0 0
-10.25 30.55 -2.05 -90 0 0
-10.25 30.55 2.05 -90 0 0
-10.25 30.55 6.1499999999999995 -90 0 0
-10.25 30.55 10.25 -90 0 0
-10.25 30.55 14.349999999999998 -90 0 0
-10.25 30.55 18.45 -90 0 0
-10.25 30.55 22.56 -90 0 0
-10.25 30.55 26.66 -90 0 0
-10.25 30.55 30.759999999999998 -90 0 0
-10.25 30.55 34.86 -90 0 0
-10.25 30.55 38.959999999999994 -90 0 0
-6.1499999999999995 -38.959999999999994 -30.55 180 0 0
-6.1499999999999995 -38.959999999999994 30.55 0 0 0
-6.1499999999999995 -34.86 -30.55 180 0 0
-6.1499999999999995 -34.86 30.55 0 0 0
-6.1499999999999995 -30.759999999999998 -30.55 180 0 0
-6.1499999999999995 -30.759999999999998 30.55 0 0 0
-6.1499999999999995 -30.55 -18.45 90 0 0
-6.1499999999999995 -30.55 -14.349999999999998 90 0 0
-6.1499999999999995 -30.55 -10.25 90 0 0
-6.1499999999999995 -30.55 -6.1499999999999995 90 0 0
-6.1499999999999995 -30.55 -2.05 90 0 0
-6.1499999999999995 -30.55 2.05 90 0 0
-6.1499999999999995 -30.55 6.1499999999999995 90 0 0
-6.1499999999999995 -30.55 10.25 90 0 0
-6.1499999999999995 -30.55 14.349999999999998 90 0 0
-6.1499999999999995 -30.55 18.45 90 0 0
-6.1499999999999995 -26.66 -30.55 180 0 0
-6.1499999999999995 -26.66 30.55 0 0 0
-6.1499999999999995 -22.56 -30.55 180 0 0
-6.1499999999999995 -22.56 30.55 0 0 0
-6.1499999999999995 -18.45 -30.55 180 0 0
-6.1499999999999995 -18.45 30.55 0 0 0
-6.1499999999999995 -14.349999999999998 -30.55 180 0 0
-6.1499999999999995 -14.349999999999998 30.55 0 0 0
-6.1499999999999995 -10.25 -30.55 180 0 0
-6.1499999999999995 -10.25 30.55 0 0 0
-6.1499999999999995 -6.1499999999999995 -30.55 180 0 0
-6.1499999999999995 -6.1499999999999995 30.55 0 0 0
-6.1499999999999995 -2.05 -30.55 180 0 0
-6.1499999999999995 -2.05 30.55 0 0 0
-6.1499999999999995 2.05 -30.55 180 0 0
-6.1499999999999995 2.05 30.55 0 0 0
-6.1499999999999995 6.1499999999999995 -30.55 180 0 0
-6.1499999999999995 6.1499999999999995 30.55 0 0 0
-6.1499999999999995 10.25 -30.55 180 0 0
-6.1499999999999995 10.25 30.55 0 0 0
-6.1499999999999995 14.349999999999998 -30.55 180 0 0
-6.1499999999999995 14.349999999999998 30.55 0 0 0
-6.1499999999999995 18.45 -30.55 180 0 0
-6.1499999999999995 18.45 30.55 0 0 0
-6.1499999999999995 22.56 -30.55 180 0 0
-6.1499999999999995 22.56 30.55 0 0 0
-6.1499999999999995 26.66 -30.55 180 0 0
-6.1499999999999995 26.66 30.55 0 0 0
-6.1499999999999995 30.55 -18.45 -90 0 0
-6.1499999999999995 30.55 -14.349999999999998 -90 0 0
-6.1499999999999995 30.55 -10.25 -90 0 0
-6.1499999999999995 30.55 -6.1499999999999995 -90 0 0
-6.1499999999999995 30.55 -2.05 -90 0 0
-6.1499999999999995 30.55 2.05 -90 0 0
-6.1499999999999995 30.55 6.1499999999999995 -90 0 0
-6.1499999999999995 30.55 10.25 -90 0 0
-6.1499999999999995 30.55 14.349999999999998 -90 0 0
-6.1499999999999995 30.55 18.45 -90 0 0
-6.1499999999999995 30.759999999999998 -30.55 180 0 0
-6.1499999999999995 30.759999999999998 30.55 0 0 0
-6.1499999999999995 34.86 -30.55 180 0 0
-6.1499999999999995 34.86 30.55 0 0 0
-6.1499999999999995 38.959999999999994 -30.55 180 0 0
-6.1499999999999995 38.959999999999994 30.55 0 0 0
-2.05 -30.55 -38.959999999999994 90 0 0
-2.05 -30.55 -34.86 90 0 0
-2.05 -30.55 -30.759999999999998 90 0 0
-2.05 -30.55 -26.66 90 0 0
-2.05 -30.55 -22.56 90 0 0
-2.05 -30.55 -18.45 90 0 0
-2.05 -30.55 -14.349999999999998 90 0 0
-2.05 -30.55 -10.25 90 0 0
-2.05 -30.55 -6.1499999999999995 90 0 0
-2.05 -30.55 -2.05 90 0 0
-2.05 -30.55 2.05 90 0 0
-2.05 -30.55 6.1499999999999995 90 0 0
-2.05 -30.55 10.25 90 0 0
-2.05 -30.55 14.349999999999998 90 0 0
-2.05 -30.55 18.45 90 0 0
-2.05 -30.55 22.56 90 0 0
-2.05 -30.55 26.66 90 0 0
-2.05 -30.55 30.759999999999998 90 0 0
-2.05 -30.55 34.86 90 0 0
-2.05 -30.55 38.959999999999994 90 0 0
-2.05 -18.45 -30.55 180 0 0
-2.05 -18.45 30.55 0 0 0
-2.05 -14.349999999999998 -30.55 180 0 0
-2.05 -14.349999999999998 30.55 0 0 0
-2.05 -10.25 -30.55 180 0 0
-2.05 -10.25 30.55 0 0 0
-2.05 -6.1499999999999995 -30.55 180 0 0
-2.05 -6.1499999999999995 30.55 0 0 0
-2.05 -2.05 -30.55 180 0 0
-2.05 -2.05 30.55 0 0 0
-2.05 2.05 -30.55 180 0 0
-2.05 2.05 30.55 0 0 0
-2.05 6.1499999999999995 -30.55 180 0 0
-2.05 6.1499999999999995 30.55 0 0 0
-2.05 10.25 -30.55 180 0 0
-2.05 10.25 30.55 0 0 0
-2.05 14.349999999999998 -30.55 180 0 0
-2.05 14.349999999999998 30.55 0 0 0
-2.05 18.45 -30.55 180 0 0
-2.05 18.45 30.55 0 0 0
-2.05 30.55 -38.959999999999994 -90 0 0
-2.05 30.55 -34.86 -90 0 0
-2.05 30.55 -30.759999999999998 -90 0 0
-2.05 30.55 -26.66 -90 0 0
-2.05 30.55 -22.56 -90 0 0
-2.05 30.55 -18.45 -90 0 0
-2.05 30.55 -14.349999999999998 -90 0 0
-2.05 30.55 -10.25 -90 0 0
-2.05 30.55 -6.1499999999999995 -90 0 0
-2.05 30.55 -2.05 -90 0 0
-2.05 30.55 2.05 -90 0 0
-2.05 30.55 6.1499999999999995 -90 0 0
-2.05 30.55 10.25 -90 0 0
-2.05 30.55 14.349999999999998 -90 0 0
-2.05 30.55 18.45 -90 0 0
-2.05 30.55 22.56 -90 0 0
-2.05 30.55 26.66 -90 0 0
-2.05 30.55 30.759999999999998 -90 0 0
-2.05 30.55 34.86 -90 0 0
-2.05 30.55 38.959999999999994 -90 0 0
2.05 -38.959999999999994 -30.55 180 0 0
2.05 -38.959999999999994 30.55 0 0 0
2.05 -34.86 -30.55 180 0 0
2.05 -34.86 30.55 0 0 0
2.05 -30.759999999999998 -30.55 180 0 0
2.05 -30.759999999999998 30.55 0 0 0
2.05 -30.55 -18.45 90 0 0
2.05 -30.55 -14.349999999999998 90 0 0
2.05 -30.55 -10.25 90 0 0
2.05 -30.55 -6.1499999999999995 90 0 0
2.05 -30.55 -2.05 90 0 0
2.05 -30.55 2.05 90 0 0
2.05 -30.55 6.1499999999999995 90 0 0
2.05 -30.55 10.25 90 0 0
2.05 -30.55 14.349999999999998 90 0 0
2.05 -30.55 18.45 90 0 0
2.05 -26.66 -30.55 180 0 0
2.05 -26.66 30.55 0 0 0
2.05 -22.56 -30.55 180 0 0
2.05 -22.56 30.55 0 0 0
2.05 -18.45 -30.55 180 0 0
2.05 -18.45 30.55 0 0 0
2.05 -14.349999999999998 -30.55 180 0 0
2.05 -14.349999999999998 30.55 0 0 0
2.05 -10.25 -30.55 180 0 0
2.05 -10.25 30.55 0 0 0
2.05 -6.1499999999999995 -30.55 180 0 0
2.05 -6.1499999999999995 30.55 0 0 0
2.05 -2.05 -30.55 180 0 0
2.05 -2.05 30.55 0 0 0
2.05 2.05 -30.55 180 0 0
2.05 2.05 30.55 0 0 0
2.05 6.1499999999999995 -30.55 180 0 0
2.05 6.1499999999999995 30.55 0 0 0
2.05 10.25 -30.55 180 0 0
2.05 10.25 30.55 0 0 0
2.05 14.349999999999998 -30.55 180 0 0
2.05 14.349999999999998 30.55 0 0 0
2.05 18.45 -30.55 180 0 0
2.05 18.45 30.55 0 0 0
2.05 22.56 -30.55 180 0 0
2.05 22.56 30.55 0 0 0
2.05 26.66 -30.55 180 0 0
2.05 26.66 30.55 0 0 0
2.05 30.55 -18.45 -90 0 0
2.05 30.55 -14.349999999999998 -90 0 0
2.05 30.55 -10.25 -90 0 0
2.05 30.55 -6.1499999999999995 -90 0 0
2.05 30.55 -2.05 -90 0 0
2.05 30.55 2.05 -90 0 0
2.05 30.55 6.1499999999999995 -90 0 0
2.05 30.55 10.25 -90 0 0
2.05 30.55 14.349999999999998 -90 0 0
2.05 30.55 18.45 -90 0 0
2.05 30.759999999999998 -30.55 180 0 0
2.05 30.759999999999998 30.55 0 0 0
2.05 34.86 -30.55 180 0 0
2.05 34.86 30.55 0 0 0
2.05 38.959999999999994 -30.55 180 0 0
2.05 38.959999999999994 30.55 0 0 0
6.1499999999999995 -30.55 -38.959999999999994 90 0 0
6.1499999999999995 -30.55 -34.86 90 0 0
6.1499999999999995 -30.55 -30.759999999999998 90 0 0
6.1499999999999995 -30.55 -26.66 90 0 0
6.1499999999999995 -30.55 -22.56 90 0 0
6.1499999999999995 -30.55 -18.45 90 0 0
6.1499999999999995 -30.55 -14.349999999999998 90 0 0
6.1499999999999995 -30.55 -10.25 90 0 0
6.1499999999999995 -30.55 -6.1499999999999995 90 0 0
6.1499999999999995 -30.55 -2.05 90 0 0
6.1499999999999995 -30.55 2.05 90 0 0
6.1499999999999995 -30.55 6.1499999999999995 90 0 0
6.1499999999999995 -30.55 10.25 90 0 0
6.1499999999999995 -30.55 14.349999999999998 90 0 0
6.1499999999999995 -30.55 18.45 90 0 0
6.1499999999999995 -30.55 22.56 90 0 0
6.1499999999999995 -30.55 26.66 90 0 0
6.1499999999999995 -30.55 30.759999999999998 90 0 0
6.1499999999999995 -30.55 34.86 90 0 0
6.1499999999999995 -30.55 38.959999999999994 90 0 0
6.1499999999999995 -18.45 -30.55 180 0 0
6.1499999999999995 -18.45 30.55 0 0 0
6.1499999999999995 -14.349999999999998 -30.55 180 0 0
6.1499999999999995 -14.349999999999998 30.55 0 0 0
6.1499999999999995 -10.25 -30.55 180 0 0
6.1499999999999995 -10.25 30.55 0 0 0
6.1499999999999995 -6.1499999999999995 -30.55 180 0 0
6.1499999999999995 -6.1499999999999995 30.55 0 0 0
6.1499999999999995 -2.05 -30.55 180 0 0
6.1499999999999995 -2.05 30.55 0 0 0
6.1499999999999995 2.05 -30.55 180 0 0
6.1499999999999995 2.05 30.55 0 0 0
6.1499999999999995 6.1499999999999995 -30.55 180 0 0
6.1499999999999995 6.1499999999999995 30.55 0 0 0
6.1499999999999995 10.25 -30.55 180 0 0
6.1499999999999995 10.25 30.55 0 0 0
6.1499999999999995 14.349999999999998 -30.55 180 0 0
6.1499999999999995 14.349999999999998 30.55 0 0 0
6.1499999999999995 18.45 -30.55 180 0 0
6.1499999999999995 18.45 30.55 0 0 0
6.1499999999999995 30.55 -38.959999999999994 -90 0 0
6.1499999999999995 30.55 -34.86 -90 0 0
6.1499999999999995 30.55 -30.759999999999998 -90 0 0
6.1499999999999995 30.55 -26.66 -90 0 0
6.1499999999999995 30.55 -22.56 -90 0 0
6.1499999999999995 30.55 -18.45 -90 0 0
6.1499999999999995 30.55 -14.349999999999998 -90 0 0
6.1499999999999995 30.55 -10.25 -90 0 0
6.1499999999999995 30.55 -6.1499999999999995 -90 0 0
6.1499999999999995 30.55 -2.05 -90 0 0
6.1499999999999995 30.55 2.05 -90 0 0
6.1499999999999995 30.55 6.1499999999999995 -90 0 0
6.1499999999999995 30.55 10.25 -90 0 0
6.1499999999999995 30.55 14.349999999999998 -90 0 0
6.1499999999999995 30.55 18.45 -90 0 0
6.1499999999999995 30.55 22.56 -90 0 0
6.1499999999999995 30.55 26.66 -90 0 0
6.1499999999999995 30.55 30.759999999999998 -90 0 0
6.1499999999999995 30.55 34.86 -90 0 0
6.1499999999999995 30.55 38.959999999999994 -90 0 0
10.25 -38.959999999999994 -30.55 180 0 0
10.25 -38.959999999999994 30.55 0 0 0
10.25 -34.86 -30.55 180 0 0
10.25 -34.86 30.55 0 0 0
10.25 -30.759999999999998 -30.55 180 0 0
10.25 -30.759999999999998 30.55 0 0 0
10.25 -30.55 -18.45 90 0 0
10.25 -30.55 -14.349999999999998 90 0 0
10.25 -30.55 -10.25 90 0 0
10.25 -30.55 -6.1499999999999995 90 0 0
10.25 -30.55 -2.05 90 0 0
10.25 -30.55 2.05 90 0 0
10.25 -30.55 6.1499999999999995 90 0 0
10.25 -30.55 10.25 90 0 0
10.25 -30.55 14.349999999999998 90 0 0
10.25 -30.55 18.45 90 0 0
10.25 -26.66 -30.55 180 0 0
10.25 -26.66 30.55 0 0 0
10.25 -22.56 -30.55 180 0 0
10.25 -22.56 30.55 0 0 0
10.25 -18.45 -30.55 180 0 0
10.25 -18.45 30.55 0 0 0
10.25 -14.349999999999998 -30.55 180 0 0
10.25 -14.349999999999998 30.55 0 0 0
10.25 -10.25 -30.55 180 0 0
10.25 -10.25 30.55 0 0 0
10.25 -6.1499999999999995 -30.55 180 0 0
10.25 -6.1499999999999995 30.55 0 0 0
10.25 -2.05 -30.55 180 0 0
10.25 -2.05 30.55 0 0 0
10.25 2.05 -30.55 180 0 0
10.25 2.05 30.55 0 0 0
10.25 6.1499999999999995 -30.55 180 0 0
10.25 6.1499999999999995 30.55 0 0 0
10.25 10.25 -30.55 180 0 0
10.25 10.25 30.55 0 0 0
10.25 14.349999999999998 -30.55 180 0 0
10.25 14.349999999999998 30.55 0 0 0
10.25 18.45 -30.55 180 0 0
10.25 18.45 30.55 0 0 0
10.25 22.56 -30.55 180 0 0
10.25 22.56 30.55 0 0 0
10.25 26.66 -30.55 180 0 0
10.25 26.66 30.55 0 0 0
10.25 30.55 -18.45 -90 0 0
10.25 30.55 -14.349999999999998 -90 0 0
10.25 30.55 -10.25 -90 0 0
10.25 30.55 -6.1499999999999995 -90 0 0
10.25 30.55 -2.05 -90 0 0
10.25 30.55 2.05 -90 0 0
10.25 30.55 6.1499999999999995 -90 0 0
10.25 30.55 10.25 -90 0 0
10.25 30.55 14.349999999999998 -90 0 0
10.25 30.55 18.45 -90 0 0
10.25 30.759999999999998 -30.55 180 0 0
10.25 30.759999999999998 30.55 0 0 0
10.25 34.86 -30.55 180 0 0
10.25 34.86 30.55 0 0 0
10.25 38.959999999999994 -30.55 180 0 0
10.25 38.959999999999994 30.55 0 0 0
14.349999999999998 -30.55 -38.959999999999994 90 0 0
14.349999999999998 -30.55 -34.86 90 0 0
14.349999999999998 -30.55 -30.759999999999998 90 0 0
14.349999999999998 -30.55 -26.66 90 0 0
14.349999999999998 -30.55 -22.56 90 0 0
14.349999999999998 -30.55 -18.45 90 0 0
14.349999999999998 -30.55 -14.349999999999998 90 0 0
14.349999999999998 -30.55 -10.25 90 0 0
14.349999999999998 -30.55 -6.1499999999999995 90 0 0
14.349999999999998 -30.55 -2.05 90 0 0
14.349999999999998 -30.55 2.05 90 0 0
14.349999999999998 -30.55 6.1499999999999995 90 0 0
14.349999999999998 -30.55 10.25 90 0 0
14.349999999999998 -30.55 14.349999999999998 90 0 0
14.349999999999998 -30.55 18.45 90 0 0
14.349999999999998 -30.55 22.56 90 0 0
14.349999999999998 -30.55 26.66 90 0 0
14.349999999999998 -30.55 30.759999999999998 90 0 0
14.349999999999998 -30.55 34.86 90 0 0
14.349999999999998 -30.55 38.959999999999994 90 0 0
14.349999999999998 -18.45 -30.55 180 0 0
14.349999999999998 -18.45 30.55 0 0 0
14.349999999999998 -14.349999999999998 -30.55 180 0 0
14.349999999999998 -14.349999999999998 30.55 0 0 0
14.349999999999998 -10.25 -30.55 180 0 0
14.349999999999998 -10.25 30.55 0 0 0
14.349999999999998 -6.1499999999999995 -30.55 180 0 0
14.349999999999998 -6.1499999999999995 30.55 0 0 0
14.349999999999998 -2.05 -30.55 180 0 0
14.349999999999998 -2.05 30.55 0 0 0
14.349999999999998 2.05 -30.55 180 0 0
14.349999999999998 2.05 30.55 0 0 0
14.349999999999998 6.1499999999999995 -30.55 180 0 0
14.349999999999998 6.1499999999999995 30.55 0 0 0
14.349999999999998 10.25 -30.55 180 0 0
14.349999999999998 10.25 30.55 0 0 0
14.349999999999998 14.349999999999998 -30.55 180 0 0
14.349999999999998 14.349999999999998 30.55 0 0 0
14.349999999999998 18.45 -30.55 180 0 0
14.349999999999998 18.45 30.55 0 0 0
14.349999999999998 30.55 -38.959999999999994 -90 0 0
14.349999999999998 30.55 -34.86 -90 0 0
14.349999999999998 30.55 -30.759999999999998 -90 0 0
14.349999999999998 30.55 -26.66 -90 0 0
14.349999999999998 30.55 -22.56 -90 0 0
14.349999999999998 30.55 -18.45 -90 0 0
14.349999999999998 30.55 -14.349999999999998 -90 0 0
14.349999999999998 30.55 -10.25 -90 0 0
14.349999999999998 30.55 -6.1499999999999995 -90 0 0
14.349999999999998 30.55 -2.05 -90 0 0
14.349999999999998 30.55 2.05 -90 0 0
14.349999999999998 30.55 6.1499999999999995 -90 0 0
14.349999999999998 30.55 10.25 -90 0 0
14.349999999999998 30.55 14.349999999999998 -90 0 0
14.349999999999998 30.55 18.45 -90 0 0
14.349999999999998 30.55 22.56 -90 0 0
14.349999999999998 30.55 26.66 -90 0 0
14.349999999999998 30.55 30.759999999999998 -90 0 0
14.349999999999998 30.55 34.86 -90 0 0
14.349999999999998 30.55 38.959999999999994 -90 0 0
18.45 -38.959999999999994 -30.55 180 0 0
18.45 -38.959999999999994 30.55 0 0 0
18.45 -34.86 -30.55 180 0 0
18.45 -34.86 30.55 0 0 0
18.45 -30.759999999999998 -30.55 180 0 0
18.45 -30.759999999999998 30.55 0 0 0
18.45 -30.55 -18.45 90 0 0
18.45 -30.55 -14.349999999999998 90 0 0
18.45 -30.55 -10.25 90 0 0
18.45 -30.55 -6.1499999999999995 90 0 0
18.45 -30.55 -2.05 90 0 0
18.45 -30.55 2.05 90 0 0
18.45 -30.55 6.1499999999999995 90 0 0
18.45 -30.55 10.25 90 0 0
18.45 -30.55 14.349999999999998 90 0 0
18.45 -30.55 18.45 90 0 0
18.45 -26.66 -30.55 180 0 0
18.45 -26.66 30.55 0 0 0
18.45 -22.56 -30.55 180 0 0
18.45 -22.56 30.55 0 0 0
18.45 -18.45 -30.55 180 0 0
18.45 -18.45 30.55 0 0 0
18.45 -14.349999999999998 -30.55 180 0 0
18.45 -14.349999999999998 30.55 0 0 0
18.45 -10.25 -30.55 180 0 0
18.45 -10.25 30.55 0 0 0
18.45 -6.1499999999999995 -30.55 180 0 0
18.45 -6.1499999999999995 30.55 0 0 0
18.45 -2.05 -30.55 180 0 0
18.45 -2.05 30.55 0 0 0
18.45 2.05 -30.55 180 0 0
18.45 2.05 30.55 0 0 0
18.45 6.1499999999999995 -30.55 180 0 0
18.45 6.1499999999999995 30.55 0 0 0
18.45 10.25 -30.55 180 0 0
18.45 10.25 30.55 0 0 0
18.45 14.349999999999998 -30.55 180 0 0
18.45 14.349999999999998 30.55 0 0 0
18.45 18.45 -30.55 180 0 0
18.45 18.45 30.55 0 0 0
18.45 22.56 -30.55 180 0 0
18.45 22.56 30.55 0 0 0
18.45 26.66 -30.55 180 0 0
18.45 26.66 30.55 0 0 0
18.45 30.55 -18.45 -90 0 0
18.45 30.55 -14.349999999999998 -90 0 0
18.45 30.55 -10.25 -90 0 0
18.45 30.55 -6.1499999999999995 -90 0 0
18.45 30.55 -2.05 -90 0 0
18.45 30.55 2.05 -90 0 0
18.45 30.55 6.1499999999999995 -90 0 0
18.45 30.55 10.25 -90 0 0
18.45 30.55 14.349999999999998 -90 0 0
18.45 30.55 18.45 -90 0 0
18.45 30.759999999999998 -30.55 180 0 0
18.45 30.759999999999998 30.55 0 0 0
18.45 34.86 -30.55 180 0 0
18.45 34.86 30.55 0 0 0
18.45 38.959999999999994 -30.55 180 0 0
18.45 38.959999999999994 30.55 0 0 0
22.56 -38.959999999999994 -30.55 180 0 0
22.56 -38.959999999999994 30.55 0 0 0
22.56 -34.86 -30.55 180 0 0
22.56 -34.86 30.55 0 0 0
22.56 -30.759999999999998 -30.55 180 0 0
22.56 -30.759999999999998 30.55 0 0 0
22.56 -30.55 -14.349999999999998 90 0 0
22.56 -30.55 -6.1499999999999995 90 0 0
22.56 -30.55 2.05 90 0 0
22.56 -30.55 10.25 90 0 0
22.56 -30.55 18.45 90 0 0
22.56 -26.66 -30.55 180 0 0
22.56 -26.66 30.55 0 0 0
22.56 -22.56 -30.55 180 0 0
22.56 -22.56 30.55 0 0 0
22.56 -14.349999999999998 -30.55 180 0 0
22.56 -14.349999999999998 30.55 0 0 0
22.56 -6.1499999999999995 -30.55 180 0 0
22.56 -6.1499999999999995 30.55 0 0 0
22.56 2.05 -30.55 180 0 0
22.56 2.05 30.55 0 0 0
22.56 10.25 -30.55 180 0 0
22.56 10.25 30.55 0 0 0
22.56 18.45 -30.55 180 0 0
22.56 18.45 30.55 0 0 0
22.56 22.56 -30.55 180 0 0
22.56 22.56 30.55 0 0 0
22.56 26.66 -30.55 180 0 0
22.56 26.66 30.55 0 0 0
22.56 30.55 -14.349999999999998 -90 0 0
22.56 30.55 -6.1499999999999995 -90 0 0
22.56 30.55 2.05 -90 0 0
22.56 30.55 10.25 -90 0 0
22.56 30.55 18.45 -90 0 0
22.56 30.759999999999998 -30.55 180 0 0
22.56 30.759999999999998 30.55 0 0 0
22.56 34.86 -30.55 180 0 0
22.56 34.86 30.55 0 0 0
22.56 38.959999999999994 -30.55 180 0 0
22.56 38.959999999999994 30.55 0 0 0
26.66 -30.55 -38.959999999999994 90 0 0
26.66 -30.55 -34.86 90 0 0
26.66 -30.55 -30.759999999999998 90 0 0
26.66 -30.55 -26.66 90 0 0
26.66 -30.55 -22.56 90 0 0
26.66 -30.55 -14.349999999999998 90 0 0
26.66 -30.55 -6.1499999999999995 90 0 0
26.66 -30.55 2.05 90 0 0
26.66 -30.55 10.25 90 0 0
26.66 -30.55 18.45 90 0 0
26.66 -30.55 22.56 90 0 0
26.66 -30.55 26.66 90 0 0
26.66 -30.55 30.759999999999998 90 0 0
26.66 -30.55 34.86 90 0 0
26.66 -30.55 38.959999999999994 90 0 0
26.66 -14.349999999999998 -30.55 180 0 0
26.66 -14.349999999999998 30.55 0 0 0
26.66 -6.1499999999999995 -30.55 180 0 0
26.66 -6.1499999999999995 30.55 0 0 0
26.66 2.05 -30.55 180 0 0
26.66 2.05 30.55 0 0 0
26.66 10.25 -30.55 180 0 0
26.66 10.25 30.55 0 0 0
26.66 18.45 -30.55 180 0 0
26.66 18.45 30.55 0 0 0
26.66 30.55 -38.959999999999994 -90 0 0
26.66 30.55 -34.86 -90 0 0
26.66 30.55 -30.759999999999998 -90 0 0
26.66 30.55 -26.66 -90 0 0
26.66 30.55 -22.56 -90 0 0
26.66 30.55 -14.349999999999998 -90 0 0
26.66 30.55 -6.1499999999999995 -90 0 0
26.66 30.55 2.05 -90 0 0
26.66 30.55 10.25 -90 0 0
26.66 30.55 18.45 -90 0 0
26.66 30.55 22.56 -90 0 0
26.66 30.55 26.66 -90 0 0
26.66 30.55 30.759999999999998 -90 0 0
26.66 30.55 34.86 -90 0 0
26.66 30.55 38.959999999999994 -90 0 0
30.55 -38.959999999999994 -18.45 0 90 0
30.55 -38.959999999999994 -10.25 0 90 0
30.55 -38.959999999999994 -2.05 0 90 0
30.55 -38.959999999999994 6.1499999999999995 0 90 0
30.55 -38.959999999999994 14.349999999999998 0 90 0
30.55 -34.86 -18.45 0 90 0
30.55 -34.86 -10.25 0 90 0
30.55 -34.86 -2.05 0 90 0
30.55 -34.86 6.1499999999999995 0 90 0
30.55 -34.86 14.349999999999998 0 90 0
30.55 -30.759999999999998 -18.45 0 90 0
30.55 -30.759999999999998 -10.25 0 90 0
30.55 -30.759999999999998 -2.05 0 90 0
30.55 -30.759999999999998 6.1499999999999995 0 90 0
30.55 -30.759999999999998 14.349999999999998 0 90 0
30.55 -26.66 -18.45 0 90 0
30.55 -26.66 -10.25 0 90 0
30.55 -26.66 -2.05 0 90 0
30.55 -26.66 6.1499999999999995 0 90 0
30.55 -26.66 14.349999999999998 0 90 0
30.55 -22.56 -18.45 0 90 0
30.55 -22.56 -10.25 0 90 0
30.55 -22.56 -2.05 0 90 0
30.55 -22.56 6.1499999999999995 0 90 0
30.55 -22.56 14.349999999999998 0 90 0
30.55 -18.45 -38.959999999999994 0 90 0
30.55 -18.45 -34.86 0 90 0
30.55 -18.45 -30.759999999999998 0 90 0
30.55 -18.45 -26.66 0 90 0
30.55 -18.45 -22.56 0 90 0
30.55 -18.45 -18.45 0 90 0
30.55 -18.45 -14.349999999999998 0 90 0
30.55 -18.45 -10.25 0 90 0
30.55 -18.45 -6.1499999999999995 0 90 0
30.55 -18.45 -2.05 0 90 0
30.55 -18.45 2.05 0 90 0
30.55 -18.45 6.1499999999999995 0 90 0
30.55 -18.45 10.25 0 90 0
30.55 -18.45 14.349999999999998 0 90 0
30.55 -18.45 18.45 0 90 0
30.55 -18.45 22.56 0 90 0
30.55 -18.45 26.66 0 90 0
30.55 -18.45 30.759999999999998 0 90 0
30.55 -18.45 34.86 0 90 0
30.55 -18.45 38.959999999999994 0 90 0
30.55 -14.349999999999998 -18.45 0 90 0
30.55 -14.349999999999998 -14.349999999999998 0 90 0
30.55 -14.349999999999998 -10.25 0 90 0
30.55 -14.349999999999998 -6.1499999999999995 0 90 0
30.55 -14.349999999999998 -2.05 0 90 0
30.55 -14.349999999999998 2.05 0 90 0
30.55 -14.349999999999998 6.1499999999999995 0 90 0
30.55 -14.349999999999998 10.25 0 90 0
30.55 -14.349999999999998 14.349999999999998 0 90 0
30.55 -14.349999999999998 18.45 0 90 0
30.55 -10.25 -38.959999999999994 0 90 0
30.55 -10.25 -34.86 0 90 0
30.55 -10.25 -30.759999999999998 0 90 0
30.55 -10.25 -26.66 0 90 0
30.55 -10.25 -22.56 0 90 0
30.55 -10.25 -18.45 0 90 0
30.55 -10.25 -14.349999999999998 0 90 0
30.55 -10.25 -10.25 0 90 0
30.55 -10.25 -6.1499999999999995 0 90 0
30.55 -10.25 -2.05 0 90 0
30.55 -10.25 2.05 0 90 0
30.55 -10.25 6.1499999999999995 0 90 0
30.55 -10.25 10.25 0 90 0
30.55 -10.25 14.349999999999998 0 90 0
30.55 -10.25 18.45 0 90 0
30.55 -10.25 22.56 0 90 0
30.55 -10.25 26.66 0 90 0
30.55 -10.25 30.759999999999998 0 90 0
30.55 -10.25 34.86 0 90 0
30.55 -10.25 38.959999999999994 0 90 0
30.55 -6.1499999999999995 -18.45 0 90 0
30.55 -6.1499999999999995 -14.349999999999998 0 90 0
30.55 -6.1499999999999995 -10.25 0 90 0
30.55 -6.1499999999999995 -6.1499999999999995 0 90 0
30.55 -6.1499999999999995 -2.05 0 90 0
30.55 -6.1499999999999995 2.05 0 90 0
30.55 -6.1499999999999995 6.1499999999999995 0 90 0
30.55 -6.1499999999999995 10.25 0 90 0
30.55 -6.1499999999999995 14.349999999999998 0 90 0
30.55 -6.1499999999999995 18.45 0 90 0
30.55 -2.05 -38.959999999999994 0 90 0
30.55 -2.05 -34.86 0 90 0
30.55 -2.05 -30.759999999999998 0 90 0
30.55 -2.05 -26.66 0 90 0
30.55 -2.05 -22.56 0 90 0
30.55 -2.05 -18.45 0 90 0
30.55 -2.05 -14.349999999999998 0 90 0
30.55 -2.05 -10.25 0 90 0
30.55 -2.05 -6.1499999999999995 0 90 0
30.55 -2.05 -2.05 0 90 0
30.55 -2.05 2.05 0 90 0
30.55 -2.05 6.1499999999999995 0 90 0
30.55 -2.05 10.25 0 90 0
30.55 -2.05 14.349999999999998 0 90 0
30.55 -2.05 18.45 0 90 0
30.55 -2.05 22.56 0 90 0
30.55 -2.05 26.66 0 90 0
30.55 -2.05 30.759999999999998 0 90 0
30.55 -2.05 34.86 0 90 0
30.55 -2.05 38.959999999999994 0 90 0
30.55 2.05 -18.45 0 90 0
30.55 2.05 -14.349999999999998 0 90 0
30.55 2.05 -10.25 0 90 0
30.55 2.05 -6.1499999999999995 0 90 0
30.55 2.05 -2.05 0 90 0
30.55 2.05 2.05 0 90 0
30.55 2.05 6.1499999999999995 0 90 0
30.55 2.05 10.25 0 90 0
30.55 2.05 14.349999999999998 0 90 0
30.55 2.05 18.45 0 90 0
30.55 6.1499999999999995 -38.959999999999994 0 90 0
30.55 6.1499999999999995 -34.86 0 90 0
30.55 6.1499999999999995 -30.759999999999998 0 90 0
30.55 6.1499999999999995 -26.66 0 90 0
30.55 6.1499999999999995 -22.56 0 90 0
30.55 6.1499999999999995 -18.45 0 90 0
30.55 6.1499999999999995 -14.349999999999998 0 90 0
30.55 6.1499999999999995 -10.25 0 90 0
30.55 6.1499999999999995 -6.1499999999999995 0 90 0
30.55 6.1499999999999995 -2.05 0 90 0
30.55 6.1499999999999995 2.05 0 90 0
30.55 6.1499999999999995 6.1499999999999995 0 90 0
30.55 6.1499999999999995 10.25 0 90 0
30.55 6.1499999999999995 14.349999999999998 0 90 0
30.55 6.1499999999999995 18.45 0 90 0
30.55 6.1499999999999995 22.56 0 90 0
30.55 6.1499999999999995 26.66 0 90 0
30.55 6.1499999999999995 30.759999999999998 0 90 0
30.55 6.1499999999999995 34.86 0 90 0
30.55 6.1499999999999995 38.959999999999994 0 90 0
30.55 10.25 -18.45 0 90 0
30.55 10.25 -14.349999999999998 0 90 0
30.55 10.25 -10.25 0 90 0
30.55 10.25 -6.1499999999999995 0 90 0
30.55 10.25 -2.05 0 90 0
30.55 10.25 2.05 0 90 0
30.55 10.25 6.1499999999999995 0 90 0
30.55 10.25 10.25 0 90 0
30.55 10.25 14.349999999999998 0 90 0
30.55 10.25 18.45 0 90 0
30.55 14.349999999999998 -38.959999999999994 0 90 0
30.55 14.349999999999998 -34.86 0 90 0
30.55 14.349999999999998 -30.759999999999998 0 90 0
30.55 14.349999999999998 -26.66 0 90 0
30.55 14.349999999999998 -22.56 0 90 0
30.55 14.349999999999998 -18.45 0 90 0
30.55 14.349999999999998 -14.349999999999998 0 90 0
30.55 14.349999999999998 -10.25 0 90 0
30.55 14.349999999999998 -6.1499999999999995 0 90 0
30.55 14.349999999999998 -2.05 0 90 0
30.55 14.349999999999998 2.05 0 90 0
30.55 14.349999999999998 6.1499999999999995 0 90 0
30.55 14.349999999999998 10.25 0 90 0
30.55 14.349999999999998 14.349999999999998 0 90 0
30.55 14.349999999999998 18.45 0 90 0
30.55 14.349999999999998 22.56 0 90 0
30.55 14.349999999999998 26.66 0 90 0
30.55 14.349999999999998 30.759999999999998 0 90 0
30.55 14.349999999999998 34.86 0 90 0
30.55 14.349999999999998 38.959999999999994 0 90 0
30.55 18.45 -18.45 0 90 0
30.55 18.45 -14.349999999999998 0 90 0
30.55 18.45 -10.25 0 90 0
30.55 18.45 -6.1499999999999995 0 90 0
30.55 18.45 -2.05 0 90 0
30.55 18.45 2.05 0 90 0
30.55 18.45 6.1499999999999995 0 90 0
30.55 18.45 10.25 0 90 0
30.55 18.45 14.349999999999998 0 90 0
30.55 18.45 18.45 0 90 0
30.55 22.56 -18.45 0 90 0
30.55 22.56 -10.25 0 90 0
30.55 22.56 -2.05 0 90 0
30.55 22.56 6.1499999999999995 0 90 0
30.55 22.56 14.349999999999998 0 90 0
30.55 26.66 -18.45 0 90 0
30.55 26.66 -10.25 0 90 0
30.55 26.66 -2.05 0 90 0
30.55 26.66 6.1499999999999995 0 90 0
30.55 26.66 14.349999999999998 0 90 0
30.55 30.759999999999998 -18.45 0 90 0
30.55 30.759999999999998 -10.25 0 90 0
30.55 30.759999999999998 -2.05 0 90 0
30.55 30.759999999999998 6.1499999999999995 0 90 0
30.55 30.759999999999998 14.349999999999998 0 90 0
30.55 34.86 -18.45 0 90 0
30.55 34.86 -10.25 0 90 0
30.55 34.86 -2.05 0 90 0
30.55 34.86 6.1499999999999995 0 90 0
30.55 34.86 14.349999999999998 0 90 0
30.55 38.959999999999994 -18.45 0 90 0
30.55 38.959999999999994 -10.25 0 90 0
30.55 38.959999999999994 -2.05 0 90 0
30.55 38.959999999999994 6.1499999999999995 0 90 0
30.55 38.959999999999994 14.349999999999998 0 90 0
30.759999999999998 -38.959999999999994 -30.55 180 0 0
30.759999999999998 -38.959999999999994 30.55 0 0 0
30.759999999999998 -34.86 -30.55 180 0 0
30.759999999999998 -34.86 30.55 0 0 0
30.759999999999998 -30.759999999999998 -30.55 180 0 0
30.759999999999998 -30.759999999999998 30.55 0 0 0
30.759999999999998 -30.55 -14.349999999999998 90 0 0
30.759999999999998 -30.55 -6.1499999999999995 90 0 0
30.759999999999998 -30.55 2.05 90 0 0
30.759999999999998 -30.55 10.25 90 0 0
30.759999999999998 -30.55 18.45 90 0 0
30.759999999999998 -26.66 -30.55 180 0 0
30.759999999999998 -26.66 30.55 0 0 0
30.759999999999998 -22.56 -30.55 180 0 0
30.759999999999998 -22.56 30.55 0 0 0
30.759999999999998 -14.349999999999998 -30.55 180 0 0
30.759999999999998 -14.349999999999998 30.55 0 0 0
30.759999999999998 -6.1499999999999995 -30.55 180 0 0
30.759999999999998 -6.1499999999999995 30.55 0 0 0
30.759999999999998 2.05 -30.55 180 0 0
30.759999999999998 2.05 30.55 0 0 0
30.759999999999998 10.25 -30.55 180 0 0
30.759999999999998 10.25 30.55 0 0 0
30.759999999999998 18.45 -30.55 180 0 0
30.759999999999998 18.45 30.55 0 0 0
30.759999999999998 22.56 -30.55 180 0 0
30.759999999999998 22.56 30.55 0 0 0
30.759999999999998 26.66 -30.55 180 0 0
30.759999999999998 26.66 30.55 0 0 0
30.759999999999998 30.55 -14.349999999999998 -90 0 0
30.759999999999998 30.55 -6.1499999999999995 -90 0 0
30.759999999999998 30.55 2.05 -90 0 0
30.759999999999998 30.55 10.25 -90 0 0
30.759999999999998 30.55 18.45 -90 0 0
30.759999999999998 30.759999999999998 -30.55 180 0 0
30.759999999999998 30.759999999999998 30.55 0 0 0
30.759999999999998 34.86 -30.55 180 0 0
30.759999999999998 34.86 30.55 0 0 0
30.759999999999998 38.959999999999994 -30.55 180 0 0
30.759999999999998 38.959999999999994 30.55 0 0 0
34.86 -30.55 -38.959999999999994 90 0 0
34.86 -30.55 -34.86 90 0 0
34.86 -30.55 -30.759999999999998 90 0 0
34.86 -30.55 -26.66 90 0 0
34.86 -30.55 -22.56 90 0 0
34.86 -30.55 -14.349999999999998 90 0 0
34.86 -30.55 -6.1499999999999995 90 0 0
34.86 -30.55 2.05 90 0 0
34.86 -30.55 10.25 90 0 0
34.86 -30.55 18.45 90 0 0
34.86 -30.55 22.56 90 0 0
34.86 -30.55 26.66 90 0 0
34.86 -30.55 30.759999999999998 90 0 0
34.86 -30.55 34.86 90 0 0
34.86 -30.55 38.959999999999994 90 0 0
34.86 -14.349999999999998 -30.55 180 0 0
34.86 -14.349999999999998 30.55 0 0 0
34.86 -6.1499999999999995 -30.55 180 0 0
34.86 -6.1499999999999995 30.55 0 0 0
34.86 2.05 -30.55 180 0 0
34.86 2.05 30.55 0 0 0
34.86 10.25 -30.55 180 0 0
34.86 10.25 30.55 0 0 0
34.86 18.45 -30.55 180 0 0
34.86 18.45 30.55 0 0 0
34.86 30.55 -38.959999999999994 -90 0 0
34.86 30.55 -34.86 -90 0 0
34.86 30.55 -30.759999999999998 -90 0 0
34.86 30.55 -26.66 -90 0 0
34.86 30.55 -22.56 -90 0 0
34.86 30.55 -14.349999999999998 -90 0 0
34.86 30.55 -6.1499999999999995 -90 0 0
34.86 30.55 2.05 -90 0 0
34.86 30.55 10.25 -90 0 0
34.86 30.55 18.45 -90 0 0
34.86 30.55 22.56 -90 0 0
34.86 30.55 26.66 -90 0 0
34.86 30.55 30.759999999999998 -90 0 0
34.86 30.55 34.86 -90 0 0
34.86 30.55 38.959999999999994 -90 0 0
38.959999999999994 -38.959999999999994 -30.55 180 0 0
38.959999999999994 -38.959999999999994 30.55 0 0 0
38.959999999999994 -34.86 -30.55 180 0 0
38.959999999999994 -34.86 30.55 0 0 0
38.959999999999994 -30.759999999999998 -30.55 180 0 0
38.959999999999994 -30.759999999999998 30.55 0 0 0
38.959999999999994 -30.55 -14.349999999999998 90 0 0
38.959999999999994 -30.55 -6.1499999999999995 90 0 0
38.959999999999994 -30.55 2.05 90 0 0
38.959999999999994 -30.55 10.25 90 0 0
38.959999999999994 -30.55 18.45 90 0 0
38.959999999999994 -26.66 -30.55 180 0 0
38.959999999999994 -26.66 30.55 0 0 0
38.959999999999994 -22.56 -30.55 180 0 0
38.959999999999994 -22.56 30.55 0 0 0
38.959999999999994 -14.349999999999998 -30.55 180 0 0
38.959999999999994 -14.349999999999998 30.55 0 0 0
38.959999999999994 -6.1499999999999995 -30.55 180 0 0
38.959999999999994 -6.1499999999999995 30.55 0 0 0
38.959999999999994 2.05 -30.55 180 0 0
38.959999999999994 2.05 30.55 0 0 0
38.959999999999994 10.25 -30.55 180 0 0
38.959999999999994 10.25 30.55 0 0 0
38.959999999999994 18.45 -30.55 180 0 0
38.959999999999994 18.45 30.55 0 0 0
38.959999999999994 22.56 -30.55 180 0 0
38.959999999999994 22.56 30.55 0 0 0
38.959999999999994 26.66 -30.55 180 0 0
38.959999999999994 26.66 30.55 0 0 0
38.959999999999994 30.55 -14.349999999999998 -90 0 0
38.959999999999994 30.55 -6.1499999999999995 -90 0 0
38.959999999999994 30.55 2.05 -90 0 0
38.959999999999994 30.55 10.25 -90 0 0
38.959999999999994 30.55 18.45 -90 0 0
38.959999999999994 30.759999999999998 -30.55 180 0 0
38.959999999999994 30.759999999999998 30.55 0 0 0
38.959999999999994 34.86 -30.55 180 0 0
38.959999999999994 34.86 30.55 0 0 0
38.959999999999994 38.959999999999994 -30.55 180 0 0
38.959999999999994 38.959999999999994 30.55 0 0 0
