-41.00999999999999 -32.599999999999994 -41.00999999999999 90 0 0
-41.00999999999999 -32.599999999999994 -36.91 90 0 0
-41.00999999999999 -32.599999999999994 -32.809999999999995 90 0 0
-41.00999999999999 -32.599999999999994 -28.709999999999997 90 0 0
-41.00999999999999 -32.599999999999994 -24.609999999999996 90 0 0
-41.00999999999999 -32.599999999999994 -20.5 90 0 0
-41.00999999999999 -32.599999999999994 -12.299999999999999 90 0 0
-41.00999999999999 -32.599999999999994 -4.1 90 0 0
-41.00999999999999 -32.599999999999994 4.1 90 0 0
-41.00999999999999 -32.599999999999994 12.299999999999999 90 0 0
-41.00999999999999 -32.599999999999994 20.5 90 0 0
-41.00999999999999 -32.599999999999994 24.609999999999996 90 0 0
-41.00999999999999 -32.599999999999994 28.709999999999997 90 0 0
-41.00999999999999 -32.599999999999994 32.809999999999995 90 0 0
-41.00999999999999 -32.599999999999994 36.91 90 0 0
-41.00999999999999 -32.599999999999994 41.00999999999999 90 0 0
-41.00999999999999 -20.5 -32.599999999999994 180 0 0
-41.00999999999999 -20.5 32.599999999999994 0 0 0
-41.00999999999999 -12.299999999999999 -32.599999999999994 180 0 0
-41.00999999999999 -12.299999999999999 32.599999999999994 0 0 0
-41.00999999999999 -4.1 -32.599999999999994 180 0 0
-41.00999999999999 -4.1 32.599999999999994 0 0 0
-41.00999999999999 4.1 -32.599999999999994 180 0 0
-41.00999999999999 4.1 32.599999999999994 0 0 0
-41.00999999999999 12.299999999999999 -32.599999999999994 180 0 0
-41.00999999999999 12.299999999999999 32.599999999999994 0 0 0
-41.00999999999999 20.5 -32.599999999999994 180 0 0
-41.00999999999999 20.5 32.599999999999994 0 0 0
-41.00999999999999 32.599999999999994 -41.00999999999999 -90 0 0
-41.00999999999999 32.599999999999994 -36.91 -90 0 0
-41.00999999999999 32.599999999999994 -32.809999999999995 -90 0 0
-41.00999999999999 32.599999999999994 -28.709999999999997 -90 0 0
-41.00999999999999 32.599999999999994 -24.609999999999996 -90 0 0
-41.00999999999999 32.599999999999994 -20.5 -90 0 0
-41.00999999999999 32.599999999999994 -12.299999999999999 -90 0 0
-41.00999999999999 32.599999999999994 -4.1 -90 0 0
-41.00999999999999 32.599999999999994 4.1 -90 0 0
-41.00999999999999 32.599999999999994 12.299999999999999 -90 0 0
-41.00999999999999 32.599999999999994 20.5 -90 0 0
-41.00999999999999 32.599999999999994 24.609999999999996 -90 0 0
-41.00999999999999 32.599999999999994 28.709999999999997 -90 0 0
-41.00999999999999 32.599999999999994 32.809999999999995 -90 0 0
-41.00999999999999 32.599999999999994 36.91 -90 0 0
-41.00999999999999 32.599999999999994 41.00999999999999 -90 0 0
-36.91 -41.00999999999999 -32.599999999999994 180 0 0
-36.91 -41.00999999999999 32.599999999999994 0 0 0
-36.91 -36.91 -32.599999999999994 180 0 0
-36.91 -36.91 32.599999999999994 0 0 0
-36.91 -32.809999999999995 -32.599999999999994 180 0 0
-36.91 -32.809999999999995 32.599999999999994 0 0 0
-36.91 -32.599999999999994 -20.5 90 0 0
-36.91 -32.599999999999994 -12.299999999999999 90 0 0
-36.91 -32.599999999999994 -4.1 90 0 0
-36.91 -32.599999999999994 4.1 90 0 0
-36.91 -32.599999999999994 12.299999999999999 90 0 0
-36.91 -32.599999999999994 20.5 90 0 0
-36.91 -28.709999999999997 -32.599999999999994 180 0 0
-36.91 -28.709999999999997 32.599999999999994 0 0 0
-36.91 -24.609999999999996 -32.599999999999994 180 0 0
-36.91 -24.609999999999996 32.599999999999994 0 0 0
-36.91 -20.5 -32.599999999999994 180 0 0
-36.91 -20.5 32.599999999999994 0 0 0
-36.91 -12.299999999999999 -32.599999999999994 180 0 0
-36.91 -12.299999999999999 32.599999999999994 0 0 0
-36.91 -4.1 -32.599999999999994 180 0 0
-36.91 -4.1 32.599999999999994 0 0 0
-36.91 4.1 -32.599999999999994 180 0 0
-36.91 4.1 32.599999999999994 0 0 0
-36.91 12.299999999999999 -32.599999999999994 180 0 0
-36.91 12.299999999999999 32.599999999999994 0 0 0
-36.91 20.5 -32.599999999999994 180 0 0
-36.91 20.5 32.599999999999994 0 0 0
-36.91 24.609999999999996 -32.599999999999994 180 0 0
-36.91 24.609999999999996 32.599999999999994 0 0 0
-36.91 28.709999999999997 -32.599999999999994 180 0 0
-36.91 28.709999999999997 32.599999999999994 0 0 0
-36.91 32.599999999999994 -20.5 -90 0 0
-36.91 32.599999999999994 -12.299999999999999 -90 0 0
-36.91 32.599999999999994 -4.1 -90 0 0
-36.91 32.599999999999994 4.1 -90 0 0
-36.91 32.599999999999994 12.299999999999999 -90 0 0
-36.91 32.599999999999994 20.5 -90 0 0
-36.91 32.809999999999995 -32.599999999999994 180 0 0
-36.91 32.809999999999995 32.599999999999994 0 0 0
-36.91 36.91 -32.599999999999994 180 0 0
-36.91 36.91 32.599999999999994 0 0 0
-36.91 41.00999999999999 -32.599999999999994 180 0 0
-36.91 41.00999999999999 32.599999999999994 0 0 0
-32.809999999999995 -32.599999999999994 -41.00999999999999 90 0 0
-32.809999999999995 -32.599999999999994 -36.91 90 0 0
-32.809999999999995 -32.599999999999994 -32.809999999999995 90 0 0
-32.809999999999995 -32.599999999999994 -28.709999999999997 90 0 0
-32.809999999999995 -32.599999999999994 -24.609999999999996 90 0 0
-32.809999999999995 -32.599999999999994 -20.5 90 0 0
-32.809999999999995 -32.599999999999994 -12.299999999999999 90 0 0
-32.809999999999995 -32.599999999999994 -4.1 90 0 0
-32.809999999999995 -32.599999999999994 4.1 90 0 0
-32.809999999999995 -32.599999999999994 12.299999999999999 90 0 0
-32.809999999999995 -32.599999999999994 20.5 90 0 0
-32.809999999999995 -32.599999999999994 24.609999999999996 90 0 0
-32.809999999999995 -32.599999999999994 28.709999999999997 90 0 0
-32.809999999999995 -32.599999999999994 32.809999999999995 90 0 0
-32.809999999999995 -32.599999999999994 36.91 90 0 0
-32.809999999999995 -32.599999999999994 41.00999999999999 90 0 0
-32.809999999999995 -20.5 -32.599999999999994 180 0 0
-32.809999999999995 -20.5 32.599999999999994 0 0 0
-32.809999999999995 -12.299999999999999 -32.599999999999994 180 0 0
-32.809999999999995 -12.299999999999999 32.599999999999994 0 0 0
-32.809999999999995 -4.1 -32.599999999999994 180 0 0
-32.809999999999995 -4.1 32.599999999999994 0 0 0
-32.809999999999995 4.1 -32.599999999999994 180 0 0
-32.809999999999995 4.1 32.599999999999994 0 0 0
-32.809999999999995 12.299999999999999 -32.599999999999994 180 0 0
-32.809999999999995 12.299999999999999 32.599999999999994 0 0 0
-32.809999999999995 20.5 -32.599999999999994 180 0 0
-32.809999999999995 20.5 32.599999999999994 0 0 0
-32.809999999999995 32.599999999999994 -41.00999999999999 -90 0 0
-32.809999999999995 32.599999999999994 -36.91 -90 0 0
-32.809999999999995 32.599999999999994 -32.809999999999995 -90 0 0
-32.809999999999995 32.599999999999994 -28.709999999999997 -90 0 0
-32.809999999999995 32.599999999999994 -24.609999999999996 -90 0 0
-32.809999999999995 32.599999999999994 -20.5 -90 0 0
-32.809999999999995 32.599999999999994 -12.299999999999999 -90 0 0
-32.809999999999995 32.599999999999994 -4.1 -90 0 0
-32.809999999999995 32.599999999999994 4.1 -90 0 0
-32.809999999999995 32.599999999999994 12.299999999999999 -90 0 0
-32.809999999999995 32.599999999999994 20.5 -90 0 0
-32.809999999999995 32.599999999999994 24.609999999999996 -90 0 0
-32.809999999999995 32.599999999999994 28.709999999999997 -90 0 0
-32.809999999999995 32.599999999999994 32.809999999999995 -90 0 0
-32.809999999999995 32.599999999999994 36.91 -90 0 0
-32.809999999999995 32.599999999999994 41.00999999999999 -90 0 0
-32.599999999999994 -41.00999999999999 -16.4 0 -90 0
-32.599999999999994 -41.00999999999999 -8.2 0 -90 0
-32.599999999999994 -41.00999999999999 0.0 0 -90 0
-32.599999999999994 -41.00999999999999 8.2 0 -90 0
-32.599999999999994 -41.00999999999999 16.4 0 -90 0
-32.599999999999994 -36.91 -16.4 0 -90 0
-32.599999999999994 -36.91 -8.2 0 -90 0
-32.599999999999994 -36.91 0.0 0 -90 0
-32.599999999999994 -36.91 8.2 0 -90 0
-32.599999999999994 -36.91 16.4 0 -90 0
-32.599999999999994 -32.809999999999995 -16.4 0 -90 0
-32.599999999999994 -32.809999999999995 -8.2 0 -90 0
-32.599999999999994 -32.809999999999995 0.0 0 -90 0
-32.599999999999994 -32.809999999999995 8.2 0 -90 0
-32.599999999999994 -32.809999999999995 16.4 0 -90 0
-32.599999999999994 -28.709999999999997 -16.4 0 -90 0
-32.599999999999994 -28.709999999999997 -8.2 0 -90 0
-32.599999999999994 -28.709999999999997 0.0 0 -90 0
-32.599999999999994 -28.709999999999997 8.2 0 -90 0
-32.599999999999994 -28.709999999999997 16.4 0 -90 0
-32.599999999999994 -24.609999999999996 -16.4 0 -90 0
-32.599999999999994 -24.609999999999996 -8.2 0 -90 0
-32.599999999999994 -24.609999999999996 0.0 0 -90 0
-32.599999999999994 -24.609999999999996 8.2 0 -90 0
-32.599999999999994 -24.609999999999996 16.4 0 -90 0
-32.599999999999994 -20.5 -20.5 0 -90 0
-32.599999999999994 -20.5 -16.4 0 -90 0
-32.599999999999994 -20.5 -12.299999999999999 0 -90 0
-32.599999999999994 -20.5 -8.2 0 -90 0
-32.599999999999994 -20.5 -4.1 0 -90 0
-32.599999999999994 -20.5 0.0 0 -90 0
-32.599999999999994 -20.5 4.1 0 -90 0
-32.599999999999994 -20.5 8.2 0 -90 0
-32.599999999999994 -20.5 12.299999999999999 0 -90 0
-32.599999999999994 -20.5 16.4 0 -90 0
-32.599999999999994 -20.5 20.5 0 -90 0
-32.599999999999994 -16.4 -41.00999999999999 0 -90 0
-32.599999999999994 -16.4 -36.91 0 -90 0
-32.599999999999994 -16.4 -32.809999999999995 0 -90 0
-32.599999999999994 -16.4 -28.709999999999997 0 -90 0
-32.599999999999994 -16.4 -24.609999999999996 0 -90 0
-32.599999999999994 -16.4 -20.5 0 -90 0
-32.599999999999994 -16.4 -16.4 0 -90 0
-32.599999999999994 -16.4 -12.299999999999999 0 -90 0
-32.599999999999994 -16.4 -8.2 0 -90 0
-32.599999999999994 -16.4 -4.1 0 -90 0
-32.599999999999994 -16.4 0.0 0 -90 0
-32.599999999999994 -16.4 4.1 0 -90 0
-32.599999999999994 -16.4 8.2 0 -90 0
-32.599999999999994 -16.4 12.299999999999999 0 -90 0
-32.599999999999994 -16.4 16.4 0 -90 0
-32.599999999999994 -16.4 20.5 0 -90 0
-32.599999999999994 -16.4 24.609999999999996 0 -90 0
-32.599999999999994 -16.4 28.709999999999997 0 -90 0
-32.599999999999994 -16.4 32.809999999999995 0 -90 0
-32.599999999999994 -16.4 36.91 0 -90 0
-32.599999999999994 -16.4 41.00999999999999 0 -90 0
-32.599999999999994 -12.299999999999999 -20.5 0 -90 0
-32.599999999999994 -12.299999999999999 -16.4 0 -90 0
-32.599999999999994 -12.299999999999999 -12.299999999999999 0 -90 0
-32.599999999999994 -12.299999999999999 -8.2 0 -90 0
-32.599999999999994 -12.299999999999999 -4.1 0 -90 0
-32.599999999999994 -12.299999999999999 0.0 0 -90 0
-32.599999999999994 -12.299999999999999 4.1 0 -90 0
-32.599999999999994 -12.299999999999999 8.2 0 -90 0
-32.599999999999994 -12.299999999999999 12.299999999999999 0 -90 0
-32.599999999999994 -12.299999999999999 16.4 0 -90 0
-32.599999999999994 -12.299999999999999 20.5 0 -90 0
-32.599999999999994 -8.2 -41.00999999999999 0 -90 0
-32.599999999999994 -8.2 -36.91 0 -90 0
-32.599999999999994 -8.2 -32.809999999999995 0 -90 0
-32.599999999999994 -8.2 -28.709999999999997 0 -90 0
-32.599999999999994 -8.2 -24.609999999999996 0 -90 0
-32.599999999999994 -8.2 -20.5 0 -90 0
-32.599999999999994 -8.2 -16.4 0 -90 0
-32.599999999999994 -8.2 -12.299999999999999 0 -90 0
-32.599999999999994 -8.2 -8.2 0 -90 0
-32.599999999999994 -8.2 -4.1 0 -90 0
-32.599999999999994 -8.2 0.0 0 -90 0
-32.599999999999994 -8.2 4.1 0 -90 0
-32.599999999999994 -8.2 8.2 0 -90 0
-32.599999999999994 -8.2 12.299999999999999 0 -90 0
-32.599999999999994 -8.2 16.4 0 -90 0
-32.599999999999994 -8.2 20.5 0 -90 0
-32.599999999999994 -8.2 24.609999999999996 0 -90 0
-32.599999999999994 -8.2 28.709999999999997 0 -90 0
-32.599999999999994 -8.2 32.809999999999995 0 -90 0
-32.599999999999994 -8.2 36.91 0 -90 0
-32.599999999999994 -8.2 41.00999999999999 0 -90 0
-32.599999999999994 -4.1 -20.5 0 -90 0
-32.599999999999994 -4.1 -16.4 0 -90 0
-32.599999999999994 -4.1 -12.299999999999999 0 -90 0
-32.599999999999994 -4.1 -8.2 0 -90 0
-32.599999999999994 -4.1 -4.1 0 -90 0
-32.599999999999994 -4.1 0.0 0 -90 0
-32.599999999999994 -4.1 4.1 0 -90 0
-32.599999999999994 -4.1 8.2 0 -90 0
-32.599999999999994 -4.1 12.299999999999999 0 -90 0
-32.599999999999994 -4.1 16.4 0 -90 0
-32.599999999999994 -4.1 20.5 0 -90 0
-32.599999999999994 0.0 -41.00999999999999 0 -90 0
-32.599999999999994 0.0 -36.91 0 -90 0
-32.599999999999994 0.0 -32.809999999999995 0 -90 0
-32.599999999999994 0.0 -28.709999999999997 0 -90 0
-32.599999999999994 0.0 -24.609999999999996 0 -90 0
-32.599999999999994 0.0 -20.5 0 -90 0
-32.599999999999994 0.0 -16.4 0 -90 0
-32.599999999999994 0.0 -12.299999999999999 0 -90 0
-32.599999999999994 0.0 -8.2 0 -90 0
-32.599999999999994 0.0 -4.1 0 -90 0
-32.599999999999994 0.0 0.0 0 -90 0
-32.599999999999994 0.0 4.1 0 -90 0
-32.599999999999994 0.0 8.2 0 -90 0
-32.599999999999994 0.0 12.299999999999999 0 -90 0
-32.599999999999994 0.0 16.4 0 -90 0
-32.599999999999994 0.0 20.5 0 -90 0
-32.599999999999994 0.0 24.609999999999996 0 -90 0
-32.599999999999994 0.0 28.709999999999997 0 -90 0
-32.599999999999994 0.0 32.809999999999995 0 -90 0
-32.599999999999994 0.0 36.91 0 -90 0
-32.599999999999994 0.0 41.00999999999999 0 -90 0
-32.599999999999994 4.1 -20.5 0 -90 0
-32.599999999999994 4.1 -16.4 0 -90 0
-32.599999999999994 4.1 -12.299999999999999 0 -90 0
-32.599999999999994 4.1 -8.2 0 -90 0
-32.599999999999994 4.1 -4.1 0 -90 0
-32.599999999999994 4.1 0.0 0 -90 0
-32.599999999999994 4.1 4.1 0 -90 0
-32.599999999999994 4.1 8.2 0 -90 0
-32.599999999999994 4.1 12.299999999999999 0 -90 0
-32.599999999999994 4.1 16.4 0 -90 0
-32.599999999999994 4.1 20.5 0 -90 0
-32.599999999999994 8.2 -41.00999999999999 0 -90 0
-32.599999999999994 8.2 -36.91 0 -90 0
-32.599999999999994 8.2 -32.809999999999995 0 -90 0
-32.599999999999994 8.2 -28.709999999999997 0 -90 0
-32.599999999999994 8.2 -24.609999999999996 0 -90 0
-32.599999999999994 8.2 -20.5 0 -90 0
-32.599999999999994 8.2 -16.4 0 -90 0
-32.599999999999994 8.2 -12.299999999999999 0 -90 0
-32.599999999999994 8.2 -8.2 0 -90 0
-32.599999999999994 8.2 -4.1 0 -90 0
-32.599999999999994 8.2 0.0 0 -90 0
-32.599999999999994 8.2 4.1 0 -90 0
-32.599999999999994 8.2 8.2 0 -90 0
-32.599999999999994 8.2 12.299999999999999 0 -90 0
-32.599999999999994 8.2 16.4 0 -90 0
-32.599999999999994 8.2 20.5 0 -90 0
-32.599999999999994 8.2 24.609999999999996 0 -90 0
-32.599999999999994 8.2 28.709999999999997 0 -90 0
-32.599999999999994 8.2 32.809999999999995 0 -90 0
-32.599999999999994 8.2 36.91 0 -90 0
-32.599999999999994 8.2 41.00999999999999 0 -90 0
-32.599999999999994 12.299999999999999 -20.5 0 -90 0
-32.599999999999994 12.299999999999999 -16.4 0 -90 0
-32.599999999999994 12.299999999999999 -12.299999999999999 0 -90 0
-32.599999999999994 12.299999999999999 -8.2 0 -90 0
-32.599999999999994 12.299999999999999 -4.1 0 -90 0
-32.599999999999994 12.299999999999999 0.0 0 -90 0
-32.599999999999994 12.299999999999999 4.1 0 -90 0
-32.599999999999994 12.299999999999999 8.2 0 -90 0
-32.599999999999994 12.299999999999999 12.299999999999999 0 -90 0
-32.599999999999994 12.299999999999999 16.4 0 -90 0
-32.599999999999994 12.299999999999999 20.5 0 -90 0
-32.599999999999994 16.4 -41.00999999999999 0 -90 0
-32.599999999999994 16.4 -36.91 0 -90 0
-32.599999999999994 16.4 -32.809999999999995 0 -90 0
-32.599999999999994 16.4 -28.709999999999997 0 -90 0
-32.599999999999994 16.4 -24.609999999999996 0 -90 0
-32.599999999999994 16.4 -20.5 0 -90 0
-32.599999999999994 16.4 -16.4 0 -90 0
-32.599999999999994 16.4 -12.299999999999999 0 -90 0
-32.599999999999994 16.4 -8.2 0 -90 0
-32.599999999999994 16.4 -4.1 0 -90 0
-32.599999999999994 16.4 0.0 0 -90 0
-32.599999999999994 16.4 4.1 0 -90 0
-32.599999999999994 16.4 8.2 0 -90 0
-32.599999999999994 16.4 12.299999999999999 0 -90 0
-32.599999999999994 16.4 16.4 0 -90 0
-32.599999999999994 16.4 20.5 0 -90 0
-32.599999999999994 16.4 24.609999999999996 0 -90 0
-32.599999999999994 16.4 28.709999999999997 0 -90 0
-32.599999999999994 16.4 32.809999999999995 0 -90 0
-32.599999999999994 16.4 36.91 0 -90 0
-32.599999999999994 16.4 41.00999999999999 0 -90 0
-32.599999999999994 20.5 -20.5 0 -90 0
-32.599999999999994 20.5 -16.4 0 -90 0
-32.599999999999994 20.5 -12.299999999999999 0 -90 0
-32.599999999999994 20.5 -8.2 0 -90 0
-32.599999999999994 20.5 -4.1 0 -90 0
-32.599999999999994 20.5 0.0 0 -90 0
-32.599999999999994 20.5 4.1 0 -90 0
-32.599999999999994 20.5 8.2 0 -90 0
-32.599999999999994 20.5 12.299999999999999 0 -90 0
-32.599999999999994 20.5 16.4 0 -90 0
-32.599999999999994 20.5 20.5 0 -90 0
-32.599999999999994 24.609999999999996 -16.4 0 -90 0
-32.599999999999994 24.609999999999996 -8.2 0 -90 0
-32.599999999999994 24.609999999999996 0.0 0 -90 0
-32.599999999999994 24.609999999999996 8.2 0 -90 0
-32.599999999999994 24.609999999999996 16.4 0 -90 0
-32.599999999999994 28.709999999999997 -16.4 0 -90 0
-32.599999999999994 28.709999999999997 -8.2 0 -90 0
-32.599999999999994 28.709999999999997 0.0 0 -90 0
-32.599999999999994 28.709999999999997 8.2 0 -90 0
-32.599999999999994 28.709999999999997 16.4 0 -90 0
-32.599999999999994 32.809999999999995 -16.4 0 -90 0
-32.599999999999994 32.809999999999995 -8.2 0 -90 0
-32.599999999999994 32.809999999999995 0.0 0 -90 0
-32.599999999999994 32.809999999999995 8.2 0 -90 0
-32.599999999999994 32.809999999999995 16.4 0 -90 0
-32.599999999999994 36.91 -16.4 0 -90 0
-32.599999999999994 36.91 -8.2 0 -90 0
-32.599999999999994 36.91 0.0 0 -90 0
-32.599999999999994 36.91 8.2 0 -90 0
-32.599999999999994 36.91 16.4 0 -90 0
-32.599999999999994 41.00999999999999 -16.4 0 -90 0
-32.599999999999994 41.00999999999999 -8.2 0 -90 0
-32.599999999999994 41.00999999999999 0.0 0 -90 0
-32.599999999999994 41.00999999999999 8.2 0 -90 0
-32.599999999999994 41.00999999999999 16.4 0 -90 0
-28.709999999999997 -41.00999999999999 -32.599999999999994 180 0 0
-28.709999999999997 -41.00999999999999 32.599999999999994 0 0 0
-28.709999999999997 -36.91 -32.599999999999994 180 0 0
-28.709999999999997 -36.91 32.599999999999994 0 0 0
-28.709999999999997 -32.809999999999995 -32.599999999999994 180 0 0
-28.709999999999997 -32.809999999999995 32.599999999999994 0 0 0
-28.709999999999997 -32.599999999999994 -20.5 90 0 0
-28.709999999999997 -32.599999999999994 -12.299999999999999 90 0 0
-28.709999999999997 -32.599999999999994 -4.1 90 0 0
-28.709999999999997 -32.599999999999994 4.1 90 0 0
-28.709999999999997 -32.599999999999994 12.299999999999999 90 0 0
-28.709999999999997 -32.599999999999994 20.5 90 0 0
-28.709999999999997 -28.709999999999997 -32.599999999999994 180 0 0
-28.709999999999997 -28.709999999999997 32.599999999999994 0 0 0
-28.709999999999997 -24.609999999999996 -32.599999999999994 180 0 0
-28.709999999999997 -24.609999999999996 32.599999999999994 0 0 0
-28.709999999999997 -20.5 -32.599999999999994 180 0 0
-28.709999999999997 -20.5 32.599999999999994 0 0 0
-28.709999999999997 -12.299999999999999 -32.599999999999994 180 0 0
-28.709999999999997 -12.299999999999999 32.599999999999994 0 0 0
-28.709999999999997 -4.1 -32.599999999999994 180 0 0
-28.709999999999997 -4.1 32.599999999999994 0 0 0
-28.709999999999997 4.1 -32.599999999999994 180 0 0
-28.709999999999997 4.1 32.599999999999994 0 0 0
-28.709999999999997 12.299999999999999 -32.599999999999994 180 0 0
-28.709999999999997 12.299999999999999 32.599999999999994 0 0 0
-28.709999999999997 20.5 -32.599999999999994 180 0 0
-28.709999999999997 20.5 32.599999999999994 0 0 0
-28.709999999999997 24.609999999999996 -32.599999999999994 180 0 0
-28.709999999999997 24.609999999999996 32.599999999999994 0 0 0
-28.709999999999997 28.709999999999997 -32.599999999999994 180 0 0
-28.709999999999997 28.709999999999997 32.599999999999994 0 0 0
-28.709999999999997 32.599999999999994 -20.5 -90 0 0
-28.709999999999997 32.599999999999994 -12.299999999999999 -90 0 0
-28.709999999999997 32.599999999999994 -4.1 -90 0 0
-28.709999999999997 32.599999999999994 4.1 -90 0 0
-28.709999999999997 32.599999999999994 12.299999999999999 -90 0 0
-28.709999999999997 32.599999999999994 20.5 -90 0 0
-28.709999999999997 32.809999999999995 -32.599999999999994 180 0 0
-28.709999999999997 32.809999999999995 32.599999999999994 0 0 0
-28.709999999999997 36.91 -32.599999999999994 180 0 0
-28.709999999999997 36.91 32.599999999999994 0 0 0
-28.709999999999997 41.00999999999999 -32.599999999999994 180 0 0
-28.709999999999997 41.00999999999999 32.599999999999994 0 0 0
-24.609999999999996 -32.599999999999994 -41.00999999999999 90 0 0
-24.609999999999996 -32.599999999999994 -36.91 90 0 0
-24.609999999999996 -32.599999999999994 -32.809999999999995 90 0 0
-24.609999999999996 -32.599999999999994 -28.709999999999997 90 0 0
-24.609999999999996 -32.599999999999994 -24.609999999999996 90 0 0
-24.609999999999996 -32.599999999999994 -20.5 90 0 0
-24.609999999999996 -32.599999999999994 -12.299999999999999 90 0 0
-24.609999999999996 -32.599999999999994 -4.1 90 0 0
-24.609999999999996 -32.599999999999994 4.1 90 0 0
-24.609999999999996 -32.599999999999994 12.299999999999999 90 0 0
-24.609999999999996 -32.599999999999994 20.5 90 0 0
-24.609999999999996 -32.599999999999994 24.609999999999996 90 0 0
-24.609999999999996 -32.599999999999994 28.709999999999997 90 0 0
-24.609999999999996 -32.599999999999994 32.809999999999995 90 0 0
-24.609999999999996 -32.599999999999994 36.91 90 0 0
-24.609999999999996 -32.599999999999994 41.00999999999999 90 0 0
-24.609999999999996 -20.5 -32.599999999999994 180 0 0
-24.609999999999996 -20.5 32.599999999999994 0 0 0
-24.609999999999996 -12.299999999999999 -32.599999999999994 180 0 0
-24.609999999999996 -12.299999999999999 32.599999999999994 0 0 0
-24.609999999999996 -4.1 -32.599999999999994 180 0 0
-24.609999999999996 -4.1 32.599999999999994 0 0 0
-24.609999999999996 4.1 -32.599999999999994 180 0 0
-24.609999999999996 4.1 32.599999999999994 0 0 0
-24.609999999999996 12.299999999999999 -32.599999999999994 180 0 0
-24.609999999999996 12.299999999999999 32.599999999999994 0 0 0
-24.609999999999996 20.5 -32.599999999999994 180 0 0
-24.609999999999996 20.5 32.599999999999994 0 0 0
-24.609999999999996 32.599999999999994 -41.00999999999999 -90 0 0
-24.609999999999996 32.599999999999994 -36.91 -90 0 0
-24.609999999999996 32.599999999999994 -32.809999999999995 -90 0 0
-24.609999999999996 32.599999999999994 -28.709999999999997 -90 0 0
-24.609999999999996 32.599999999999994 -24.609999999999996 -90 0 0
-24.609999999999996 32.599999999999994 -20.5 -90 0 0
-24.609999999999996 32.599999999999994 -12.299999999999999 -90 0 0
-24.609999999999996 32.599999999999994 -4.1 -90 0 0
-24.609999999999996 32.599999999999994 4.1 -90 0 0
-24.609999999999996 32.599999999999994 12.299999999999999 -90 0 0
-24.609999999999996 32.599999999999994 20.5 -90 0 0
-24.609999999999996 32.599999999999994 24.609999999999996 -90 0 0
-24.609999999999996 32.599999999999994 28.709999999999997 -90 0 0
-24.609999999999996 32.599999999999994 32.809999999999995 -90 0 0
-24.609999999999996 32.599999999999994 36.91 -90 0 0
-24.609999999999996 32.599999999999994 41.00999999999999 -90 0 0
-20.5 -41.00999999999999 -32.599999999999994 180 0 0
-20.5 -41.00999999999999 32.599999999999994 0 0 0
-20.5 -36.91 -32.599999999999994 180 0 0
-20.5 -36.91 32.599999999999994 0 0 0
-20.5 -32.809999999999995 -32.599999999999994 180 0 0
-20.5 -32.809999999999995 32.599999999999994 0 0 0
-20.5 -32.599999999999994 -20.5 90 0 0
-20.5 -32.599999999999994 -16.4 90 0 0
-20.5 -32.599999999999994 -12.299999999999999 90 0 0
-20.5 -32.599999999999994 -8.2 90 0 0
-20.5 -32.599999999999994 -4.1 90 0 0
-20.5 -32.599999999999994 0.0 90 0 0
-20.5 -32.599999999999994 4.1 90 0 0
-20.5 -32.599999999999994 8.2 90 0 0
-20.5 -32.599999999999994 12.299999999999999 90 0 0
-20.5 -32.599999999999994 16.4 90 0 0
-20.5 -32.599999999999994 20.5 90 0 0
-20.5 -28.709999999999997 -32.599999999999994 180 0 0
-20.5 -28.709999999999997 32.599999999999994 0 0 0
-20.5 -24.609999999999996 -32.599999999999994 180 0 0
-20.5 -24.609999999999996 32.599999999999994 0 0 0
-20.5 -20.5 -32.599999999999994 180 0 0
-20.5 -20.5 32.599999999999994 0 0 0
-20.5 -16.4 -32.599999999999994 180 0 0
-20.5 -16.4 32.599999999999994 0 0 0
-20.5 -12.299999999999999 -32.599999999999994 180 0 0
-20.5 -12.299999999999999 32.599999999999994 0 0 0
-20.5 -8.2 -32.599999999999994 180 0 0
-20.5 -8.2 32.599999999999994 0 0 0
-20.5 -4.1 -32.599999999999994 180 0 0
-20.5 -4.1 32.599999999999994 0 0 0
-20.5 0.0 -32.599999999999994 180 0 0
-20.5 0.0 32.599999999999994 0 0 0
-20.5 4.1 -32.599999999999994 180 0 0
-20.5 4.1 32.599999999999994 0 0 0
-20.5 8.2 -32.599999999999994 180 0 0
-20.5 8.2 32.599999999999994 0 0 0
-20.5 12.299999999999999 -32.599999999999994 180 0 0
-20.5 12.299999999999999 32.599999999999994 0 0 0
-20.5 16.4 -32.599999999999994 180 0 0
-20.5 16.4 32.599999999999994 0 0 0
-20.5 20.5 -32.599999999999994 180 0 0
-20.5 20.5 32.599999999999994 0 0 0
-20.5 24.609999999999996 -32.599999999999994 180 0 0
-20.5 24.609999999999996 32.599999999999994 0 0 0
-20.5 28.709999999999997 -32.599999999999994 180 0 0
-20.5 28.709999999999997 32.599999999999994 0 0 0
-20.5 32.599999999999994 -20.5 -90 0 0
-20.5 32.599999999999994 -16.4 -90 0 0
-20.5 32.599999999999994 -12.299999999999999 -90 0 0
-20.5 32.599999999999994 -8.2 -90 0 0
-20.5 32.599999999999994 -4.1 -90 0 0
-20.5 32.599999999999994 0.0 -90 0 0
-20.5 32.599999999999994 4.1 -90 0 0
-20.5 32.599999999999994 8.2 -90 0 0
-20.5 32.599999999999994 12.299999999999999 -90 0 0
-20.5 32.599999999999994 16.4 -90 0 0
-20.5 32.599999999999994 20.5 -90 0 0
-20.5 32.809999999999995 -32.599999999999994 180 0 0
-20.5 32.809999999999995 32.599999999999994 0 0 0
-20.5 36.91 -32.599999999999994 180 0 0
-20.5 36.91 32.599999999999994 0 0 0
-20.5 41.00999999999999 -32.599999999999994 180 0 0
-20.5 41.00999999999999 32.599999999999994 0 0 0
-16.4 -32.599999999999994 -41.00999999999999 90 0 0
-16.4 -32.599999999999994 -36.91 90 0 0
-16.4 -32.599999999999994 -32.809999999999995 90 0 0
-16.4 -32.599999999999994 -28.709999999999997 90 0 0
-16.4 -32.599999999999994 -24.609999999999996 90 0 0
-16.4 -32.599999999999994 -20.5 90 0 0
-16.4 -32.599999999999994 -16.4 90 0 0
-16.4 -32.599999999999994 -12.299999999999999 90 0 0
-16.4 -32.599999999999994 -8.2 90 0 0
-16.4 -32.599999999999994 -4.1 90 0 0
-16.4 -32.599999999999994 0.0 90 0 0
-16.4 -32.599999999999994 4.1 90 0 0
-16.4 -32.599999999999994 8.2 90 0 0
-16.4 -32.599999999999994 12.299999999999999 90 0 0
-16.4 -32.599999999999994 16.4 90 0 0
-16.4 -32.599999999999994 20.5 90 0 0
-16.4 -32.599999999999994 24.609999999999996 90 0 0
-16.4 -32.599999999999994 28.709999999999997 90 0 0
-16.4 -32.599999999999994 32.809999999999995 90 0 0
-16.4 -32.599999999999994 36.91 90 0 0
-16.4 -32.599999999999994 41.00999999999999 90 0 0
-16.4 -20.5 -32.599999999999994 180 0 0
-16.4 -20.5 32.599999999999994 0 0 0
-16.4 -16.4 -32.599999999999994 180 0 0
-16.4 -16.4 32.599999999999994 0 0 0
-16.4 -12.299999999999999 -32.599999999999994 180 0 0
-16.4 -12.299999999999999 32.599999999999994 0 0 0
-16.4 -8.2 -32.599999999999994 180 0 0
-16.4 -8.2 32.599999999999994 0 0 0
-16.4 -4.1 -32.599999999999994 180 0 0
-16.4 -4.1 32.599999999999994 0 0 0
-16.4 0.0 -32.599999999999994 180 0 0
-16.4 0.0 32.599999999999994 0 0 0
-16.4 4.1 -32.599999999999994 180 0 0
-16.4 4.1 32.599999999999994 0 0 0
-16.4 8.2 -32.599999999999994 180 0 0
-16.4 8.2 32.599999999999994 0 0 0
-16.4 12.299999999999999 -32.599999999999994 180 0 0
-16.4 12.299999999999999 32.599999999999994 0 0 0
-16.4 16.4 -32.599999999999994 180 0 0
-16.4 16.4 32.599999999999994 0 0 0
-16.4 20.5 -32.599999999999994 180 0 0
-16.4 20.5 32.599999999999994 0 0 0
-16.4 32.599999999999994 -41.00999999999999 -90 0 0
-16.4 32.599999999999994 -36.91 -90 0 0
-16.4 32.599999999999994 -32.809999999999995 -90 0 0
-16.4 32.599999999999994 -28.709999999999997 -90 0 0
-16.4 32.599999999999994 -24.609999999999996 -90 0 0
-16.4 32.599999999999994 -20.5 -90 0 0
-16.4 32.599999999999994 -16.4 -90 0 0
-16.4 32.599999999999994 -12.299999999999999 -90 0 0
-16.4 32.599999999999994 -8.2 -90 0 0
-16.4 32.599999999999994 -4.1 -90 0 0
-16.4 32.599999999999994 0.0 -90 0 0
-16.4 32.599999999999994 4.1 -90 0 0
-16.4 32.599999999999994 8.2 -90 0 0
-16.4 32.599999999999994 12.299999999999999 -90 0 0
-16.4 32.599999999999994 16.4 -90 0 0
-16.4 32.599999999999994 20.5 -90 0 0
-16.4 32.599999999999994 24.609999999999996 -90 0 0
-16.4 32.599999999999994 28.709999999999997 -90 0 0
-16.4 32.599999999999994 32.809999999999995 -90 0 0
-16.4 32.599999999999994 36.91 -90 0 0
-16.4 32.599999999999994 41.00999999999999 -90 0 0
-12.299999999999999 -41.00999999999999 -32.599999999999994 180 0 0
-12.299999999999999 -41.00999999999999 32.599999999999994 0 0 0
-12.299999999999999 -36.91 -32.599999999999994 180 0 0
-12.299999999999999 -36.91 32.599999999999994 0 0 0
-12.299999999999999 -32.809999999999995 -32.599999999999994 180 0 0
-12.299999999999999 -32.809999999999995 32.599999999999994 0 0 0
-12.299999999999999 -32.599999999999994 -20.5 90 0 0
-12.299999999999999 -32.599999999999994 -16.4 90 0 0
-12.299999999999999 -32.599999999999994 -12.299999999999999 90 0 0
-12.299999999999999 -32.599999999999994 -8.2 90 0 0
-12.299999999999999 -32.599999999999994 -4.1 90 0 0
-12.299999999999999 -32.599999999999994 0.0 90 0 0
-12.299999999999999 -32.599999999999994 4.1 90 0 0
-12.299999999999999 -32.599999999999994 8.2 90 0 0
-12.299999999999999 -32.599999999999994 12.299999999999999 90 0 0
-12.299999999999999 -32.599999999999994 16.4 90 0 0
-12.299999999999999 -32.599999999999994 20.5 90 0 0
-12.299999999999999 -28.709999999999997 -32.599999999999994 180 0 0
-12.299999999999999 -28.709999999999997 32.599999999999994 0 0 0
-12.299999999999999 -24.609999999999996 -32.599999999999994 180 0 0
-12.299999999999999 -24.609999999999996 32.599999999999994 0 0 0
-12.299999999999999 -20.5 -32.599999999999994 180 0 0
-12.299999999999999 -20.5 32.599999999999994 0 0 0
-12.299999999999999 -16.4 -32.599999999999994 180 0 0
-12.299999999999999 -16.4 32.599999999999994 0 0 0
-12.299999999999999 -12.299999999999999 -32.599999999999994 180 0 0
-12.299999999999999 -12.299999999999999 32.599999999999994 0 0 0
-12.299999999999999 -8.2 -32.599999999999994 180 0 0
-12.299999999999999 -8.2 32.599999999999994 0 0 0
-12.299999999999999 -4.1 -32.599999999999994 180 0 0
-12.299999999999999 -4.1 32.599999999999994 0 0 0
-12.299999999999999 0.0 -32.599999999999994 180 0 0
-12.299999999999999 0.0 32.599999999999994 0 0 0
-12.299999999999999 4.1 -32.599999999999994 180 0 0
-12.299999999999999 4.1 32.599999999999994 0 0 0
-12.299999999999999 8.2 -32.599999999999994 180 0 0
-12.299999999999999 8.2 32.599999999999994 0 0 0
-12.299999999999999 12.299999999999999 -32.599999999999994 180 0 0
-12.299999999999999 12.299999999999999 32.599999999999994 0 0 0
-12.299999999999999 16.4 -32.599999999999994 180 0 0
-12.299999999999999 16.4 32.599999999999994 0 0 0
-12.299999999999999 20.5 -32.599999999999994 180 0 0
-12.299999999999999 20.5 32.599999999999994 0 0 0
-12.299999999999999 24.609999999999996 -32.599999999999994 180 0 0
-12.299999999999999 24.609999999999996 32.599999999999994 0 0 0
-12.299999999999999 28.709999999999997 -32.599999999999994 180 0 0
-12.299999999999999 28.709999999999997 32.599999999999994 0 0 0
-12.299999999999999 32.599999999999994 -20.5 -90 0 0
-12.299999999999999 32.599999999999994 -16.4 -90 0 0
-12.299999999999999 32.599999999999994 -12.299999999999999 -90 0 0
-12.299999999999999 32.599999999999994 -8.2 -90 0 0
-12.299999999999999 32.599999999999994 -4.1 -90 0 0
-12.299999999999999 32.599999999999994 0.0 -90 0 0
-12.299999999999999 32.599999999999994 4.1 -90 0 0
-12.299999999999999 32.599999999999994 8.2 -90 0 0
-12.299999999999999 32.599999999999994 12.299999999999999 -90 0 0
-12.299999999999999 32.599999999999994 16.4 -90 0 0
-12.299999999999999 32.599999999999994 20.5 -90 0 0
-12.299999999999999 32.809999999999995 -32.599999999999994 180 0 0
-12.299999999999999 32.809999999999995 32.599999999999994 0 0 0
-12.299999999999999 36.91 -32.599999999999994 180 0 0
-12.299999999999999 36.91 32.599999999999994 0 0 0
-12.299999999999999 41.00999999999999 -32.599999999999994 180 0 0
-12.299999999999999 41.00999999999999 32.599999999999994 0 0 0
-8.2 -32.599999999999994 -41.00999999999999 90 0 0
-8.2 -32.599999999999994 -36.91 90 0 0
-8.2 -32.599999999999994 -32.809999999999995 90 0 0
-8.2 -32.599999999999994 -28.709999999999997 90 0 0
-8.2 -32.599999999999994 -24.609999999999996 90 0 0
-8.2 -32.599999999999994 -20.5 90 0 0
-8.2 -32.599999999999994 -16.4 90 0 0
-8.2 -32.599999999999994 -12.299999999999999 90 0 0
-8.2 -32.599999999999994 -8.2 90 0 0
-8.2 -32.599999999999994 -4.1 90 0 0
-8.2 -32.599999999999994 0.0 90 0 0
-8.2 -32.599999999999994 4.1 90 0 0
-8.2 -32.599999999999994 8.2 90 0 0
-8.2 -32.599999999999994 12.299999999999999 90 0 0
-8.2 -32.599999999999994 16.4 90 0 0
-8.2 -32.599999999999994 20.5 90 0 0
-8.2 -32.599999999999994 24.609999999999996 90 0 0
-8.2 -32.599999999999994 28.709999999999997 90 0 0
-8.2 -32.599999999999994 32.809999999999995 90 0 0
-8.2 -32.599999999999994 36.91 90 0 0
-8.2 -32.599999999999994 41.00999999999999 90 0 0
-8.2 -20.5 -32.599999999999994 180 0 0
-8.2 -20.5 32.599999999999994 0 0 0
-8.2 -16.4 -32.599999999999994 180 0 0
-8.2 -16.4 32.599999999999994 0 0 0
-8.2 -12.299999999999999 -32.599999999999994 180 0 0
-8.2 -12.299999999999999 32.599999999999994 0 0 0
-8.2 -8.2 -32.599999999999994 180 0 0
-8.2 -8.2 32.599999999999994 0 0 0
-8.2 -4.1 -32.599999999999994 180 0 0
-8.2 -4.1 32.599999999999994 0 0 0
-8.2 0.0 -32.599999999999994 180 0 0
-8.2 0.0 32.599999999999994 0 0 0
-8.2 4.1 -32.599999999999994 180 0 0
-8.2 4.1 32.599999999999994 0 0 0
-8.2 8.2 -32.599999999999994 180 0 0
-8.2 8.2 32.599999999999994 0 0 0
-8.2 12.299999999999999 -32.599999999999994 180 0 0
-8.2 12.299999999999999 32.599999999999994 0 0 0
-8.2 16.4 -32.599999999999994 180 0 0
-8.2 16.4 32.599999999999994 0 0 0
-8.2 20.5 -32.599999999999994 180 0 0
-8.2 20.5 32.599999999999994 0 0 0
-8.2 32.599999999999994 -41.00999999999999 -90 0 0
-8.2 32.599999999999994 -36.91 -90 0 0
-8.2 32.599999999999994 -32.809999999999995 -90 0 0
-8.2 32.599999999999994 -28.709999999999997 -90 0 0
-8.2 32.599999999999994 -24.609999999999996 -90 0 0
-8.2 32.599999999999994 -20.5 -90 0 0
-8.2 32.599999999999994 -16.4 -90 0 0
-8.2 32.599999999999994 -12.299999999999999 -90 0 0
-8.2 32.599999999999994 -8.2 -90 0 0
-8.2 32.599999999999994 -4.1 -90 0 0
-8.2 32.599999999999994 0.0 -90 0 0
-8.2 32.599999999999994 4.1 -90 0 0
-8.2 32.599999999999994 8.2 -90 0 0
-8.2 32.599999999999994 12.299999999999999 -90 0 0
-8.2 32.599999999999994 16.4 -90 0 0
-8.2 32.599999999999994 20.5 -90 0 0
-8.2 32.599999999999994 24.609999999999996 -90 0 0
-8.2 32.599999999999994 28.709999999999997 -90 0 0
-8.2 32.599999999999994 32.809999999999995 -90 0 0
-8.2 32.599999999999994 36.91 -90 0 0
-8.2 32.599999999999994 41.00999999999999 -90 0 0
-4.1 -41.00999999999999 -32.599999999999994 180 0 0
-4.1 -41.00999999999999 32.599999999999994 0 0 0
-4.1 -36.91 -32.599999999999994 180 0 0
-4.1 -36.91 32.599999999999994 0 0 0
-4.1 -32.809999999999995 -32.599999999999994 180 0 0
-4.1 -32.809999999999995 32.599999999999994 0 0 0
-4.1 -32.599999999999994 -20.5 90 0 0
-4.1 -32.599999999999994 -16.4 90 0 0
-4.1 -32.599999999999994 -12.299999999999999 90 0 0
-4.1 -32.599999999999994 -8.2 90 0 0
-4.1 -32.599999999999994 -4.1 90 0 0
-4.1 -32.599999999999994 0.0 90 0 0
-4.1 -32.599999999999994 4.1 90 0 0
-4.1 -32.599999999999994 8.2 90 0 0
-4.1 -32.599999999999994 12.299999999999999 90 0 0
-4.1 -32.599999999999994 16.4 90 0 0
-4.1 -32.599999999999994 20.5 90 0 0
-4.1 -28.709999999999997 -32.599999999999994 180 0 0
-4.1 -28.709999999999997 32.599999999999994 0 0 0
-4.1 -24.609999999999996 -32.599999999999994 180 0 0
-4.1 -24.609999999999996 32.599999999999994 0 0 0
-4.1 -20.5 -32.599999999999994 180 0 0
-4.1 -20.5 32.599999999999994 0 0 0
-4.1 -16.4 -32.599999999999994 180 0 0
-4.1 -16.4 32.599999999999994 0 0 0
-4.1 -12.299999999999999 -32.599999999999994 180 0 0
-4.1 -12.299999999999999 32.599999999999994 0 0 0
-4.1 -8.2 -32.599999999999994 180 0 0
-4.1 -8.2 32.599999999999994 0 0 0
-4.1 -4.1 -32.599999999999994 180 0 0
-4.1 -4.1 32.599999999999994 0 0 0
-4.1 0.0 -32.599999999999994 180 0 0
-4.1 0.0 32.599999999999994 0 0 0
-4.1 4.1 -32.599999999999994 180 0 0
-4.1 4.1 32.599999999999994 0 0 0
-4.1 8.2 -32.599999999999994 180 0 0
-4.1 8.2 32.599999999999994 0 0 0
-4.1 12.299999999999999 -32.599999999999994 180 0 0
-4.1 12.299999999999999 32.599999999999994 0 0 0
-4.1 16.4 -32.599999999999994 180 0 0
-4.1 16.4 32.599999999999994 0 0 0
-4.1 20.5 -32.599999999999994 180 0 0
-4.1 20.5 32.599999999999994 0 0 0
-4.1 24.609999999999996 -32.599999999999994 180 0 0
-4.1 24.609999999999996 32.599999999999994 0 0 0
-4.1 28.709999999999997 -32.599999999999994 180 0 0
-4.1 28.709999999999997 32.599999999999994 0 0 0
-4.1 32.599999999999994 -20.5 -90 0 0
-4.1 32.599999999999994 -16.4 -90 0 0
-4.1 32.599999999999994 -12.299999999999999 -90 0 0
-4.1 32.599999999999994 -8.2 -90 0 0
-4.1 32.599999999999994 -4.1 -90 0 0
-4.1 32.599999999999994 0.0 -90 0 0
-4.1 32.599999999999994 4.1 -90 0 0
-4.1 32.599999999999994 8.2 -90 0 0
-4.1 32.599999999999994 12.299999999999999 -90 0 0
-4.1 32.599999999999994 16.4 -90 0 0
-4.1 32.599999999999994 20.5 -90 0 0
-4.1 32.809999999999995 -32.599999999999994 180 0 0
-4.1 32.809999999999995 32.599999999999994 0 0 0
-4.1 36.91 -32.599999999999994 180 0 0
-4.1 36.91 32.599999999999994 0 0 0
-4.1 41.00999999999999 -32.599999999999994 180 0 0
-4.1 41.00999999999999 32.599999999999994 0 0 0
0.0 -32.599999999999994 -41.00999999999999 90 0 0
0.0 -32.599999999999994 -36.91 90 0 0
0.0 -32.599999999999994 -32.809999999999995 90 0 0
0.0 -32.599999999999994 -28.709999999999997 90 0 0
0.0 -32.599999999999994 -24.609999999999996 90 0 0
0.0 -32.599999999999994 -20.5 90 0 0
0.0 -32.599999999999994 -16.4 90 0 0
0.0 -32.599999999999994 -12.299999999999999 90 0 0
0.0 -32.599999999999994 -8.2 90 0 0
0.0 -32.599999999999994 -4.1 90 0 0
0.0 -32.599999999999994 0.0 90 0 0
0.0 -32.599999999999994 4.1 90 0 0
0.0 -32.599999999999994 8.2 90 0 0
0.0 -32.599999999999994 12.299999999999999 90 0 0
0.0 -32.599999999999994 16.4 90 0 0
0.0 -32.599999999999994 20.5 90 0 0
0.0 -32.599999999999994 24.609999999999996 90 0 0
0.0 -32.599999999999994 28.709999999999997 90 0 0
0.0 -32.599999999999994 32.809999999999995 90 0 0
0.0 -32.599999999999994 36.91 90 0 0
0.0 -32.599999999999994 41.00999999999999 90 0 0
0.0 -20.5 -32.599999999999994 180 0 0
0.0 -20.5 32.599999999999994 0 0 0
0.0 -16.4 -32.599999999999994 180 0 0
0.0 -16.4 32.599999999999994 0 0 0
0.0 -12.299999999999999 -32.599999999999994 180 0 0
0.0 -12.299999999999999 32.599999999999994 0 0 0
0.0 -8.2 -32.599999999999994 180 0 0
0.0 -8.2 32.599999999999994 0 0 0
0.0 -4.1 -32.599999999999994 180 0 0
0.0 -4.1 32.599999999999994 0 0 0
0.0 0.0 -32.599999999999994 180 0 0
0.0 0.0 32.599999999999994 0 0 0
0.0 4.1 -32.599999999999994 180 0 0
0.0 4.1 32.599999999999994 0 0 0
0.0 8.2 -32.599999999999994 180 0 0
0.0 8.2 32.599999999999994 0 0 0
0.0 12.299999999999999 -32.599999999999994 180 0 0
0.0 12.299999999999999 32.599999999999994 0 0 0
0.0 16.4 -32.599999999999994 180 0 0
0.0 16.4 32.599999999999994 0 0 0
0.0 20.5 -32.599999999999994 180 0 0
0.0 20.5 32.599999999999994 0 0 0
0.0 32.599999999999994 -41.00999999999999 -90 0 0
0.0 32.599999999999994 -36.91 -90 0 0
0.0 32.599999999999994 -32.809999999999995 -90 0 0
0.0 32.599999999999994 -28.709999999999997 -90 0 0
0.0 32.599999999999994 -24.609999999999996 -90 0 0
0.0 32.599999999999994 -20.5 -90 0 0
0.0 32.599999999999994 -16.4 -90 0 0
0.0 32.599999999999994 -12.299999999999999 -90 0 0
0.0 32.599999999999994 -8.2 -90 0 0
0.0 32.599999999999994 -4.1 -90 0 0
0.0 32.599999999999994 0.0 -90 0 0
0.0 32.599999999999994 4.1 -90 0 0
0.0 32.599999999999994 8.2 -90 0 0
0.0 32.599999999999994 12.299999999999999 -90 0 0
0.0 32.599999999999994 16.4 -90 0 0
0.0 32.599999999999994 20.5 -90 0 0
0.0 32.599999999999994 24.609999999999996 -90 0 0
0.0 32.599999999999994 28.709999999999997 -90 0 0
0.0 32.599999999999994 32.809999999999995 -90 0 0
0.0 32.599999999999994 36.91 -90 0 0
0.0 32.599999999999994 41.00999999999999 -90 0 0
4.1 -41.00999999999999 -32.599999999999994 180 0 0
4.1 -41.00999999999999 32.599999999999994 0 0 0
4.1 -36.91 -32.599999999999994 180 0 0
4.1 -36.91 32.599999999999994 0 0 0
4.1 -32.809999999999995 -32.599999999999994 180 0 0
4.1 -32.809999999999995 32.599999999999994 0 0 0
4.1 -32.599999999999994 -20.5 90 0 0
4.1 -32.599999999999994 -16.4 90 0 0
4.1 -32.599999999999994 -12.299999999999999 90 0 0
4.1 -32.599999999999994 -8.2 90 0 0
4.1 -32.599999999999994 -4.1 90 0 0
4.1 -32.599999999999994 0.0 90 0 0
4.1 -32.599999999999994 4.1 90 0 0
4.1 -32.599999999999994 8.2 90 0 0
4.1 -32.599999999999994 12.299999999999999 90 0 0
4.1 -32.599999999999994 16.4 90 0 0
4.1 -32.599999999999994 20.5 90 0 0
4.1 -28.709999999999997 -32.599999999999994 180 0 0
4.1 -28.709999999999997 32.599999999999994 0 0 0
4.1 -24.609999999999996 -32.599999999999994 180 0 0
4.1 -24.609999999999996 32.599999999999994 0 0 0
4.1 -20.5 -32.599999999999994 180 0 0
4.1 -20.5 32.599999999999994 0 0 0
4.1 -16.4 -32.599999999999994 180 0 0
4.1 -16.4 32.599999999999994 0 0 0
4.1 -12.299999999999999 -32.599999999999994 180 0 0
4.1 -12.299999999999999 32.599999999999994 0 0 0
4.1 -8.2 -32.599999999999994 180 0 0
4.1 -8.2 32.599999999999994 0 0 0
4.1 -4.1 -32.599999999999994 180 0 0
4.1 -4.1 32.599999999999994 0 0 0
4.1 0.0 -32.599999999999994 180 0 0
4.1 0.0 32.599999999999994 0 0 0
4.1 4.1 -32.599999999999994 180 0 0
4.1 4.1 32.599999999999994 0 0 0
4.1 8.2 -32.599999999999994 180 0 0
4.1 8.2 32.599999999999994 0 0 0
4.1 12.299999999999999 -32.599999999999994 180 0 0
4.1 12.299999999999999 32.599999999999994 0 0 0
4.1 16.4 -32.599999999999994 180 0 0
4.1 16.4 32.599999999999994 0 0 0
4.1 20.5 -32.599999999999994 180 0 0
4.1 20.5 32.599999999999994 0 0 0
4.1 24.609999999999996 -32.599999999999994 180 0 0
4.1 24.609999999999996 32.599999999999994 0 0 0
4.1 28.709999999999997 -32.599999999999994 180 0 0
4.1 28.709999999999997 32.599999999999994 0 0 0
4.1 32.599999999999994 -20.5 -90 0 0
4.1 32.599999999999994 -16.4 -90 0 0
4.1 32.599999999999994 -12.299999999999999 -90 0 0
4.1 32.599999999999994 -8.2 -90 0 0
4.1 32.599999999999994 -4.1 -90 0 0
4.1 32.599999999999994 0.0 -90 0 0
4.1 32.599999999999994 4.1 -90 0 0
4.1 32.599999999999994 8.2 -90 0 0
4.1 32.599999999999994 12.299999999999999 -90 0 0
4.1 32.599999999999994 16.4 -90 0 0
4.1 32.599999999999994 20.5 -90 0 0
4.1 32.809999999999995 -32.599999999999994 180 0 0
4.1 32.809999999999995 32.599999999999994 0 0 0
4.1 36.91 -32.599999999999994 180 0 0
4.1 36.91 32.599999999999994 0 0 0
4.1 41.00999999999999 -32.599999999999994 180 0 0
4.1 41.00999999999999 32.599999999999994 0 0 0
8.2 -32.599999999999994 -41.00999999999999 90 0 0
8.2 -32.599999999999994 -36.91 90 0 0
8.2 -32.599999999999994 -32.809999999999995 90 0 0
8.2 -32.599999999999994 -28.709999999999997 90 0 0
8.2 -32.599999999999994 -24.609999999999996 90 0 0
8.2 -32.599999999999994 -20.5 90 0 0
8.2 -32.599999999999994 -16.4 90 0 0
8.2 -32.599999999999994 -12.299999999999999 90 0 0
8.2 -32.599999999999994 -8.2 90 0 0
8.2 -32.599999999999994 -4.1 90 0 0
8.2 -32.599999999999994 0.0 90 0 0
8.2 -32.599999999999994 4.1 90 0 0
8.2 -32.599999999999994 8.2 90 0 0
8.2 -32.599999999999994 12.299999999999999 90 0 0
8.2 -32.599999999999994 16.4 90 0 0
8.2 -32.599999999999994 20.5 90 0 0
8.2 -32.599999999999994 24.609999999999996 90 0 0
8.2 -32.599999999999994 28.709999999999997 90 0 0
8.2 -32.599999999999994 32.809999999999995 90 0 0
8.2 -32.599999999999994 36.91 90 0 0
8.2 -32.599999999999994 41.00999999999999 90 0 0
8.2 -20.5 -32.599999999999994 180 0 0
8.2 -20.5 32.599999999999994 0 0 0
8.2 -16.4 -32.599999999999994 180 0 0
8.2 -16.4 32.599999999999994 0 0 0
8.2 -12.299999999999999 -32.599999999999994 180 0 0
8.2 -12.299999999999999 32.599999999999994 0 0 0
8.2 -8.2 -32.599999999999994 180 0 0
8.2 -8.2 32.599999999999994 0 0 0
8.2 -4.1 -32.599999999999994 180 0 0
8.2 -4.1 32.599999999999994 0 0 0
8.2 0.0 -32.599999999999994 180 0 0
8.2 0.0 32.599999999999994 0 0 0
8.2 4.1 -32.599999999999994 180 0 0
8.2 4.1 32.599999999999994 0 0 0
8.2 8.2 -32.599999999999994 180 0 0
8.2 8.2 32.599999999999994 0 0 0
8.2 12.299999999999999 -32.599999999999994 180 0 0
8.2 12.299999999999999 32.599999999999994 0 0 0
8.2 16.4 -32.599999999999994 180 0 0
8.2 16.4 32.599999999999994 0 0 0
8.2 20.5 -32.599999999999994 180 0 0
8.2 20.5 32.599999999999994 0 0 0
8.2 32.599999999999994 -41.00999999999999 -90 0 0
8.2 32.599999999999994 -36.91 -90 0 0
8.2 32.599999999999994 -32.809999999999995 -90 0 0
8.2 32.599999999999994 -28.709999999999997 -90 0 0
8.2 32.599999999999994 -24.609999999999996 -90 0 0
8.2 32.599999999999994 -20.5 -90 0 0
8.2 32.599999999999994 -16.4 -90 0 0
8.2 32.599999999999994 -12.299999999999999 -90 0 0
8.2 32.599999999999994 -8.2 -90 0 0
8.2 32.599999999999994 -4.1 -90 0 0
8.2 32.599999999999994 0.0 -90 0 0
8.2 32.599999999999994 4.1 -90 0 0
8.2 32.599999999999994 8.2 -90 0 0
8.2 32.599999999999994 12.299999999999999 -90 0 0
8.2 32.599999999999994 16.4 -90 0 0
8.2 32.599999999999994 20.5 -90 0 0
8.2 32.599999999999994 24.609999999999996 -90 0 0
8.2 32.599999999999994 28.709999999999997 -90 0 0
8.2 32.599999999999994 32.809999999999995 -90 0 0
8.2 32.599999999999994 36.91 -90 0 0
8.2 32.599999999999994 41.00999999999999 -90 0 0
12.299999999999999 -41.00999999999999 -32.599999999999994 180 0 0
12.299999999999999 -41.00999999999999 32.599999999999994 0 0 0
12.299999999999999 -36.91 -32.599999999999994 180 0 0
12.299999999999999 -36.91 32.599999999999994 0 0 0
12.299999999999999 -32.809999999999995 -32.599999999999994 180 0 0
12.299999999999999 -32.809999999999995 32.599999999999994 0 0 0
12.299999999999999 -32.599999999999994 -20.5 90 0 0
12.299999999999999 -32.599999999999994 -16.4 90 0 0
12.299999999999999 -32.599999999999994 -12.299999999999999 90 0 0
12.299999999999999 -32.599999999999994 -8.2 90 0 0
12.299999999999999 -32.599999999999994 -4.1 90 0 0
12.299999999999999 -32.599999999999994 0.0 90 0 0
12.299999999999999 -32.599999999999994 4.1 90 0 0
12.299999999999999 -32.599999999999994 8.2 90 0 0
12.299999999999999 -32.599999999999994 12.299999999999999 90 0 0
12.299999999999999 -32.599999999999994 16.4 90 0 0
12.299999999999999 -32.599999999999994 20.5 90 0 0
12.299999999999999 -28.709999999999997 -32.599999999999994 180 0 0
12.299999999999999 -28.709999999999997 32.599999999999994 0 0 0
12.299999999999999 -24.609999999999996 -32.599999999999994 180 0 0
12.299999999999999 -24.609999999999996 32.599999999999994 0 0 0
12.299999999999999 -20.5 -32.599999999999994 180 0 0
12.299999999999999 -20.5 32.599999999999994 0 0 0
12.299999999999999 -16.4 -32.599999999999994 180 0 0
12.299999999999999 -16.4 32.599999999999994 0 0 0
12.299999999999999 -12.299999999999999 -32.599999999999994 180 0 0
12.299999999999999 -12.299999999999999 32.599999999999994 0 0 0
12.299999999999999 -8.2 -32.599999999999994 180 0 0
12.299999999999999 -8.2 32.599999999999994 0 0 0
12.299999999999999 -4.1 -32.599999999999994 180 0 0
12.299999999999999 -4.1 32.599999999999994 0 0 0
12.299999999999999 0.0 -32.599999999999994 180 0 0
12.299999999999999 0.0 32.599999999999994 0 0 0
12.299999999999999 4.1 -32.599999999999994 180 0 0
12.299999999999999 4.1 32.599999999999994 0 0 0
12.299999999999999 8.2 -32.599999999999994 180 0 0
12.299999999999999 8.2 32.599999999999994 0 0 0
12.299999999999999 12.299999999999999 -32.599999999999994 180 0 0
12.299999999999999 12.299999999999999 32.599999999999994 0 0 0
12.299999999999999 16.4 -32.599999999999994 180 0 0
12.299999999999999 16.4 32.599999999999994 0 0 0
12.299999999999999 20.5 -32.599999999999994 180 0 0
12.299999999999999 20.5 32.599999999999994 0 0 0
12.299999999999999 24.609999999999996 -32.599999999999994 180 0 0
12.299999999999999 24.609999999999996 32.599999999999994 0 0 0
12.299999999999999 28.709999999999997 -32.599999999999994 180 0 0
12.299999999999999 28.709999999999997 32.599999999999994 0 0 0
12.299999999999999 32.599999999999994 -20.5 -90 0 0
12.299999999999999 32.599999999999994 -16.4 -90 0 0
12.299999999999999 32.599999999999994 -12.299999999999999 -90 0 0
12.299999999999999 32.599999999999994 -8.2 -90 0 0
12.299999999999999 32.599999999999994 -4.1 -90 0 0
12.299999999999999 32.599999999999994 0.0 -90 0 0
12.299999999999999 32.599999999999994 4.1 -90 0 0
12.299999999999999 32.599999999999994 8.2 -90 0 0
12.299999999999999 32.599999999999994 12.299999999999999 -90 0 0
12.299999999999999 32.599999999999994 16.4 -90 0 0
12.299999999999999 32.599999999999994 20.5 -90 0 0
12.299999999999999 32.809999999999995 -32.599999999999994 180 0 0
12.299999999999999 32.809999999999995 32.599999999999994 0 0 0
12.299999999999999 36.91 -32.599999999999994 180 0 0
12.299999999999999 36.91 32.599999999999994 0 0 0
12.299999999999999 41.00999999999999 -32.599999999999994 180 0 0
12.299999999999999 41.00999999999999 32.599999999999994 0 0 0
16.4 -32.599999999999994 -41.00999999999999 90 0 0
16.4 -32.599999999999994 -36.91 90 0 0
16.4 -32.599999999999994 -32.809999999999995 90 0 0
16.4 -32.599999999999994 -28.709999999999997 90 0 0
16.4 -32.599999999999994 -24.609999999999996 90 0 0
16.4 -32.599999999999994 -20.5 90 0 0
16.4 -32.599999999999994 -16.4 90 0 0
16.4 -32.599999999999994 -12.299999999999999 90 0 0
16.4 -32.599999999999994 -8.2 90 0 0
16.4 -32.599999999999994 -4.1 90 0 0
16.4 -32.599999999999994 0.0 90 0 0
16.4 -32.599999999999994 4.1 90 0 0
16.4 -32.599999999999994 8.2 90 0 0
16.4 -32.599999999999994 12.299999999999999 90 0 0
16.4 -32.599999999999994 16.4 90 0 0
16.4 -32.599999999999994 20.5 90 0 0
16.4 -32.599999999999994 24.609999999999996 90 0 0
16.4 -32.599999999999994 28.709999999999997 90 0 0
16.4 -32.599999999999994 32.809999999999995 90 0 0
16.4 -32.599999999999994 36.91 90 0 0
16.4 -32.599999999999994 41.00999999999999 90 0 0
16.4 -20.5 -32.599999999999994 180 0 0
16.4 -20.5 32.599999999999994 0 0 0
16.4 -16.4 -32.599999999999994 180 0 0
16.4 -16.4 32.599999999999994 0 0 0
16.4 -12.299999999999999 -32.599999999999994 180 0 0
16.4 -12.299999999999999 32.599999999999994 0 0 0
16.4 -8.2 -32.599999999999994 180 0 0
16.4 -8.2 32.599999999999994 0 0 0
16.4 -4.1 -32.599999999999994 180 0 0
16.4 -4.1 32.599999999999994 0 0 0
16.4 0.0 -32.599999999999994 180 0 0
16.4 0.0 32.599999999999994 0 0 0
16.4 4.1 -32.599999999999994 180 0 0
16.4 4.1 32.599999999999994 0 0 0
16.4 8.2 -32.599999999999994 180 0 0
16.4 8.2 32.599999999999994 0 0 0
16.4 12.299999999999999 -32.599999999999994 180 0 0
16.4 12.299999999999999 32.599999999999994 0 0 0
16.4 16.4 -32.599999999999994 180 0 0
16.4 16.4 32.599999999999994 0 0 0
16.4 20.5 -32.599999999999994 180 0 0
16.4 20.5 32.599999999999994 0 0 0
16.4 32.599999999999994 -41.00999999999999 -90 0 0
16.4 32.599999999999994 -36.91 -90 0 0
16.4 32.599999999999994 -32.809999999999995 -90 0 0
16.4 32.599999999999994 -28.709999999999997 -90 0 0
16.4 32.599999999999994 -24.609999999999996 -90 0 0
16.4 32.599999999999994 -20.5 -90 0 0
16.4 32.599999999999994 -16.4 -90 0 0
16.4 32.599999999999994 -12.299999999999999 -90 0 0
16.4 32.599999999999994 -8.2 -90 0 0
16.4 32.599999999999994 -4.1 -90 0 0
16.4 32.599999999999994 0.0 -90 0 0
16.4 32.599999999999994 4.1 -90 0 0
16.4 32.599999999999994 8.2 -90 0 0
16.4 32.599999999999994 12.299999999999999 -90 0 0
16.4 32.599999999999994 16.4 -90 0 0
16.4 32.599999999999994 20.5 -90 0 0
16.4 32.599999999999994 24.609999999999996 -90 0 0
16.4 32.599999999999994 28.709999999999997 -90 0 0
16.4 32.599999999999994 32.809999999999995 -90 0 0
16.4 32.599999999999994 36.91 -90 0 0
16.4 32.599999999999994 41.00999999999999 -90 0 0
20.5 -41.00999999999999 -32.599999999999994 180 0 0
20.5 -41.00999999999999 32.599999999999994 0 0 0
20.5 -36.91 -32.599999999999994 180 0 0
20.5 -36.91 32.599999999999994 0 0 0
20.5 -32.809999999999995 -32.599999999999994 180 0 0
20.5 -32.809999999999995 32.599999999999994 0 0 0
20.5 -32.599999999999994 -20.5 90 0 0
20.5 -32.599999999999994 -16.4 90 0 0
20.5 -32.599999999999994 -12.299999999999999 90 0 0
20.5 -32.599999999999994 -8.2 90 0 0
20.5 -32.599999999999994 -4.1 90 0 0
20.5 -32.599999999999994 0.0 90 0 0
20.5 -32.599999999999994 4.1 90 0 0
20.5 -32.599999999999994 8.2 90 0 0
20.5 -32.599999999999994 12.299999999999999 90 0 0
20.5 -32.599999999999994 16.4 90 0 0
20.5 -32.599999999999994 20.5 90 0 0
20.5 -28.709999999999997 -32.599999999999994 180 0 0
20.5 -28.709999999999997 32.599999999999994 0 0 0
20.5 -24.609999999999996 -32.599999999999994 180 0 0
20.5 -24.609999999999996 32.599999999999994 0 0 0
20.5 -20.5 -32.599999999999994 180 0 0
20.5 -20.5 32.599999999999994 0 0 0
20.5 -16.4 -32.599999999999994 180 0 0
20.5 -16.4 32.599999999999994 0 0 0
20.5 -12.299999999999999 -32.599999999999994 180 0 0
20.5 -12.299999999999999 32.599999999999994 0 0 0
20.5 -8.2 -32.599999999999994 180 0 0
20.5 -8.2 32.599999999999994 0 0 0
20.5 -4.1 -32.599999999999994 180 0 0
20.5 -4.1 32.599999999999994 0 0 0
20.5 0.0 -32.599999999999994 180 0 0
20.5 0.0 32.599999999999994 0 0 0
20.5 4.1 -32.599999999999994 180 0 0
20.5 4.1 32.599999999999994 0 0 0
20.5 8.2 -32.599999999999994 180 0 0
20.5 8.2 32.599999999999994 0 0 0
20.5 12.299999999999999 -32.599999999999994 180 0 0
20.5 12.299999999999999 32.599999999999994 0 0 0
20.5 16.4 -32.599999999999994 180 0 0
20.5 16.4 32.599999999999994 0 0 0
20.5 20.5 -32.599999999999994 180 0 0
20.5 20.5 32.599999999999994 0 0 0
20.5 24.609999999999996 -32.599999999999994 180 0 0
20.5 24.609999999999996 32.599999999999994 0 0 0
20.5 28.709999999999997 -32.599999999999994 180 0 0
20.5 28.709999999999997 32.599999999999994 0 0 0
20.5 32.599999999999994 -20.5 -90 0 0
20.5 32.599999999999994 -16.4 -90 0 0
20.5 32.599999999999994 -12.299999999999999 -90 0 0
20.5 32.599999999999994 -8.2 -90 0 0
20.5 32.599999999999994 -4.1 -90 0 0
20.5 32.599999999999994 0.0 -90 0 0
20.5 32.599999999999994 4.1 -90 0 0
20.5 32.599999999999994 8.2 -90 0 0
20.5 32.599999999999994 12.299999999999999 -90 0 0
20.5 32.599999999999994 16.4 -90 0 0
20.5 32.599999999999994 20.5 -90 0 0
20.5 32.809999999999995 -32.599999999999994 180 0 0
20.5 32.809999999999995 32.599999999999994 0 0 0
20.5 36.91 -32.599999999999994 180 0 0
20.5 36.91 32.599999999999994 0 0 0
20.5 41.00999999999999 -32.599999999999994 180 0 0
20.5 41.00999999999999 32.599999999999994 0 0 0
24.609999999999996 -32.599999999999994 -41.00999999999999 90 0 0
24.609999999999996 -32.599999999999994 -36.91 90 0 0
24.609999999999996 -32.599999999999994 -32.809999999999995 90 0 0
24.609999999999996 -32.599999999999994 -28.709999999999997 90 0 0
24.609999999999996 -32.599999999999994 -24.609999999999996 90 0 0
24.609999999999996 -32.599999999999994 -20.5 90 0 0
24.609999999999996 -32.599999999999994 -12.299999999999999 90 0 0
24.609999999999996 -32.599999999999994 -4.1 90 0 0
24.609999999999996 -32.599999999999994 4.1 90 0 0
24.609999999999996 -32.599999999999994 12.299999999999999 90 0 0
24.609999999999996 -32.599999999999994 20.5 90 0 0
24.609999999999996 -32.599999999999994 24.609999999999996 90 0 0
24.609999999999996 -32.599999999999994 28.709999999999997 90 0 0
24.609999999999996 -32.599999999999994 32.809999999999995 90 0 0
24.609999999999996 -32.599999999999994 36.91 90 0 0
24.609999999999996 -32.599999999999994 41.00999999999999 90 0 0
24.609999999999996 -20.5 -32.599999999999994 180 0 0
24.609999999999996 -20.5 32.599999999999994 0 0 0
24.609999999999996 -12.299999999999999 -32.599999999999994 180 0 0
24.609999999999996 -12.299999999999999 32.599999999999994 0 0 0
24.609999999999996 -4.1 -32.599999999999994 180 0 0
24.609999999999996 -4.1 32.599999999999994 0 0 0
24.609999999999996 4.1 -32.599999999999994 180 0 0
24.609999999999996 4.1 32.599999999999994 0 0 0
24.609999999999996 12.299999999999999 -32.599999999999994 180 0 0
24.609999999999996 12.299999999999999 32.599999999999994 0 0 0
24.609999999999996 20.5 -32.599999999999994 180 0 0
24.609999999999996 20.5 32.599999999999994 0 0 0
24.609999999999996 32.599999999999994 -41.00999999999999 -90 0 0
24.609999999999996 32.599999999999994 -36.91 -90 0 0
24.609999999999996 32.599999999999994 -32.809999999999995 -90 0 0
24.609999999999996 32.599999999999994 -28.709999999999997 -90 0 0
24.609999999999996 32.599999999999994 -24.609999999999996 -90 0 0
24.609999999999996 32.599999999999994 -20.5 -90 0 0
24.609999999999996 32.599999999999994 -12.299999999999999 -90 0 0
24.609999999999996 32.599999999999994 -4.1 -90 0 0
24.609999999999996 32.599999999999994 4.1 -90 0 0
24.609999999999996 32.599999999999994 12.299999999999999 -90 0 0
24.609999999999996 32.599999999999994 20.5 -90 0 0
24.609999999999996 32.599999999999994 24.609999999999996 -90 0 0
24.609999999999996 32.599999999999994 28.709999999999997 -90 0 0
24.609999999999996 32.599999999999994 32.809999999999995 -90 0 0
24.609999999999996 32.599999999999994 36.91 -90 0 0
24.609999999999996 32.599999999999994 41.00999999999999 -90 0 0
28.709999999999997 -41.00999999999999 -32.599999999999994 180 0 0
28.709999999999997 -41.00999999999999 32.599999999999994 0 0 0
28.709999999999997 -36.91 -32.599999999999994 180 0 0
28.709999999999997 -36.91 32.599999999999994 0 0 0
28.709999999999997 -32.809999999999995 -32.599999999999994 180 0 0
28.709999999999997 -32.809999999999995 32.599999999999994 0 0 0
28.709999999999997 -32.599999999999994 -20.5 90 0 0
28.709999999999997 -32.599999999999994 -12.299999999999999 90 0 0
28.709999999999997 -32.599999999999994 -4.1 90 0 0
28.709999999999997 -32.599999999999994 4.1 90 0 0
28.709999999999997 -32.599999999999994 12.299999999999999 90 0 0
28.709999999999997 -32.599999999999994 20.5 90 0 0
28.709999999999997 -28.709999999999997 -32.599999999999994 180 0 0
28.709999999999997 -28.709999999999997 32.599999999999994 0 0 0
28.709999999999997 -24.609999999999996 -32.599999999999994 180 0 0
28.709999999999997 -24.609999999999996 32.599999999999994 0 0 0
28.709999999999997 -20.5 -32.599999999999994 180 0 0
28.709999999999997 -20.5 32.599999999999994 0 0 0
28.709999999999997 -12.299999999999999 -32.599999999999994 180 0 0
28.709999999999997 -12.299999999999999 32.599999999999994 0 0 0
28.709999999999997 -4.1 -32.599999999999994 180 0 0
28.709999999999997 -4.1 32.599999999999994 0 0 0
28.709999999999997 4.1 -32.599999999999994 180 0 0
28.709999999999997 4.1 32.599999999999994 0 0 0
28.709999999999997 12.299999999999999 -32.599999999999994 180 0 0
28.709999999999997 12.299999999999999 32.599999999999994 0 0 0
28.709999999999997 20.5 -32.599999999999994 180 0 0
28.709999999999997 20.5 32.599999999999994 0 0 0
28.709999999999997 24.609999999999996 -32.599999999999994 180 0 0
28.709999999999997 24.609999999999996 32.599999999999994 0 0 0
28.709999999999997 28.709999999999997 -32.599999999999994 180 0 0
28.709999999999997 28.709999999999997 32.599999999999994 0 0 0
28.709999999999997 32.599999999999994 -20.5 -90 0 0
28.709999999999997 32.599999999999994 -12.299999999999999 -90 0 0
28.709999999999997 32.599999999999994 -4.1 -90 0 0
28.709999999999997 32.599999999999994 4.1 -90 0 0
28.709999999999997 32.599999999999994 12.299999999999999 -90 0 0
28.709999999999997 32.599999999999994 20.5 -90 0 0
28.709999999999997 32.809999999999995 -32.599999999999994 180 0 0
28.709999999999997 32.809999999999995 32.599999999999994 0 0 0
28.709999999999997 36.91 -32.599999999999994 180 0 0
28.709999999999997 36.91 32.599999999999994 0 0 0
28.709999999999997 41.00999999999999 -32.599999999999994 180 0 0
28.709999999999997 41.00999999999999 32.599999999999994 0 0 0
32.599999999999994 -41.00999999999999 -16.4 0 90 0
32.599999999999994 -41.00999999999999 -8.2 0 90 0
32.599999999999994 -41.00999999999999 0.0 0 90 0
32.599999999999994 -41.00999999999999 8.2 0 90 0
32.599999999999994 -41.00999999999999 16.4 0 90 0
32.599999999999994 -36.91 -16.4 0 90 0
32.599999999999994 -36.91 -8.2 0 90 0
32.599999999999994 -36.91 0.0 0 90 0
32.599999999999994 -36.91 8.2 0 90 0
32.599999999999994 -36.91 16.4 0 90 0
32.599999999999994 -32.809999999999995 -16.4 0 90 0
32.599999999999994 -32.809999999999995 -8.2 0 90 0
32.599999999999994 -32.809999999999995 0.0 0 90 0
32.599999999999994 -32.809999999999995 8.2 0 90 0
32.599999999999994 -32.809999999999995 16.4 0 90 0
32.599999999999994 -28.709999999999997 -16.4 0 90 0
32.599999999999994 -28.709999999999997 -8.2 0 90 0
32.599999999999994 -28.709999999999997 0.0 0 90 0
32.599999999999994 -28.709999999999997 8.2 0 90 0
32.599999999999994 -28.709999999999997 16.4 0 90 0
32.599999999999994 -24.609999999999996 -16.4 0 90 0
32.599999999999994 -24.609999999999996 -8.2 0 90 0
32.599999999999994 -24.609999999999996 0.0 0 90 0
32.599999999999994 -24.609999999999996 8.2 0 90 0
32.599999999999994 -24.609999999999996 16.4 0 90 0
32.599999999999994 -20.5 -20.5 0 90 0
32.599999999999994 -20.5 -16.4 0 90 0
32.599999999999994 -20.5 -12.299999999999999 0 90 0
32.599999999999994 -20.5 -8.2 0 90 0
32.599999999999994 -20.5 -4.1 0 90 0
32.599999999999994 -20.5 0.0 0 90 0
32.599999999999994 -20.5 4.1 0 90 0
32.599999999999994 -20.5 8.2 0 90 0
32.599999999999994 -20.5 12.299999999999999 0 90 0
32.599999999999994 -20.5 16.4 0 90 0
32.599999999999994 -20.5 20.5 0 90 0
32.599999999999994 -16.4 -41.00999999999999 0 90 0
32.599999999999994 -16.4 -36.91 0 90 0
32.599999999999994 -16.4 -32.809999999999995 0 90 0
32.599999999999994 -16.4 -28.709999999999997 0 90 0
32.599999999999994 -16.4 -24.609999999999996 0 90 0
32.599999999999994 -16.4 -20.5 0 90 0
32.599999999999994 -16.4 -16.4 0 90 0
32.599999999999994 -16.4 -12.299999999999999 0 90 0
32.599999999999994 -16.4 -8.2 0 90 0
32.599999999999994 -16.4 -4.1 0 90 0
32.599999999999994 -16.4 0.0 0 90 0
32.599999999999994 -16.4 4.1 0 90 0
32.599999999999994 -16.4 8.2 0 90 0
32.599999999999994 -16.4 12.299999999999999 0 90 0
32.599999999999994 -16.4 16.4 0 90 0
32.599999999999994 -16.4 20.5 0 90 0
32.599999999999994 -16.4 24.609999999999996 0 90 0
32.599999999999994 -16.4 28.709999999999997 0 90 0
32.599999999999994 -16.4 32.809999999999995 0 90 0
32.599999999999994 -16.4 36.91 0 90 0
32.599999999999994 -16.4 41.00999999999999 0 90 0
32.599999999999994 -12.299999999999999 -20.5 0 90 0
32.599999999999994 -12.299999999999999 -16.4 0 90 0
32.599999999999994 -12.299999999999999 -12.299999999999999 0 90 0
32.599999999999994 -12.299999999999999 -8.2 0 90 0
32.599999999999994 -12.299999999999999 -4.1 0 90 0
32.599999999999994 -12.299999999999999 0.0 0 90 0
32.599999999999994 -12.299999999999999 4.1 0 90 0
32.599999999999994 -12.299999999999999 8.2 0 90 0
32.599999999999994 -12.299999999999999 12.299999999999999 0 90 0
32.599999999999994 -12.299999999999999 16.4 0 90 0
32.599999999999994 -12.299999999999999 20.5 0 90 0
32.599999999999994 -8.2 -41.00999999999999 0 90 0
32.599999999999994 -8.2 -36.91 0 90 0
32.599999999999994 -8.2 -32.809999999999995 0 90 0
32.599999999999994 -8.2 -28.709999999999997 0 90 0
32.599999999999994 -8.2 -24.609999999999996 0 90 0
32.599999999999994 -8.2 -20.5 0 90 0
32.599999999999994 -8.2 -16.4 0 90 0
32.599999999999994 -8.2 -12.299999999999999 0 90 0
32.599999999999994 -8.2 -8.2 0 90 0
32.599999999999994 -8.2 -4.1 0 90 0
32.599999999999994 -8.2 0.0 0 90 0
32.599999999999994 -8.2 4.1 0 90 0
32.599999999999994 -8.2 8.2 0 90 0
32.599999999999994 -8.2 12.299999999999999 0 90 0
32.599999999999994 -8.2 16.4 0 90 0
32.599999999999994 -8.2 20.5 0 90 0
32.599999999999994 -8.2 24.609999999999996 0 90 0
32.599999999999994 -8.2 28.709999999999997 0 90 0
32.599999999999994 -8.2 32.809999999999995 0 90 0
32.599999999999994 -8.2 36.91 0 90 0
32.599999999999994 -8.2 41.00999999999999 0 90 0
32.599999999999994 -4.1 -20.5 0 90 0
32.599999999999994 -4.1 -16.4 0 90 0
32.599999999999994 -4.1 -12.299999999999999 0 90 0
32.599999999999994 -4.1 -8.2 0 90 0
32.599999999999994 -4.1 -4.1 0 90 0
32.599999999999994 -4.1 0.0 0 90 0
32.599999999999994 -4.1 4.1 0 90 0
32.599999999999994 -4.1 8.2 0 90 0
32.599999999999994 -4.1 12.299999999999999 0 90 0
32.599999999999994 -4.1 16.4 0 90 0
32.599999999999994 -4.1 20.5 0 90 0
32.599999999999994 0.0 -41.00999999999999 0 90 0
32.599999999999994 0.0 -36.91 0 90 0
32.599999999999994 0.0 -32.809999999999995 0 90 0
32.599999999999994 0.0 -28.709999999999997 0 90 0
32.599999999999994 0.0 -24.609999999999996 0 90 0
32.599999999999994 0.0 -20.5 0 90 0
32.599999999999994 0.0 -16.4 0 90 0
32.599999999999994 0.0 -12.299999999999999 0 90 0
32.599999999999994 0.0 -8.2 0 90 0
32.599999999999994 0.0 -4.1 0 90 0
32.599999999999994 0.0 0.0 0 90 0
32.599999999999994 0.0 4.1 0 90 0
32.599999999999994 0.0 8.2 0 90 0
32.599999999999994 0.0 12.299999999999999 0 90 0
32.599999999999994 0.0 16.4 0 90 0
32.599999999999994 0.0 20.5 0 90 0
32.599999999999994 0.0 24.609999999999996 0 90 0
32.599999999999994 0.0 28.709999999999997 0 90 0
32.599999999999994 0.0 32.809999999999995 0 90 0
32.599999999999994 0.0 36.91 0 90 0
32.599999999999994 0.0 41.00999999999999 0 90 0
32.599999999999994 4.1 -20.5 0 90 0
32.599999999999994 4.1 -16.4 0 90 0
32.599999999999994 4.1 -12.299999999999999 0 90 0
32.599999999999994 4.1 -8.2 0 90 0
32.599999999999994 4.1 -4.1 0 90 0
32.599999999999994 4.1 0.0 0 90 0
32.599999999999994 4.1 4.1 0 90 0
32.599999999999994 4.1 8.2 0 90 0
32.599999999999994 4.1 12.299999999999999 0 90 0
32.599999999999994 4.1 16.4 0 90 0
32.599999999999994 4.1 20.5 0 90 0
32.599999999999994 8.2 -41.00999999999999 0 90 0
32.599999999999994 8.2 -36.91 0 90 0
32.599999999999994 8.2 -32.809999999999995 0 90 0
32.599999999999994 8.2 -28.709999999999997 0 90 0
32.599999999999994 8.2 -24.609999999999996 0 90 0
32.599999999999994 8.2 -20.5 0 90 0
32.599999999999994 8.2 -16.4 0 90 0
32.599999999999994 8.2 -12.299999999999999 0 90 0
32.599999999999994 8.2 -8.2 0 90 0
32.599999999999994 8.2 -4.1 0 90 0
32.599999999999994 8.2 0.0 0 90 0
32.599999999999994 8.2 4.1 0 90 0
32.599999999999994 8.2 8.2 0 90 0
32.599999999999994 8.2 12.299999999999999 0 90 0
32.599999999999994 8.2 16.4 0 90 0
32.599999999999994 8.2 20.5 0 90 0
32.599999999999994 8.2 24.609999999999996 0 90 0
32.599999999999994 8.2 28.709999999999997 0 90 0
32.599999999999994 8.2 32.809999999999995 0 90 0
32.599999999999994 8.2 36.91 0 90 0
32.599999999999994 8.2 41.00999999999999 0 90 0
32.599999999999994 12.299999999999999 -20.5 0 90 0
32.599999999999994 12.299999999999999 -16.4 0 90 0
32.599999999999994 12.299999999999999 -12.299999999999999 0 90 0
32.599999999999994 12.299999999999999 -8.2 0 90 0
32.599999999999994 12.299999999999999 -4.1 0 90 0
32.599999999999994 12.299999999999999 0.0 0 90 0
32.599999999999994 12.299999999999999 4.1 0 90 0
32.599999999999994 12.299999999999999 8.2 0 90 0
32.599999999999994 12.299999999999999 12.299999999999999 0 90 0
32.599999999999994 12.299999999999999 16.4 0 90 0
32.599999999999994 12.299999999999999 20.5 0 90 0
32.599999999999994 16.4 -41.00999999999999 0 90 0
32.599999999999994 16.4 -36.91 0 90 0
32.599999999999994 16.4 -32.809999999999995 0 90 0
32.599999999999994 16.4 -28.709999999999997 0 90 0
32.599999999999994 16.4 -24.609999999999996 0 90 0
32.599999999999994 16.4 -20.5 0 90 0
32.599999999999994 16.4 -16.4 0 90 0
32.599999999999994 16.4 -12.299999999999999 0 90 0
32.599999999999994 16.4 -8.2 0 90 0
32.599999999999994 16.4 -4.1 0 90 0
32.599999999999994 16.4 0.0 0 90 0
32.599999999999994 16.4 4.1 0 90 0
32.599999999999994 16.4 8.2 0 90 0
32.599999999999994 16.4 12.299999999999999 0 90 0
32.599999999999994 16.4 16.4 0 90 0
32.599999999999994 16.4 20.5 0 90 0
32.599999999999994 16.4 24.609999999999996 0 90 0
32.599999999999994 16.4 28.709999999999997 0 90 0
32.599999999999994 16.4 32.809999999999995 0 90 0
32.599999999999994 16.4 36.91 0 90 0
32.599999999999994 16.4 41.00999999999999 0 90 0
32.599999999999994 20.5 -20.5 0 90 0
32.599999999999994 20.5 -16.4 0 90 0
32.599999999999994 20.5 -12.299999999999999 0 90 0
32.599999999999994 20.5 -8.2 0 90 0
32.599999999999994 20.5 -4.1 0 90 0
32.599999999999994 20.5 0.0 0 90 0
32.599999999999994 20.5 4.1 0 90 0
32.599999999999994 20.5 8.2 0 90 0
32.599999999999994 20.5 12.299999999999999 0 90 0
32.599999999999994 20.5 16.4 0 90 0
32.599999999999994 20.5 20.5 0 90 0
32.599999999999994 24.609999999999996 -16.4 0 90 0
32.599999999999994 24.609999999999996 -8.2 0 90 0
32.599999999999994 24.609999999999996 0.0 0 90 0
32.599999999999994 24.609999999999996 8.2 0 90 0
32.599999999999994 24.609999999999996 16.4 0 90 0
32.599999999999994 28.709999999999997 -16.4 0 90 0
32.599999999999994 28.709999999999997 -8.2 0 90 0
32.599999999999994 28.709999999999997 0.0 0 90 0
32.599999999999994 28.709999999999997 8.2 0 90 0
32.599999999999994 28.709999999999997 16.4 0 90 0
32.599999999999994 32.809999999999995 -16.4 0 90 0
32.599999999999994 32.809999999999995 -8.2 0 90 0
32.599999999999994 32.809999999999995 0.0 0 90 0
32.599999999999994 32.809999999999995 8.2 0 90 0
32.599999999999994 32.809999999999995 16.4 0 90 0
32.599999999999994 36.91 -16.4 0 90 0
32.599999999999994 36.91 -8.2 0 90 0
32.599999999999994 36.91 0.0 0 90 0
32.599999999999994 36.91 8.2 0 90 0
32.599999999999994 36.91 16.4 0 90 0
32.599999999999994 41.00999999999999 -16.4 0 90 0
32.599999999999994 41.00999999999999 -8.2 0 90 0
32.599999999999994 41.00999999999999 0.0 0 90 0
32.599999999999994 41.00999999999999 8.2 0 90 0
32.599999999999994 41.00999999999999 16.4 0 90 0
32.809999999999995 -32.599999999999994 -41.00999999999999 90 0 0
32.809999999999995 -32.599999999999994 -36.91 90 0 0
32.809999999999995 -32.599999999999994 -32.809999999999995 90 0 0
32.809999999999995 -32.599999999999994 -28.709999999999997 90 0 0
32.809999999999995 -32.599999999999994 -24.609999999999996 90 0 0
32.809999999999995 -32.599999999999994 -20.5 90 0 0
32.809999999999995 -32.599999999999994 -12.299999999999999 90 0 0
32.809999999999995 -32.599999999999994 -4.1 90 0 0
32.809999999999995 -32.599999999999994 4.1 90 0 0
32.809999999999995 -32.599999999999994 12.299999999999999 90 0 0
32.809999999999995 -32.599999999999994 20.5 90 0 0
32.809999999999995 -32.599999999999994 24.609999999999996 90 0 0
32.809999999999995 -32.599999999999994 28.709999999999997 90 0 0
32.809999999999995 -32.599999999999994 32.809999999999995 90 0 0
32.809999999999995 -32.599999999999994 36.91 90 0 0
32.809999999999995 -32.599999999999994 41.00999999999999 90 0 0
32.809999999999995 -20.5 -32.599999999999994 180 0 0
32.809999999999995 -20.5 32.599999999999994 0 0 0
32.809999999999995 -12.299999999999999 -32.599999999999994 180 0 0
32.809999999999995 -12.299999999999999 32.599999999999994 0 0 0
32.809999999999995 -4.1 -32.599999999999994 180 0 0
32.809999999999995 -4.1 32.599999999999994 0 0 0
32.809999999999995 4.1 -32.599999999999994 180 0 0
32.809999999999995 4.1 32.599999999999994 0 0 0
32.809999999999995 12.299999999999999 -32.599999999999994 180 0 0
32.809999999999995 12.299999999999999 32.599999999999994 0 0 0
32.809999999999995 20.5 -32.599999999999994 180 0 0
32.809999999999995 20.5 32.599999999999994 0 0 0
32.809999999999995 32.599999999999994 -41.00999999999999 -90 0 0
32.809999999999995 32.599999999999994 -36.91 -90 0 0
32.809999999999995 32.599999999999994 -32.809999999999995 -90 0 0
32.809999999999995 32.599999999999994 -28.709999999999997 -90 0 0
32.809999999999995 32.599999999999994 -24.609999999999996 -90 0 0
32.809999999999995 32.599999999999994 -20.5 -90 0 0
32.809999999999995 32.599999999999994 -12.299999999999999 -90 0 0
32.809999999999995 32.599999999999994 -4.1 -90 0 0
32.809999999999995 32.599999999999994 4.1 -90 0 0
32.809999999999995 32.599999999999994 12.299999999999999 -90 0 0
32.809999999999995 32.599999999999994 20.5 -90 0 0
32.809999999999995 32.599999999999994 24.609999999999996 -90 0 0
32.809999999999995 32.599999999999994 28.709999999999997 -90 0 0
32.809999999999995 32.599999999999994 32.809999999999995 -90 0 0
32.809999999999995 32.599999999999994 36.91 -90 0 0
32.809999999999995 32.599999999999994 41.00999999999999 -90 0 0
36.91 -41.00999999999999 -32.599999999999994 180 0 0
36.91 -41.00999999999999 32.599999999999994 0 0 0
36.91 -36.91 -32.599999999999994 180 0 0
36.91 -36.91 32.599999999999994 0 0 0
36.91 -32.809999999999995 -32.599999999999994 180 0 0
36.91 -32.809999999999995 32.599999999999994 0 0 0
36.91 -32.599999999999994 -20.5 90 0 0
36.91 -32.599999999999994 -12.299999999999999 90 0 0
36.91 -32.599999999999994 -4.1 90 0 0
36.91 -32.599999999999994 4.1 90 0 0
36.91 -32.599999999999994 12.299999999999999 90 0 0
36.91 -32.599999999999994 20.5 90 0 0
36.91 -28.709999999999997 -32.599999999999994 180 0 0
36.91 -28.709999999999997 32.599999999999994 0 0 0
36.91 -24.609999999999996 -32.599999999999994 180 0 0
36.91 -24.609999999999996 32.599999999999994 0 0 0
36.91 -20.5 -32.599999999999994 180 0 0
36.91 -20.5 32.599999999999994 0 0 0
36.91 -12.299999999999999 -32.599999999999994 180 0 0
36.91 -12.299999999999999 32.599999999999994 0 0 0
36.91 -4.1 -32.599999999999994 180 0 0
36.91 -4.1 32.599999999999994 0 0 0
36.91 4.1 -32.599999999999994 180 0 0
36.91 4.1 32.599999999999994 0 0 0
36.91 12.299999999999999 -32.599999999999994 180 0 0
36.91 12.299999999999999 32.599999999999994 0 0 0
36.91 20.5 -32.599999999999994 180 0 0
36.91 20.5 32.599999999999994 0 0 0
36.91 24.609999999999996 -32.599999999999994 180 0 0
36.91 24.609999999999996 32.599999999999994 0 0 0
36.91 28.709999999999997 -32.599999999999994 180 0 0
36.91 28.709999999999997 32.599999999999994 0 0 0
36.91 32.599999999999994 -20.5 -90 0 0
36.91 32.599999999999994 -12.299999999999999 -90 0 0
36.91 32.599999999999994 -4.1 -90 0 0
36.91 32.599999999999994 4.1 -90 0 0
36.91 32.599999999999994 12.299999999999999 -90 0 0
36.91 32.599999999999994 20.5 -90 0 0
36.91 32.809999999999995 -32.599999999999994 180 0 0
36.91 32.809999999999995 32.599999999999994 0 0 0
36.91 36.91 -32.599999999999994 180 0 0
36.91 36.91 32.599999999999994 0 0 0
36.91 41.00999999999999 -32.599999999999994 180 0 0
36.91 41.00999999999999 32.599999999999994 0 0 0
41.00999999999999 -32.599999999999994 -41.00999999999999 90 0 0
41.00999999999999 -32.599999999999994 -36.91 90 0 0
41.00999999999999 -32.599999999999994 -32.809999999999995 90 0 0
41.00999999999999 -32.599999999999994 -28.709999999999997 90 0 0
41.00999999999999 -32.599999999999994 -24.609999999999996 90 0 0
41.00999999999999 -32.599999999999994 -20.5 90 0 0
41.00999999999999 -32.599999999999994 -12.299999999999999 90 0 0
41.00999999999999 -32.599999999999994 -4.1 90 0 0
41.00999999999999 -32.599999999999994 4.1 90 0 0
41.00999999999999 -32.599999999999994 12.299999999999999 90 0 0
41.00999999999999 -32.599999999999994 20.5 90 0 0
41.00999999999999 -32.599999999999994 24.609999999999996 90 0 0
41.00999999999999 -32.599999999999994 28.709999999999997 90 0 0
41.00999999999999 -32.599999999999994 32.809999999999995 90 0 0
41.00999999999999 -32.599999999999994 36.91 90 0 0
41.00999999999999 -32.599999999999994 41.00999999999999 90 0 0
41.00999999999999 -20.5 -32.599999999999994 180 0 0
41.00999999999999 -20.5 32.599999999999994 0 0 0
41.00999999999999 -12.299999999999999 -32.599999999999994 180 0 0
41.00999999999999 -12.299999999999999 32.599999999999994 0 0 0
41.00999999999999 -4.1 -32.599999999999994 180 0 0
41.00999999999999 -4.1 32.599999999999994 0 0 0
41.00999999999999 4.1 -32.599999999999994 180 0 0
41.00999999999999 4.1 32.599999999999994 0 0 0
41.00999999999999 12.299999999999999 -32.599999999999994 180 0 0
41.00999999999999 12.299999999999999 32.599999999999994 0 0 0
41.00999999999999 20.5 -32.599999999999994 180 0 0
41.00999999999999 20.5 32.599999999999994 0 0 0
41.00999999999999 32.599999999999994 -41.00999999999999 -90 0 0
41.00999999999999 32.599999999999994 -36.91 -90 0 0
41.00999999999999 32.599999999999994 -32.809999999999995 -90 0 0
41.00999999999999 32.599999999999994 -28.709999999999997 -90 0 0
41.00999999999999 32.599999999999994 -24.609999999999996 -90 0 0
41.00999999999999 32.599999999999994 -20.5 -90 0 0
41.00999999999999 32.599999999999994 -12.299999999999999 -90 0 0
41.00999999999999 32.599999999999994 -4.1 -90 0 0
41.00999999999999 32.599999999999994 4.1 -90 0 0
41.00999999999999 32.599999999999994 12.299999999999999 -90 0 0
41.00999999999999 32.599999999999994 20.5 -90 0 0
41.00999999999999 32.599999999999994 24.609999999999996 -90 0 0
41.00999999999999 32.599999999999994 28.709999999999997 -90 0 0
41.00999999999999 32.599999999999994 32.809999999999995 -90 0 0
41.00999999999999 32.599999999999994 36.91 -90 0 0
41.00999999999999 32.599999999999994 41.00999999999999 -90 0 0
