-30.55 -18.45 -18.45 0 -90 0
-30.55 -18.45 -14.349999999999998 0 -90 0
-30.55 -18.45 -10.25 0 -90 0
-30.55 -18.45 -6.1499999999999995 0 -90 0
-30.55 -18.45 -2.05 0 -90 0
-30.55 -18.45 2.05 0 -90 0
-30.55 -18.45 6.1499999999999995 0 -90 0
-30.55 -18.45 10.25 0 -90 0
-30.55 -18.45 14.349999999999998 0 -90 0
-30.55 -18.45 18.45 0 -90 0
-30.55 -14.349999999999998 -18.45 0 -90 0
-30.55 -14.349999999999998 -14.349999999999998 0 -90 0
-30.55 -14.349999999999998 -10.25 0 -90 0
-30.55 -14.349999999999998 -6.1499999999999995 0 -90 0
-30.55 -14.349999999999998 -2.05 0 -90 0
-30.55 -14.349999999999998 2.05 0 -90 0
-30.55 -14.349999999999998 6.1499999999999995 0 -90 0
-30.55 -14.349999999999998 10.25 0 -90 0
-30.55 -14.349999999999998 14.349999999999998 0 -90 0
-30.55 -14.349999999999998 18.45 0 -90 0
-30.55 -10.25 -18.45 0 -90 0
-30.55 -10.25 -14.349999999999998 0 -90 0
-30.55 -10.25 -10.25 0 -90 0
-30.55 -10.25 -6.1499999999999995 0 -90 0
-30.55 -10.25 -2.05 0 -90 0
-30.55 -10.25 2.05 0 -90 0
-30.55 -10.25 6.1499999999999995 0 -90 0
-30.55 -10.25 10.25 0 -90 0
-30.55 -10.25 14.349999999999998 0 -90 0
-30.55 -10.25 18.45 0 -90 0
-30.55 -6.1499999999999995 -18.45 0 -90 0
-30.55 -6.1499999999999995 -14.349999999999998 0 -90 0
-30.55 -6.1499999999999995 -10.25 0 -90 0
-30.55 -6.1499999999999995 -6.1499999999999995 0 -90 0
-30.55 -6.1499999999999995 -2.05 0 -90 0
-30.55 -6.1499999999999995 2.05 0 -90 0
-30.55 -6.1499999999999995 6.1499999999999995 0 -90 0
-30.55 -6.1499999999999995 10.25 0 -90 0
-30.55 -6.1499999999999995 14.349999999999998 0 -90 0
-30.55 -6.1499999999999995 18.45 0 -90 0
-30.55 -2.05 -18.45 0 -90 0
-30.55 -2.05 -14.349999999999998 0 -90 0
-30.55 -2.05 -10.25 0 -90 0
-30.55 -2.05 -6.1499999999999995 0 -90 0
-30.55 -2.05 -2.05 0 -90 0
-30.55 -2.05 2.05 0 -90 0
-30.55 -2.05 6.1499999999999995 0 -90 0
-30.55 -2.05 10.25 0 -90 0
-30.55 -2.05 14.349999999999998 0 -90 0
-30.55 -2.05 18.45 0 -90 0
-30.55 2.05 -18.45 0 -90 0
-30.55 2.05 -14.349999999999998 0 -90 0
-30.55 2.05 -10.25 0 -90 0
-30.55 2.05 -6.1499999999999995 0 -90 0
-30.55 2.05 -2.05 0 -90 0
-30.55 2.05 2.05 0 -90 0
-30.55 2.05 6.1499999999999995 0 -90 0
-30.55 2.05 10.25 0 -90 0
-30.55 2.05 14.349999999999998 0 -90 0
-30.55 2.05 18.45 0 -90 0
-30.55 6.1499999999999995 -18.45 0 -90 0
-30.55 6.1499999999999995 -14.349999999999998 0 -90 0
-30.55 6.1499999999999995 -10.25 0 -90 0
-30.55 6.1499999999999995 -6.1499999999999995 0 -90 0
-30.55 6.1499999999999995 -2.05 0 -90 0
-30.55 6.1499999999999995 2.05 0 -90 0
-30.55 6.1499999999999995 6.1499999999999995 0 -90 0
-30.55 6.1499999999999995 10.25 0 -90 0
-30.55 6.1499999999999995 14.349999999999998 0 -90 0
-30.55 6.1499999999999995 18.45 0 -90 0
-30.55 10.25 -18.45 0 -90 0
-30.55 10.25 -14.349999999999998 0 -90 0
-30.55 10.25 -10.25 0 -90 0
-30.55 10.25 -6.1499999999999995 0 -90 0
-30.55 10.25 -2.05 0 -90 0
-30.55 10.25 2.05 0 -90 0
-30.55 10.25 6.1499999999999995 0 -90 0
-30.55 10.25 10.25 0 -90 0
-30.55 10.25 14.349999999999998 0 -90 0
-30.55 10.25 18.45 0 -90 0
-30.55 14.349999999999998 -18.45 0 -90 0
-30.55 14.349999999999998 -14.349999999999998 0 -90 0
-30.55 14.349999999999998 -10.25 0 -90 0
-30.55 14.349999999999998 -6.1499999999999995 0 -90 0
-30.55 14.349999999999998 -2.05 0 -90 0
-30.55 14.349999999999998 2.05 0 -90 0
-30.55 14.349999999999998 6.1499999999999995 0 -90 0
-30.55 14.349999999999998 10.25 0 -90 0
-30.55 14.349999999999998 14.349999999999998 0 -90 0
-30.55 14.349999999999998 18.45 0 -90 0
-30.55 18.45 -18.45 0 -90 0
-30.55 18.45 -14.349999999999998 0 -90 0
-30.55 18.45 -10.25 0 -90 0
-30.55 18.45 -6.1499999999999995 0 -90 0
-30.55 18.45 -2.05 0 -90 0
-30.55 18.45 2.05 0 -90 0
-30.55 18.45 6.1499999999999995 0 -90 0
-30.55 18.45 10.25 0 -90 0
-30.55 18.45 14.349999999999998 0 -90 0
-30.55 18.45 18.45 0 -90 0
-18.45 -30.55 -18.45 -90 0 0
-18.45 -30.55 -14.349999999999998 -90 0 0
-18.45 -30.55 -10.25 -90 0 0
-18.45 -30.55 -6.1499999999999995 -90 0 0
-18.45 -30.55 -2.05 -90 0 0
-18.45 -30.55 2.05 -90 0 0
-18.45 -30.55 6.1499999999999995 -90 0 0
-18.45 -30.55 10.25 -90 0 0
-18.45 -30.55 14.349999999999998 -90 0 0
-18.45 -30.55 18.45 -90 0 0
-18.45 -18.45 -30.55 180 0 0
-18.45 -18.45 30.55 0 0 0
-18.45 -14.349999999999998 -30.55 180 0 0
-18.45 -14.349999999999998 30.55 0 0 0
-18.45 -10.25 -30.55 180 0 0
-18.45 -10.25 30.55 0 0 0
-18.45 -6.1499999999999995 -30.55 180 0 0
-18.45 -6.1499999999999995 30.55 0 0 0
-18.45 -2.05 -30.55 180 0 0
-18.45 -2.05 30.55 0 0 0
-18.45 2.05 -30.55 180 0 0
-18.45 2.05 30.55 0 0 0
-18.45 6.1499999999999995 -30.55 180 0 0
-18.45 6.1499999999999995 30.55 0 0 0
-18.45 10.25 -30.55 180 0 0
-18.45 10.25 30.55 0 0 0
-18.45 14.349999999999998 -30.55 180 0 0
-18.45 14.349999999999998 30.55 0 0 0
-18.45 18.45 -30.55 180 0 0
-18.45 18.45 30.55 0 0 0
-18.45 30.55 -18.45 90 0 0
-18.45 30.55 -14.349999999999998 90 0 0
-18.45 30.55 -10.25 90 0 0
-18.45 30.55 -6.1499999999999995 90 0 0
-18.45 30.55 -2.05 90 0 0
-18.45 30.55 2.05 90 0 0
-18.45 30.55 6.1499999999999995 90 0 0
-18.45 30.55 10.25 90 0 0
-18.45 30.55 14.349999999999998 90 0 0
-18.45 30.55 18.45 90 0 0
-14.349999999999998 -30.55 -18.45 -90 0 0
-14.349999999999998 -30.55 -14.349999999999998 -90 0 0
-14.349999999999998 -30.55 -10.25 -90 0 0
-14.349999999999998 -30.55 -6.1499999999999995 -90 0 0
-14.349999999999998 -30.55 -2.05 -90 0 0
-14.349999999999998 -30.55 2.05 -90 0 0
-14.349999999999998 -30.55 6.1499999999999995 -90 0 0
-14.349999999999998 -30.55 10.25 -90 0 0
-14.349999999999998 -30.55 14.349999999999998 -90 0 0
-14.349999999999998 -30.55 18.45 -90 0 0
-14.349999999999998 -18.45 -30.55 180 0 0
-14.349999999999998 -18.45 30.55 0 0 0
-14.349999999999998 -14.349999999999998 -30.55 180 0 0
-14.349999999999998 -14.349999999999998 30.55 0 0 0
-14.349999999999998 -10.25 -30.55 180 0 0
-14.349999999999998 -10.25 30.55 0 0 0
-14.349999999999998 -6.1499999999999995 -30.55 180 0 0
-14.349999999999998 -6.1499999999999995 30.55 0 0 0
-14.349999999999998 -2.05 -30.55 180 0 0
-14.349999999999998 -2.05 30.55 0 0 0
-14.349999999999998 2.05 -30.55 180 0 0
-14.349999999999998 2.05 30.55 0 0 0
-14.349999999999998 6.1499999999999995 -30.55 180 0 0
-14.349999999999998 6.1499999999999995 30.55 0 0 0
-14.349999999999998 10.25 -30.55 180 0 0
-14.349999999999998 10.25 30.55 0 0 0
-14.349999999999998 14.349999999999998 -30.55 180 0 0
-14.349999999999998 14.349999999999998 30.55 0 0 0
-14.349999999999998 18.45 -30.55 180 0 0
-14.349999999999998 18.45 30.55 0 0 0
-14.349999999999998 30.55 -18.45 90 0 0
-14.349999999999998 30.55 -14.349999999999998 90 0 0
-14.349999999999998 30.55 -10.25 90 0 0
-14.349999999999998 30.55 -6.1499999999999995 90 0 0
-14.349999999999998 30.55 -2.05 90 0 0
-14.349999999999998 30.55 2.05 90 0 0
-14.349999999999998 30.55 6.1499999999999995 90 0 0
-14.349999999999998 30.55 10.25 90 0 0
-14.349999999999998 30.55 14.349999999999998 90 0 0
-14.349999999999998 30.55 18.45 90 0 0
-10.25 -30.55 -18.45 -90 0 0
-10.25 -30.55 -14.349999999999998 -90 0 0
-10.25 -30.55 -10.25 -90 0 0
-10.25 -30.55 -6.1499999999999995 -90 0 0
-10.25 -30.55 -2.05 -90 0 0
-10.25 -30.55 2.05 -90 0 0
-10.25 -30.55 6.1499999999999995 -90 0 0
-10.25 -30.55 10.25 -90 0 0
-10.25 -30.55 14.349999999999998 -90 0 0
-10.25 -30.55 18.45 -90 0 0
-10.25 -18.45 -30.55 180 0 0
-10.25 -18.45 30.55 0 0 0
-10.25 -14.349999999999998 -30.55 180 0 0
-10.25 -14.349999999999998 30.55 0 0 0
-10.25 -10.25 -30.55 180 0 0
-10.25 -10.25 30.55 0 0 0
-10.25 -6.1499999999999995 -30.55 180 0 0
-10.25 -6.1499999999999995 30.55 0 0 0
-10.25 -2.05 -30.55 180 0 0
-10.25 -2.05 30.55 0 0 0
-10.25 2.05 -30.55 180 0 0
-10.25 2.05 30.55 0 0 0
-10.25 6.1499999999999995 -30.55 180 0 0
-10.25 6.1499999999999995 30.55 0 0 0
-10.25 10.25 -30.55 180 0 0
-10.25 10.25 30.55 0 0 0
-10.25 14.349999999999998 -30.55 180 0 0
-10.25 14.349999999999998 30.55 0 0 0
-10.25 18.45 -30.55 180 0 0
-10.25 18.45 30.55 0 0 0
-10.25 30.55 -18.45 90 0 0
-10.25 30.55 -14.349999999999998 90 0 0
-10.25 30.55 -10.25 90 0 0
-10.25 30.55 -6.1499999999999995 90 0 0
-10.25 30.55 -2.05 90 0 0
-10.25 30.55 2.05 90 0 0
-10.25 30.55 6.1499999999999995 90 0 0
-10.25 30.55 10.25 90 0 0
-10.25 30.55 14.349999999999998 90 0 0
-10.25 30.55 18.45 90 0 0
-6.1499999999999995 -30.55 -18.45 -90 0 0
-6.1499999999999995 -30.55 -14.349999999999998 -90 0 0
-6.1499999999999995 -30.55 -10.25 -90 0 0
-6.1499999999999995 -30.55 -6.1499999999999995 -90 0 0
-6.1499999999999995 -30.55 -2.05 -90 0 0
-6.1499999999999995 -30.55 2.05 -90 0 0
-6.1499999999999995 -30.55 6.1499999999999995 -90 0 0
-6.1499999999999995 -30.55 10.25 -90 0 0
-6.1499999999999995 -30.55 14.349999999999998 -90 0 0
-6.1499999999999995 -30.55 18.45 -90 0 0
-6.1499999999999995 -18.45 -30.55 180 0 0
-6.1499999999999995 -18.45 30.55 0 0 0
-6.1499999999999995 -14.349999999999998 -30.55 180 0 0
-6.1499999999999995 -14.349999999999998 30.55 0 0 0
-6.1499999999999995 -10.25 -30.55 180 0 0
-6.1499999999999995 -10.25 30.55 0 0 0
-6.1499999999999995 -6.1499999999999995 -30.55 180 0 0
-6.1499999999999995 -6.1499999999999995 30.55 0 0 0
-6.1499999999999995 -2.05 -30.55 180 0 0
-6.1499999999999995 -2.05 30.55 0 0 0
-6.1499999999999995 2.05 -30.55 180 0 0
-6.1499999999999995 2.05 30.55 0 0 0
-6.1499999999999995 6.1499999999999995 -30.55 180 0 0
-6.1499999999999995 6.1499999999999995 30.55 0 0 0
-6.1499999999999995 10.25 -30.55 180 0 0
-6.1499999999999995 10.25 30.55 0 0 0
-6.1499999999999995 14.349999999999998 -30.55 180 0 0
-6.1499999999999995 14.349999999999998 30.55 0 0 0
-6.1499999999999995 18.45 -30.55 180 0 0
-6.1499999999999995 18.45 30.55 0 0 0
-6.1499999999999995 30.55 -18.45 90 0 0
-6.1499999999999995 30.55 -14.349999999999998 90 0 0
-6.1499999999999995 30.55 -10.25 90 0 0
-6.1499999999999995 30.55 -6.1499999999999995 90 0 0
-6.1499999999999995 30.55 -2.05 90 0 0
-6.1499999999999995 30.55 2.05 90 0 0
-6.1499999999999995 30.55 6.1499999999999995 90 0 0
-6.1499999999999995 30.55 10.25 90 0 0
-6.1499999999999995 30.55 14.349999999999998 90 0 0
-6.1499999999999995 30.55 18.45 90 0 0
-2.05 -30.55 -18.45 -90 0 0
-2.05 -30.55 -14.349999999999998 -90 0 0
-2.05 -30.55 -10.25 -90 0 0
-2.05 -30.55 -6.1499999999999995 -90 0 0
-2.05 -30.55 -2.05 -90 0 0
-2.05 -30.55 2.05 -90 0 0
-2.05 -30.55 6.1499999999999995 -90 0 0
-2.05 -30.55 10.25 -90 0 0
-2.05 -30.55 14.349999999999998 -90 0 0
-2.05 -30.55 18.45 -90 0 0
-2.05 -18.45 -30.55 180 0 0
-2.05 -18.45 30.55 0 0 0
-2.05 -14.349999999999998 -30.55 180 0 0
-2.05 -14.349999999999998 30.55 0 0 0
-2.05 -10.25 -30.55 180 0 0
-2.05 -10.25 30.55 0 0 0
-2.05 -6.1499999999999995 -30.55 180 0 0
-2.05 -6.1499999999999995 30.55 0 0 0
-2.05 -2.05 -30.55 180 0 0
-2.05 -2.05 30.55 0 0 0
-2.05 2.05 -30.55 180 0 0
-2.05 2.05 30.55 0 0 0
-2.05 6.1499999999999995 -30.55 180 0 0
-2.05 6.1499999999999995 30.55 0 0 0
-2.05 10.25 -30.55 180 0 0
-2.05 10.25 30.55 0 0 0
-2.05 14.349999999999998 -30.55 180 0 0
-2.05 14.349999999999998 30.55 0 0 0
-2.05 18.45 -30.55 180 0 0
-2.05 18.45 30.55 0 0 0
-2.05 30.55 -18.45 90 0 0
-2.05 30.55 -14.349999999999998 90 0 0
-2.05 30.55 -10.25 90 0 0
-2.05 30.55 -6.1499999999999995 90 0 0
-2.05 30.55 -2.05 90 0 0
-2.05 30.55 2.05 90 0 0
-2.05 30.55 6.1499999999999995 90 0 0
-2.05 30.55 10.25 90 0 0
-2.05 30.55 14.349999999999998 90 0 0
-2.05 30.55 18.45 90 0 0
2.05 -30.55 -18.45 -90 0 0
2.05 -30.55 -14.349999999999998 -90 0 0
2.05 -30.55 -10.25 -90 0 0
2.05 -30.55 -6.1499999999999995 -90 0 0
2.05 -30.55 -2.05 -90 0 0
2.05 -30.55 2.05 -90 0 0
2.05 -30.55 6.1499999999999995 -90 0 0
2.05 -30.55 10.25 -90 0 0
2.05 -30.55 14.349999999999998 -90 0 0
2.05 -30.55 18.45 -90 0 0
2.05 -18.45 -30.55 180 0 0
2.05 -18.45 30.55 0 0 0
2.05 -14.349999999999998 -30.55 180 0 0
2.05 -14.349999999999998 30.55 0 0 0
2.05 -10.25 -30.55 180 0 0
2.05 -10.25 30.55 0 0 0
2.05 -6.1499999999999995 -30.55 180 0 0
2.05 -6.1499999999999995 30.55 0 0 0
2.05 -2.05 -30.55 180 0 0
2.05 -2.05 30.55 0 0 0
2.05 2.05 -30.55 180 0 0
2.05 2.05 30.55 0 0 0
2.05 6.1499999999999995 -30.55 180 0 0
2.05 6.1499999999999995 30.55 0 0 0
2.05 10.25 -30.55 180 0 0
2.05 10.25 30.55 0 0 0
2.05 14.349999999999998 -30.55 180 0 0
2.05 14.349999999999998 30.55 0 0 0
2.05 18.45 -30.55 180 0 0
2.05 18.45 30.55 0 0 0
2.05 30.55 -18.45 90 0 0
2.05 30.55 -14.349999999999998 90 0 0
2.05 30.55 -10.25 90 0 0
2.05 30.55 -6.1499999999999995 90 0 0
2.05 30.55 -2.05 90 0 0
2.05 30.55 2.05 90 0 0
2.05 30.55 6.1499999999999995 90 0 0
2.05 30.55 10.25 90 0 0
2.05 30.55 14.349999999999998 90 0 0
2.05 30.55 18.45 90 0 0
6.1499999999999995 -30.55 -18.45 -90 0 0
6.1499999999999995 -30.55 -14.349999999999998 -90 0 0
6.1499999999999995 -30.55 -10.25 -90 0 0
6.1499999999999995 -30.55 -6.1499999999999995 -90 0 0
6.1499999999999995 -30.55 -2.05 -90 0 0
6.1499999999999995 -30.55 2.05 -90 0 0
6.1499999999999995 -30.55 6.1499999999999995 -90 0 0
6.1499999999999995 -30.55 10.25 -90 0 0
6.1499999999999995 -30.55 14.349999999999998 -90 0 0
6.1499999999999995 -30.55 18.45 -90 0 0
6.1499999999999995 -18.45 -30.55 180 0 0
6.1499999999999995 -18.45 30.55 0 0 0
6.1499999999999995 -14.349999999999998 -30.55 180 0 0
6.1499999999999995 -14.349999999999998 30.55 0 0 0
6.1499999999999995 -10.25 -30.55 180 0 0
6.1499999999999995 -10.25 30.55 0 0 0
6.1499999999999995 -6.1499999999999995 -30.55 180 0 0
6.1499999999999995 -6.1499999999999995 30.55 0 0 0
6.1499999999999995 -2.05 -30.55 180 0 0
6.1499999999999995 -2.05 30.55 0 0 0
6.1499999999999995 2.05 -30.55 180 0 0
6.1499999999999995 2.05 30.55 0 0 0
6.1499999999999995 6.1499999999999995 -30.55 180 0 0
6.1499999999999995 6.1499999999999995 30.55 0 0 0
6.1499999999999995 10.25 -30.55 180 0 0
6.1499999999999995 10.25 30.55 0 0 0
6.1499999999999995 14.349999999999998 -30.55 180 0 0
6.1499999999999995 14.349999999999998 30.55 0 0 0
6.1499999999999995 18.45 -30.55 180 0 0
6.1499999999999995 18.45 30.55 0 0 0
6.1499999999999995 30.55 -18.45 90 0 0
6.1499999999999995 30.55 -14.349999999999998 90 0 0
6.1499999999999995 30.55 -10.25 90 0 0
6.1499999999999995 30.55 -6.1499999999999995 90 0 0
6.1499999999999995 30.55 -2.05 90 0 0
6.1499999999999995 30.55 2.05 90 0 0
6.1499999999999995 30.55 6.1499999999999995 90 0 0
6.1499999999999995 30.55 10.25 90 0 0
6.1499999999999995 30.55 14.349999999999998 90 0 0
6.1499999999999995 30.55 18.45 90 0 0
10.25 -30.55 -18.45 -90 0 0
10.25 -30.55 -14.349999999999998 -90 0 0
10.25 -30.55 -10.25 -90 0 0
10.25 -30.55 -6.1499999999999995 -90 0 0
10.25 -30.55 -2.05 -90 0 0
10.25 -30.55 2.05 -90 0 0
10.25 -30.55 6.1499999999999995 -90 0 0
10.25 -30.55 10.25 -90 0 0
10.25 -30.55 14.349999999999998 -90 0 0
10.25 -30.55 18.45 -90 0 0
10.25 -18.45 -30.55 180 0 0
10.25 -18.45 30.55 0 0 0
10.25 -14.349999999999998 -30.55 180 0 0
10.25 -14.349999999999998 30.55 0 0 0
10.25 -10.25 -30.55 180 0 0
10.25 -10.25 30.55 0 0 0
10.25 -6.1499999999999995 -30.55 180 0 0
10.25 -6.1499999999999995 30.55 0 0 0
10.25 -2.05 -30.55 180 0 0
10.25 -2.05 30.55 0 0 0
10.25 2.05 -30.55 180 0 0
10.25 2.05 30.55 0 0 0
10.25 6.1499999999999995 -30.55 180 0 0
10.25 6.1499999999999995 30.55 0 0 0
10.25 10.25 -30.55 180 0 0
10.25 10.25 30.55 0 0 0
10.25 14.349999999999998 -30.55 180 0 0
10.25 14.349999999999998 30.55 0 0 0
10.25 18.45 -30.55 180 0 0
10.25 18.45 30.55 0 0 0
10.25 30.55 -18.45 90 0 0
10.25 30.55 -14.349999999999998 90 0 0
10.25 30.55 -10.25 90 0 0
10.25 30.55 -6.1499999999999995 90 0 0
10.25 30.55 -2.05 90 0 0
10.25 30.55 2.05 90 0 0
10.25 30.55 6.1499999999999995 90 0 0
10.25 30.55 10.25 90 0 0
10.25 30.55 14.349999999999998 90 0 0
10.25 30.55 18.45 90 0 0
14.349999999999998 -30.55 -18.45 -90 0 0
14.349999999999998 -30.55 -14.349999999999998 -90 0 0
14.349999999999998 -30.55 -10.25 -90 0 0
14.349999999999998 -30.55 -6.1499999999999995 -90 0 0
14.349999999999998 -30.55 -2.05 -90 0 0
14.349999999999998 -30.55 2.05 -90 0 0
14.349999999999998 -30.55 6.1499999999999995 -90 0 0
14.349999999999998 -30.55 10.25 -90 0 0
14.349999999999998 -30.55 14.349999999999998 -90 0 0
14.349999999999998 -30.55 18.45 -90 0 0
14.349999999999998 -18.45 -30.55 180 0 0
14.349999999999998 -18.45 30.55 0 0 0
14.349999999999998 -14.349999999999998 -30.55 180 0 0
14.349999999999998 -14.349999999999998 30.55 0 0 0
14.349999999999998 -10.25 -30.55 180 0 0
14.349999999999998 -10.25 30.55 0 0 0
14.349999999999998 -6.1499999999999995 -30.55 180 0 0
14.349999999999998 -6.1499999999999995 30.55 0 0 0
14.349999999999998 -2.05 -30.55 180 0 0
14.349999999999998 -2.05 30.55 0 0 0
14.349999999999998 2.05 -30.55 180 0 0
14.349999999999998 2.05 30.55 0 0 0
14.349999999999998 6.1499999999999995 -30.55 180 0 0
14.349999999999998 6.1499999999999995 30.55 0 0 0
14.349999999999998 10.25 -30.55 180 0 0
14.349999999999998 10.25 30.55 0 0 0
14.349999999999998 14.349999999999998 -30.55 180 0 0
14.349999999999998 14.349999999999998 30.55 0 0 0
14.349999999999998 18.45 -30.55 180 0 0
14.349999999999998 18.45 30.55 0 0 0
14.349999999999998 30.55 -18.45 90 0 0
14.349999999999998 30.55 -14.349999999999998 90 0 0
14.349999999999998 30.55 -10.25 90 0 0
14.349999999999998 30.55 -6.1499999999999995 90 0 0
14.349999999999998 30.55 -2.05 90 0 0
14.349999999999998 30.55 2.05 90 0 0
14.349999999999998 30.55 6.1499999999999995 90 0 0
14.349999999999998 30.55 10.25 90 0 0
14.349999999999998 30.55 14.349999999999998 90 0 0
14.349999999999998 30.55 18.45 90 0 0
18.45 -30.55 -18.45 -90 0 0
18.45 -30.55 -14.349999999999998 -90 0 0
18.45 -30.55 -10.25 -90 0 0
18.45 -30.55 -6.1499999999999995 -90 0 0
18.45 -30.55 -2.05 -90 0 0
18.45 -30.55 2.05 -90 0 0
18.45 -30.55 6.1499999999999995 -90 0 0
18.45 -30.55 10.25 -90 0 0
18.45 -30.55 14.349999999999998 -90 0 0
18.45 -30.55 18.45 -90 0 0
18.45 -18.45 -30.55 180 0 0
18.45 -18.45 30.55 0 0 0
18.45 -14.349999999999998 -30.55 180 0 0
18.45 -14.349999999999998 30.55 0 0 0
18.45 -10.25 -30.55 180 0 0
18.45 -10.25 30.55 0 0 0
18.45 -6.1499999999999995 -30.55 180 0 0
18.45 -6.1499999999999995 30.55 0 0 0
18.45 -2.05 -30.55 180 0 0
18.45 -2.05 30.55 0 0 0
18.45 2.05 -30.55 180 0 0
18.45 2.05 30.55 0 0 0
18.45 6.1499999999999995 -30.55 180 0 0
18.45 6.1499999999999995 30.55 0 0 0
18.45 10.25 -30.55 180 0 0
18.45 10.25 30.55 0 0 0
18.45 14.349999999999998 -30.55 180 0 0
18.45 14.349999999999998 30.55 0 0 0
18.45 18.45 -30.55 180 0 0
18.45 18.45 30.55 0 0 0
18.45 30.55 -18.45 90 0 0
18.45 30.55 -14.349999999999998 90 0 0
18.45 30.55 -10.25 90 0 0
18.45 30.55 -6.1499999999999995 90 0 0
18.45 30.55 -2.05 90 0 0
18.45 30.55 2.05 90 0 0
18.45 30.55 6.1499999999999995 90 0 0
18.45 30.55 10.25 90 0 0
18.45 30.55 14.349999999999998 90 0 0
18.45 30.55 18.45 90 0 0
30.55 -18.45 -18.45 0 90 0
30.55 -18.45 -14.349999999999998 0 90 0
30.55 -18.45 -10.25 0 90 0
30.55 -18.45 -6.1499999999999995 0 90 0
30.55 -18.45 -2.05 0 90 0
30.55 -18.45 2.05 0 90 0
30.55 -18.45 6.1499999999999995 0 90 0
30.55 -18.45 10.25 0 90 0
30.55 -18.45 14.349999999999998 0 90 0
30.55 -18.45 18.45 0 90 0
30.55 -14.349999999999998 -18.45 0 90 0
30.55 -14.349999999999998 -14.349999999999998 0 90 0
30.55 -14.349999999999998 -10.25 0 90 0
30.55 -14.349999999999998 -6.1499999999999995 0 90 0
30.55 -14.349999999999998 -2.05 0 90 0
30.55 -14.349999999999998 2.05 0 90 0
30.55 -14.349999999999998 6.1499999999999995 0 90 0
30.55 -14.349999999999998 10.25 0 90 0
30.55 -14.349999999999998 14.349999999999998 0 90 0
30.55 -14.349999999999998 18.45 0 90 0
30.55 -10.25 -18.45 0 90 0
30.55 -10.25 -14.349999999999998 0 90 0
30.55 -10.25 -10.25 0 90 0
30.55 -10.25 -6.1499999999999995 0 90 0
30.55 -10.25 -2.05 0 90 0
30.55 -10.25 2.05 0 90 0
30.55 -10.25 6.1499999999999995 0 90 0
30.55 -10.25 10.25 0 90 0
30.55 -10.25 14.349999999999998 0 90 0
30.55 -10.25 18.45 0 90 0
30.55 -6.1499999999999995 -18.45 0 90 0
30.55 -6.1499999999999995 -14.349999999999998 0 90 0
30.55 -6.1499999999999995 -10.25 0 90 0
30.55 -6.1499999999999995 -6.1499999999999995 0 90 0
30.55 -6.1499999999999995 -2.05 0 90 0
30.55 -6.1499999999999995 2.05 0 90 0
30.55 -6.1499999999999995 6.1499999999999995 0 90 0
30.55 -6.1499999999999995 10.25 0 90 0
30.55 -6.1499999999999995 14.349999999999998 0 90 0
30.55 -6.1499999999999995 18.45 0 90 0
30.55 -2.05 -18.45 0 90 0
30.55 -2.05 -14.349999999999998 0 90 0
30.55 -2.05 -10.25 0 90 0
30.55 -2.05 -6.1499999999999995 0 90 0
30.55 -2.05 -2.05 0 90 0
30.55 -2.05 2.05 0 90 0
30.55 -2.05 6.1499999999999995 0 90 0
30.55 -2.05 10.25 0 90 0
30.55 -2.05 14.349999999999998 0 90 0
30.55 -2.05 18.45 0 90 0
30.55 2.05 -18.45 0 90 0
30.55 2.05 -14.349999999999998 0 90 0
30.55 2.05 -10.25 0 90 0
30.55 2.05 -6.1499999999999995 0 90 0
30.55 2.05 -2.05 0 90 0
30.55 2.05 2.05 0 90 0
30.55 2.05 6.1499999999999995 0 90 0
30.55 2.05 10.25 0 90 0
30.55 2.05 14.349999999999998 0 90 0
30.55 2.05 18.45 0 90 0
30.55 6.1499999999999995 -18.45 0 90 0
30.55 6.1499999999999995 -14.349999999999998 0 90 0
30.55 6.1499999999999995 -10.25 0 90 0
30.55 6.1499999999999995 -6.1499999999999995 0 90 0
30.55 6.1499999999999995 -2.05 0 90 0
30.55 6.1499999999999995 2.05 0 90 0
30.55 6.1499999999999995 6.1499999999999995 0 90 0
30.55 6.1499999999999995 10.25 0 90 0
30.55 6.1499999999999995 14.349999999999998 0 90 0
30.55 6.1499999999999995 18.45 0 90 0
30.55 10.25 -18.45 0 90 0
30.55 10.25 -14.349999999999998 0 90 0
30.55 10.25 -10.25 0 90 0
30.55 10.25 -6.1499999999999995 0 90 0
30.55 10.25 -2.05 0 90 0
30.55 10.25 2.05 0 90 0
30.55 10.25 6.1499999999999995 0 90 0
30.55 10.25 10.25 0 90 0
30.55 10.25 14.349999999999998 0 90 0
30.55 10.25 18.45 0 90 0
30.55 14.349999999999998 -18.45 0 90 0
30.55 14.349999999999998 -14.349999999999998 0 90 0
30.55 14.349999999999998 -10.25 0 90 0
30.55 14.349999999999998 -6.1499999999999995 0 90 0
30.55 14.349999999999998 -2.05 0 90 0
30.55 14.349999999999998 2.05 0 90 0
30.55 14.349999999999998 6.1499999999999995 0 90 0
30.55 14.349999999999998 10.25 0 90 0
30.55 14.349999999999998 14.349999999999998 0 90 0
30.55 14.349999999999998 18.45 0 90 0
30.55 18.45 -18.45 0 90 0
30.55 18.45 -14.349999999999998 0 90 0
30.55 18.45 -10.25 0 90 0
30.55 18.45 -6.1499999999999995 0 90 0
30.55 18.45 -2.05 0 90 0
30.55 18.45 2.05 0 90 0
30.55 18.45 6.1499999999999995 0 90 0
30.55 18.45 10.25 0 90 0
30.55 18.45 14.349999999999998 0 90 0
30.55 18.45 18.45 0 90 0
