-49.209999999999994 -40.8 -49.209999999999994 90 0 0
-49.209999999999994 -40.8 -45.11 90 0 0
-49.209999999999994 -40.8 -41.00999999999999 90 0 0
-49.209999999999994 -40.8 -36.91 90 0 0
-49.209999999999994 -40.8 -32.809999999999995 90 0 0
-49.209999999999994 -40.8 -28.699999999999996 90 0 0
-49.209999999999994 -40.8 -20.5 90 0 0
-49.209999999999994 -40.8 -12.299999999999999 90 0 0
-49.209999999999994 -40.8 -4.1 90 0 0
-49.209999999999994 -40.8 4.1 90 0 0
-49.209999999999994 -40.8 12.299999999999999 90 0 0
-49.209999999999994 -40.8 20.5 90 0 0
-49.209999999999994 -40.8 28.699999999999996 90 0 0
-49.209999999999994 -40.8 32.809999999999995 90 0 0
-49.209999999999994 -40.8 36.91 90 0 0
-49.209999999999994 -40.8 41.00999999999999 90 0 0
-49.209999999999994 -40.8 45.11 90 0 0
-49.209999999999994 -40.8 49.209999999999994 90 0 0
-49.209999999999994 -28.699999999999996 -40.8 180 0 0
-49.209999999999994 -28.699999999999996 40.8 0 0 0
-49.209999999999994 -20.5 -40.8 180 0 0
-49.209999999999994 -20.5 40.8 0 0 0
-49.209999999999994 -12.299999999999999 -40.8 180 0 0
-49.209999999999994 -12.299999999999999 40.8 0 0 0
-49.209999999999994 -4.1 -40.8 180 0 0
-49.209999999999994 -4.1 40.8 0 0 0
-49.209999999999994 4.1 -40.8 180 0 0
-49.209999999999994 4.1 40.8 0 0 0
-49.209999999999994 12.299999999999999 -40.8 180 0 0
-49.209999999999994 12.299999999999999 40.8 0 0 0
-49.209999999999994 20.5 -40.8 180 0 0
-49.209999999999994 20.5 40.8 0 0 0
-49.209999999999994 28.699999999999996 -40.8 180 0 0
-49.209999999999994 28.699999999999996 40.8 0 0 0
-49.209999999999994 40.8 -49.209999999999994 -90 0 0
-49.209999999999994 40.8 -45.11 -90 0 0
-49.209999999999994 40.8 -41.00999999999999 -90 0 0
-49.209999999999994 40.8 -36.91 -90 0 0
-49.209999999999994 40.8 -32.809999999999995 -90 0 0
-49.209999999999994 40.8 -28.699999999999996 -90 0 0
-49.209999999999994 40.8 -20.5 -90 0 0
-49.209999999999994 40.8 -12.299999999999999 -90 0 0
-49.209999999999994 40.8 -4.1 -90 0 0
-49.209999999999994 40.8 4.1 -90 0 0
-49.209999999999994 40.8 12.299999999999999 -90 0 0
-49.209999999999994 40.8 20.5 -90 0 0
-49.209999999999994 40.8 28.699999999999996 -90 0 0
-49.209999999999994 40.8 32.809999999999995 -90 0 0
-49.209999999999994 40.8 36.91 -90 0 0
-49.209999999999994 40.8 41.00999999999999 -90 0 0
-49.209999999999994 40.8 45.11 -90 0 0
-49.209999999999994 40.8 49.209999999999994 -90 0 0
-45.11 -49.209999999999994 -40.8 180 0 0
-45.11 -49.209999999999994 40.8 0 0 0
-45.11 -45.11 -40.8 180 0 0
-45.11 -45.11 40.8 0 0 0
-45.11 -41.00999999999999 -40.8 180 0 0
-45.11 -41.00999999999999 40.8 0 0 0
-45.11 -40.8 -28.699999999999996 90 0 0
-45.11 -40.8 -20.5 90 0 0
-45.11 -40.8 -12.299999999999999 90 0 0
-45.11 -40.8 -4.1 90 0 0
-45.11 -40.8 4.1 90 0 0
-45.11 -40.8 12.299999999999999 90 0 0
-45.11 -40.8 20.5 90 0 0
-45.11 -40.8 28.699999999999996 90 0 0
-45.11 -36.91 -40.8 180 0 0
-45.11 -36.91 40.8 0 0 0
-45.11 -32.809999999999995 -40.8 180 0 0
-45.11 -32.809999999999995 40.8 0 0 0
-45.11 -28.699999999999996 -40.8 180 0 0
-45.11 -28.699999999999996 40.8 0 0 0
-45.11 -20.5 -40.8 180 0 0
-45.11 -20.5 40.8 0 0 0
-45.11 -12.299999999999999 -40.8 180 0 0
-45.11 -12.299999999999999 40.8 0 0 0
-45.11 -4.1 -40.8 180 0 0
-45.11 -4.1 40.8 0 0 0
-45.11 4.1 -40.8 180 0 0
-45.11 4.1 40.8 0 0 0
-45.11 12.299999999999999 -40.8 180 0 0
-45.11 12.299999999999999 40.8 0 0 0
-45.11 20.5 -40.8 180 0 0
-45.11 20.5 40.8 0 0 0
-45.11 28.699999999999996 -40.8 180 0 0
-45.11 28.699999999999996 40.8 0 0 0
-45.11 32.809999999999995 -40.8 180 0 0
-45.11 32.809999999999995 40.8 0 0 0
-45.11 36.91 -40.8 180 0 0
-45.11 36.91 40.8 0 0 0
-45.11 40.8 -28.699999999999996 -90 0 0
-45.11 40.8 -20.5 -90 0 0
-45.11 40.8 -12.299999999999999 -90 0 0
-45.11 40.8 -4.1 -90 0 0
-45.11 40.8 4.1 -90 0 0
-45.11 40.8 12.299999999999999 -90 0 0
-45.11 40.8 20.5 -90 0 0
-45.11 40.8 28.699999999999996 -90 0 0
-45.11 41.00999999999999 -40.8 180 0 0
-45.11 41.00999999999999 40.8 0 0 0
-45.11 45.11 -40.8 180 0 0
-45.11 45.11 40.8 0 0 0
-45.11 49.209999999999994 -40.8 180 0 0
-45.11 49.209999999999994 40.8 0 0 0
-41.00999999999999 -40.8 -49.209999999999994 90 0 0
-41.00999999999999 -40.8 -45.11 90 0 0
-41.00999999999999 -40.8 -41.00999999999999 90 0 0
-41.00999999999999 -40.8 -36.91 90 0 0
-41.00999999999999 -40.8 -32.809999999999995 90 0 0
-41.00999999999999 -40.8 -28.699999999999996 90 0 0
-41.00999999999999 -40.8 -20.5 90 0 0
-41.00999999999999 -40.8 -12.299999999999999 90 0 0
-41.00999999999999 -40.8 -4.1 90 0 0
-41.00999999999999 -40.8 4.1 90 0 0
-41.00999999999999 -40.8 12.299999999999999 90 0 0
-41.00999999999999 -40.8 20.5 90 0 0
-41.00999999999999 -40.8 28.699999999999996 90 0 0
-41.00999999999999 -40.8 32.809999999999995 90 0 0
-41.00999999999999 -40.8 36.91 90 0 0
-41.00999999999999 -40.8 41.00999999999999 90 0 0
-41.00999999999999 -40.8 45.11 90 0 0
-41.00999999999999 -40.8 49.209999999999994 90 0 0
-41.00999999999999 -28.699999999999996 -40.8 180 0 0
-41.00999999999999 -28.699999999999996 40.8 0 0 0
-41.00999999999999 -20.5 -40.8 180 0 0
-41.00999999999999 -20.5 40.8 0 0 0
-41.00999999999999 -12.299999999999999 -40.8 180 0 0
-41.00999999999999 -12.299999999999999 40.8 0 0 0
-41.00999999999999 -4.1 -40.8 180 0 0
-41.00999999999999 -4.1 40.8 0 0 0
-41.00999999999999 4.1 -40.8 180 0 0
-41.00999999999999 4.1 40.8 0 0 0
-41.00999999999999 12.299999999999999 -40.8 180 0 0
-41.00999999999999 12.299999999999999 40.8 0 0 0
-41.00999999999999 20.5 -40.8 180 0 0
-41.00999999999999 20.5 40.8 0 0 0
-41.00999999999999 28.699999999999996 -40.8 180 0 0
-41.00999999999999 28.699999999999996 40.8 0 0 0
-41.00999999999999 40.8 -49.209999999999994 -90 0 0
-41.00999999999999 40.8 -45.11 -90 0 0
-41.00999999999999 40.8 -41.00999999999999 -90 0 0
-41.00999999999999 40.8 -36.91 -90 0 0
-41.00999999999999 40.8 -32.809999999999995 -90 0 0
-41.00999999999999 40.8 -28.699999999999996 -90 0 0
-41.00999999999999 40.8 -20.5 -90 0 0
-41.00999999999999 40.8 -12.299999999999999 -90 0 0
-41.00999999999999 40.8 -4.1 -90 0 0
-41.00999999999999 40.8 4.1 -90 0 0
-41.00999999999999 40.8 12.299999999999999 -90 0 0
-41.00999999999999 40.8 20.5 -90 0 0
-41.00999999999999 40.8 28.699999999999996 -90 0 0
-41.00999999999999 40.8 32.809999999999995 -90 0 0
-41.00999999999999 40.8 36.91 -90 0 0
-41.00999999999999 40.8 41.00999999999999 -90 0 0
-41.00999999999999 40.8 45.11 -90 0 0
-41.00999999999999 40.8 49.209999999999994 -90 0 0
-40.8 -49.209999999999994 -24.599999999999998 0 -90 0
-40.8 -49.209999999999994 -16.4 0 -90 0
-40.8 -49.209999999999994 -8.2 0 -90 0
-40.8 -49.209999999999994 0.0 0 -90 0
-40.8 -49.209999999999994 8.2 0 -90 0
-40.8 -49.209999999999994 16.4 0 -90 0
-40.8 -49.209999999999994 24.599999999999998 0 -90 0
-40.8 -45.11 -24.599999999999998 0 -90 0
-40.8 -45.11 -16.4 0 -90 0
-40.8 -45.11 -8.2 0 -90 0
-40.8 -45.11 0.0 0 -90 0
-40.8 -45.11 8.2 0 -90 0
-40.8 -45.11 16.4 0 -90 0
-40.8 -45.11 24.599999999999998 0 -90 0
-40.8 -41.00999999999999 -24.599999999999998 0 -90 0
-40.8 -41.00999999999999 -16.4 0 -90 0
-40.8 -41.00999999999999 -8.2 0 -90 0
-40.8 -41.00999999999999 0.0 0 -90 0
-40.8 -41.00999999999999 8.2 0 -90 0
-40.8 -41.00999999999999 16.4 0 -90 0
-40.8 -41.00999999999999 24.599999999999998 0 -90 0
-40.8 -36.91 -24.599999999999998 0 -90 0
-40.8 -36.91 -16.4 0 -90 0
-40.8 -36.91 -8.2 0 -90 0
-40.8 -36.91 0.0 0 -90 0
-40.8 -36.91 8.2 0 -90 0
-40.8 -36.91 16.4 0 -90 0
-40.8 -36.91 24.599999999999998 0 -90 0
-40.8 -32.809999999999995 -24.599999999999998 0 -90 0
-40.8 -32.809999999999995 -16.4 0 -90 0
-40.8 -32.809999999999995 -8.2 0 -90 0
-40.8 -32.809999999999995 0.0 0 -90 0
-40.8 -32.809999999999995 8.2 0 -90 0
-40.8 -32.809999999999995 16.4 0 -90 0
-40.8 -32.809999999999995 24.599999999999998 0 -90 0
-40.8 -28.699999999999996 -28.699999999999996 0 -90 0
-40.8 -28.699999999999996 -24.599999999999998 0 -90 0
-40.8 -28.699999999999996 -20.5 0 -90 0
-40.8 -28.699999999999996 -16.4 0 -90 0
-40.8 -28.699999999999996 -12.299999999999999 0 -90 0
-40.8 -28.699999999999996 -8.2 0 -90 0
-40.8 -28.699999999999996 -4.1 0 -90 0
-40.8 -28.699999999999996 0.0 0 -90 0
-40.8 -28.699999999999996 4.1 0 -90 0
-40.8 -28.699999999999996 8.2 0 -90 0
-40.8 -28.699999999999996 12.299999999999999 0 -90 0
-40.8 -28.699999999999996 16.4 0 -90 0
-40.8 -28.699999999999996 20.5 0 -90 0
-40.8 -28.699999999999996 24.599999999999998 0 -90 0
-40.8 -28.699999999999996 28.699999999999996 0 -90 0
-40.8 -24.599999999999998 -49.209999999999994 0 -90 0
-40.8 -24.599999999999998 -45.11 0 -90 0
-40.8 -24.599999999999998 -41.00999999999999 0 -90 0
-40.8 -24.599999999999998 -36.91 0 -90 0
-40.8 -24.599999999999998 -32.809999999999995 0 -90 0
-40.8 -24.599999999999998 -28.699999999999996 0 -90 0
-40.8 -24.599999999999998 -24.599999999999998 0 -90 0
-40.8 -24.599999999999998 -20.5 0 -90 0
-40.8 -24.599999999999998 -16.4 0 -90 0
-40.8 -24.599999999999998 -12.299999999999999 0 -90 0
-40.8 -24.599999999999998 -8.2 0 -90 0
-40.8 -24.599999999999998 -4.1 0 -90 0
-40.8 -24.599999999999998 0.0 0 -90 0
-40.8 -24.599999999999998 4.1 0 -90 0
-40.8 -24.599999999999998 8.2 0 -90 0
-40.8 -24.599999999999998 12.299999999999999 0 -90 0
-40.8 -24.599999999999998 16.4 0 -90 0
-40.8 -24.599999999999998 20.5 0 -90 0
-40.8 -24.599999999999998 24.599999999999998 0 -90 0
-40.8 -24.599999999999998 28.699999999999996 0 -90 0
-40.8 -24.599999999999998 32.809999999999995 0 -90 0
-40.8 -24.599999999999998 36.91 0 -90 0
-40.8 -24.599999999999998 41.00999999999999 0 -90 0
-40.8 -24.599999999999998 45.11 0 -90 0
-40.8 -24.599999999999998 49.209999999999994 0 -90 0
-40.8 -20.5 -28.699999999999996 0 -90 0
-40.8 -20.5 -24.599999999999998 0 -90 0
-40.8 -20.5 -20.5 0 -90 0
-40.8 -20.5 -16.4 0 -90 0
-40.8 -20.5 -12.299999999999999 0 -90 0
-40.8 -20.5 -8.2 0 -90 0
-40.8 -20.5 -4.1 0 -90 0
-40.8 -20.5 0.0 0 -90 0
-40.8 -20.5 4.1 0 -90 0
-40.8 -20.5 8.2 0 -90 0
-40.8 -20.5 12.299999999999999 0 -90 0
-40.8 -20.5 16.4 0 -90 0
-40.8 -20.5 20.5 0 -90 0
-40.8 -20.5 24.599999999999998 0 -90 0
-40.8 -20.5 28.699999999999996 0 -90 0
-40.8 -16.4 -49.209999999999994 0 -90 0
-40.8 -16.4 -45.11 0 -90 0
-40.8 -16.4 -41.00999999999999 0 -90 0
-40.8 -16.4 -36.91 0 -90 0
-40.8 -16.4 -32.809999999999995 0 -90 0
-40.8 -16.4 -28.699999999999996 0 -90 0
-40.8 -16.4 -24.599999999999998 0 -90 0
-40.8 -16.4 -20.5 0 -90 0
-40.8 -16.4 -16.4 0 -90 0
-40.8 -16.4 -12.299999999999999 0 -90 0
-40.8 -16.4 -8.2 0 -90 0
-40.8 -16.4 -4.1 0 -90 0
-40.8 -16.4 0.0 0 -90 0
-40.8 -16.4 4.1 0 -90 0
-40.8 -16.4 8.2 0 -90 0
-40.8 -16.4 12.299999999999999 0 -90 0
-40.8 -16.4 16.4 0 -90 0
-40.8 -16.4 20.5 0 -90 0
-40.8 -16.4 24.599999999999998 0 -90 0
-40.8 -16.4 28.699999999999996 0 -90 0
-40.8 -16.4 32.809999999999995 0 -90 0
-40.8 -16.4 36.91 0 -90 0
-40.8 -16.4 41.00999999999999 0 -90 0
-40.8 -16.4 45.11 0 -90 0
-40.8 -16.4 49.209999999999994 0 -90 0
-40.8 -12.299999999999999 -28.699999999999996 0 -90 0
-40.8 -12.299999999999999 -24.599999999999998 0 -90 0
-40.8 -12.299999999999999 -20.5 0 -90 0
-40.8 -12.299999999999999 -16.4 0 -90 0
-40.8 -12.299999999999999 -12.299999999999999 0 -90 0
-40.8 -12.299999999999999 -8.2 0 -90 0
-40.8 -12.299999999999999 -4.1 0 -90 0
-40.8 -12.299999999999999 0.0 0 -90 0
-40.8 -12.299999999999999 4.1 0 -90 0
-40.8 -12.299999999999999 8.2 0 -90 0
-40.8 -12.299999999999999 12.299999999999999 0 -90 0
-40.8 -12.299999999999999 16.4 0 -90 0
-40.8 -12.299999999999999 20.5 0 -90 0
-40.8 -12.299999999999999 24.599999999999998 0 -90 0
-40.8 -12.299999999999999 28.699999999999996 0 -90 0
-40.8 -8.2 -49.209999999999994 0 -90 0
-40.8 -8.2 -45.11 0 -90 0
-40.8 -8.2 -41.00999999999999 0 -90 0
-40.8 -8.2 -36.91 0 -90 0
-40.8 -8.2 -32.809999999999995 0 -90 0
-40.8 -8.2 -28.699999999999996 0 -90 0
-40.8 -8.2 -24.599999999999998 0 -90 0
-40.8 -8.2 -20.5 0 -90 0
-40.8 -8.2 -16.4 0 -90 0
-40.8 -8.2 -12.299999999999999 0 -90 0
-40.8 -8.2 -8.2 0 -90 0
-40.8 -8.2 -4.1 0 -90 0
-40.8 -8.2 0.0 0 -90 0
-40.8 -8.2 4.1 0 -90 0
-40.8 -8.2 8.2 0 -90 0
-40.8 -8.2 12.299999999999999 0 -90 0
-40.8 -8.2 16.4 0 -90 0
-40.8 -8.2 20.5 0 -90 0
-40.8 -8.2 24.599999999999998 0 -90 0
-40.8 -8.2 28.699999999999996 0 -90 0
-40.8 -8.2 32.809999999999995 0 -90 0
-40.8 -8.2 36.91 0 -90 0
-40.8 -8.2 41.00999999999999 0 -90 0
-40.8 -8.2 45.11 0 -90 0
-40.8 -8.2 49.209999999999994 0 -90 0
-40.8 -4.1 -28.699999999999996 0 -90 0
-40.8 -4.1 -24.599999999999998 0 -90 0
-40.8 -4.1 -20.5 0 -90 0
-40.8 -4.1 -16.4 0 -90 0
-40.8 -4.1 -12.299999999999999 0 -90 0
-40.8 -4.1 -8.2 0 -90 0
-40.8 -4.1 -4.1 0 -90 0
-40.8 -4.1 0.0 0 -90 0
-40.8 -4.1 4.1 0 -90 0
-40.8 -4.1 8.2 0 -90 0
-40.8 -4.1 12.299999999999999 0 -90 0
-40.8 -4.1 16.4 0 -90 0
-40.8 -4.1 20.5 0 -90 0
-40.8 -4.1 24.599999999999998 0 -90 0
-40.8 -4.1 28.699999999999996 0 -90 0
-40.8 0.0 -49.209999999999994 0 -90 0
-40.8 0.0 -45.11 0 -90 0
-40.8 0.0 -41.00999999999999 0 -90 0
-40.8 0.0 -36.91 0 -90 0
-40.8 0.0 -32.809999999999995 0 -90 0
-40.8 0.0 -28.699999999999996 0 -90 0
-40.8 0.0 -24.599999999999998 0 -90 0
-40.8 0.0 -20.5 0 -90 0
-40.8 0.0 -16.4 0 -90 0
-40.8 0.0 -12.299999999999999 0 -90 0
-40.8 0.0 -8.2 0 -90 0
-40.8 0.0 -4.1 0 -90 0
-40.8 0.0 0.0 0 -90 0
-40.8 0.0 4.1 0 -90 0
-40.8 0.0 8.2 0 -90 0
-40.8 0.0 12.299999999999999 0 -90 0
-40.8 0.0 16.4 0 -90 0
-40.8 0.0 20.5 0 -90 0
-40.8 0.0 24.599999999999998 0 -90 0
-40.8 0.0 28.699999999999996 0 -90 0
-40.8 0.0 32.809999999999995 0 -90 0
-40.8 0.0 36.91 0 -90 0
-40.8 0.0 41.00999999999999 0 -90 0
-40.8 0.0 45.11 0 -90 0
-40.8 0.0 49.209999999999994 0 -90 0
-40.8 4.1 -28.699999999999996 0 -90 0
-40.8 4.1 -24.599999999999998 0 -90 0
-40.8 4.1 -20.5 0 -90 0
-40.8 4.1 -16.4 0 -90 0
-40.8 4.1 -12.299999999999999 0 -90 0
-40.8 4.1 -8.2 0 -90 0
-40.8 4.1 -4.1 0 -90 0
-40.8 4.1 0.0 0 -90 0
-40.8 4.1 4.1 0 -90 0
-40.8 4.1 8.2 0 -90 0
-40.8 4.1 12.299999999999999 0 -90 0
-40.8 4.1 16.4 0 -90 0
-40.8 4.1 20.5 0 -90 0
-40.8 4.1 24.599999999999998 0 -90 0
-40.8 4.1 28.699999999999996 0 -90 0
-40.8 8.2 -49.209999999999994 0 -90 0
-40.8 8.2 -45.11 0 -90 0
-40.8 8.2 -41.00999999999999 0 -90 0
-40.8 8.2 -36.91 0 -90 0
-40.8 8.2 -32.809999999999995 0 -90 0
-40.8 8.2 -28.699999999999996 0 -90 0
-40.8 8.2 -24.599999999999998 0 -90 0
-40.8 8.2 -20.5 0 -90 0
-40.8 8.2 -16.4 0 -90 0
-40.8 8.2 -12.299999999999999 0 -90 0
-40.8 8.2 -8.2 0 -90 0
-40.8 8.2 -4.1 0 -90 0
-40.8 8.2 0.0 0 -90 0
-40.8 8.2 4.1 0 -90 0
-40.8 8.2 8.2 0 -90 0
-40.8 8.2 12.299999999999999 0 -90 0
-40.8 8.2 16.4 0 -90 0
-40.8 8.2 20.5 0 -90 0
-40.8 8.2 24.599999999999998 0 -90 0
-40.8 8.2 28.699999999999996 0 -90 0
-40.8 8.2 32.809999999999995 0 -90 0
-40.8 8.2 36.91 0 -90 0
-40.8 8.2 41.00999999999999 0 -90 0
-40.8 8.2 45.11 0 -90 0
-40.8 8.2 49.209999999999994 0 -90 0
-40.8 12.299999999999999 -28.699999999999996 0 -90 0
-40.8 12.299999999999999 -24.599999999999998 0 -90 0
-40.8 12.299999999999999 -20.5 0 -90 0
-40.8 12.299999999999999 -16.4 0 -90 0
-40.8 12.299999999999999 -12.299999999999999 0 -90 0
-40.8 12.299999999999999 -8.2 0 -90 0
-40.8 12.299999999999999 -4.1 0 -90 0
-40.8 12.299999999999999 0.0 0 -90 0
-40.8 12.299999999999999 4.1 0 -90 0
-40.8 12.299999999999999 8.2 0 -90 0
-40.8 12.299999999999999 12.299999999999999 0 -90 0
-40.8 12.299999999999999 16.4 0 -90 0
-40.8 12.299999999999999 20.5 0 -90 0
-40.8 12.299999999999999 24.599999999999998 0 -90 0
-40.8 12.299999999999999 28.699999999999996 0 -90 0
-40.8 16.4 -49.209999999999994 0 -90 0
-40.8 16.4 -45.11 0 -90 0
-40.8 16.4 -41.00999999999999 0 -90 0
-40.8 16.4 -36.91 0 -90 0
-40.8 16.4 -32.809999999999995 0 -90 0
-40.8 16.4 -28.699999999999996 0 -90 0
-40.8 16.4 -24.599999999999998 0 -90 0
-40.8 16.4 -20.5 0 -90 0
-40.8 16.4 -16.4 0 -90 0
-40.8 16.4 -12.299999999999999 0 -90 0
-40.8 16.4 -8.2 0 -90 0
-40.8 16.4 -4.1 0 -90 0
-40.8 16.4 0.0 0 -90 0
-40.8 16.4 4.1 0 -90 0
-40.8 16.4 8.2 0 -90 0
-40.8 16.4 12.299999999999999 0 -90 0
-40.8 16.4 16.4 0 -90 0
-40.8 16.4 20.5 0 -90 0
-40.8 16.4 24.599999999999998 0 -90 0
-40.8 16.4 28.699999999999996 0 -90 0
-40.8 16.4 32.809999999999995 0 -90 0
-40.8 16.4 36.91 0 -90 0
-40.8 16.4 41.00999999999999 0 -90 0
-40.8 16.4 45.11 0 -90 0
-40.8 16.4 49.209999999999994 0 -90 0
-40.8 20.5 -28.699999999999996 0 -90 0
-40.8 20.5 -24.599999999999998 0 -90 0
-40.8 20.5 -20.5 0 -90 0
-40.8 20.5 -16.4 0 -90 0
-40.8 20.5 -12.299999999999999 0 -90 0
-40.8 20.5 -8.2 0 -90 0
-40.8 20.5 -4.1 0 -90 0
-40.8 20.5 0.0 0 -90 0
-40.8 20.5 4.1 0 -90 0
-40.8 20.5 8.2 0 -90 0
-40.8 20.5 12.299999999999999 0 -90 0
-40.8 20.5 16.4 0 -90 0
-40.8 20.5 20.5 0 -90 0
-40.8 20.5 24.599999999999998 0 -90 0
-40.8 20.5 28.699999999999996 0 -90 0
-40.8 24.599999999999998 -49.209999999999994 0 -90 0
-40.8 24.599999999999998 -45.11 0 -90 0
-40.8 24.599999999999998 -41.00999999999999 0 -90 0
-40.8 24.599999999999998 -36.91 0 -90 0
-40.8 24.599999999999998 -32.809999999999995 0 -90 0
-40.8 24.599999999999998 -28.699999999999996 0 -90 0
-40.8 24.599999999999998 -24.599999999999998 0 -90 0
-40.8 24.599999999999998 -20.5 0 -90 0
-40.8 24.599999999999998 -16.4 0 -90 0
-40.8 24.599999999999998 -12.299999999999999 0 -90 0
-40.8 24.599999999999998 -8.2 0 -90 0
-40.8 24.599999999999998 -4.1 0 -90 0
-40.8 24.599999999999998 0.0 0 -90 0
-40.8 24.599999999999998 4.1 0 -90 0
-40.8 24.599999999999998 8.2 0 -90 0
-40.8 24.599999999999998 12.299999999999999 0 -90 0
-40.8 24.599999999999998 16.4 0 -90 0
-40.8 24.599999999999998 20.5 0 -90 0
-40.8 24.599999999999998 24.599999999999998 0 -90 0
-40.8 24.599999999999998 28.699999999999996 0 -90 0
-40.8 24.599999999999998 32.809999999999995 0 -90 0
-40.8 24.599999999999998 36.91 0 -90 0
-40.8 24.599999999999998 41.00999999999999 0 -90 0
-40.8 24.599999999999998 45.11 0 -90 0
-40.8 24.599999999999998 49.209999999999994 0 -90 0
-40.8 28.699999999999996 -28.699999999999996 0 -90 0
-40.8 28.699999999999996 -24.599999999999998 0 -90 0
-40.8 28.699999999999996 -20.5 0 -90 0
-40.8 28.699999999999996 -16.4 0 -90 0
-40.8 28.699999999999996 -12.299999999999999 0 -90 0
-40.8 28.699999999999996 -8.2 0 -90 0
-40.8 28.699999999999996 -4.1 0 -90 0
-40.8 28.699999999999996 0.0 0 -90 0
-40.8 28.699999999999996 4.1 0 -90 0
-40.8 28.699999999999996 8.2 0 -90 0
-40.8 28.699999999999996 12.299999999999999 0 -90 0
-40.8 28.699999999999996 16.4 0 -90 0
-40.8 28.699999999999996 20.5 0 -90 0
-40.8 28.699999999999996 24.599999999999998 0 -90 0
-40.8 28.699999999999996 28.699999999999996 0 -90 0
-40.8 32.809999999999995 -24.599999999999998 0 -90 0
-40.8 32.809999999999995 -16.4 0 -90 0
-40.8 32.809999999999995 -8.2 0 -90 0
-40.8 32.809999999999995 0.0 0 -90 0
-40.8 32.809999999999995 8.2 0 -90 0
-40.8 32.809999999999995 16.4 0 -90 0
-40.8 32.809999999999995 24.599999999999998 0 -90 0
-40.8 36.91 -24.599999999999998 0 -90 0
-40.8 36.91 -16.4 0 -90 0
-40.8 36.91 -8.2 0 -90 0
-40.8 36.91 0.0 0 -90 0
-40.8 36.91 8.2 0 -90 0
-40.8 36.91 16.4 0 -90 0
-40.8 36.91 24.599999999999998 0 -90 0
-40.8 41.00999999999999 -24.599999999999998 0 -90 0
-40.8 41.00999999999999 -16.4 0 -90 0
-40.8 41.00999999999999 -8.2 0 -90 0
-40.8 41.00999999999999 0.0 0 -90 0
-40.8 41.00999999999999 8.2 0 -90 0
-40.8 41.00999999999999 16.4 0 -90 0
-40.8 41.00999999999999 24.599999999999998 0 -90 0
-40.8 45.11 -24.599999999999998 0 -90 0
-40.8 45.11 -16.4 0 -90 0
-40.8 45.11 -8.2 0 -90 0
-40.8 45.11 0.0 0 -90 0
-40.8 45.11 8.2 0 -90 0
-40.8 45.11 16.4 0 -90 0
-40.8 45.11 24.599999999999998 0 -90 0
-40.8 49.209999999999994 -24.599999999999998 0 -90 0
-40.8 49.209999999999994 -16.4 0 -90 0
-40.8 49.209999999999994 -8.2 0 -90 0
-40.8 49.209999999999994 0.0 0 -90 0
-40.8 49.209999999999994 8.2 0 -90 0
-40.8 49.209999999999994 16.4 0 -90 0
-40.8 49.209999999999994 24.599999999999998 0 -90 0
-36.91 -49.209999999999994 -40.8 180 0 0
-36.91 -49.209999999999994 40.8 0 0 0
-36.91 -45.11 -40.8 180 0 0
-36.91 -45.11 40.8 0 0 0
-36.91 -41.00999999999999 -40.8 180 0 0
-36.91 -41.00999999999999 40.8 0 0 0
-36.91 -40.8 -28.699999999999996 90 0 0
-36.91 -40.8 -20.5 90 0 0
-36.91 -40.8 -12.299999999999999 90 0 0
-36.91 -40.8 -4.1 90 0 0
-36.91 -40.8 4.1 90 0 0
-36.91 -40.8 12.299999999999999 90 0 0
-36.91 -40.8 20.5 90 0 0
-36.91 -40.8 28.699999999999996 90 0 0
-36.91 -36.91 -40.8 180 0 0
-36.91 -36.91 40.8 0 0 0
-36.91 -32.809999999999995 -40.8 180 0 0
-36.91 -32.809999999999995 40.8 0 0 0
-36.91 -28.699999999999996 -40.8 180 0 0
-36.91 -28.699999999999996 40.8 0 0 0
-36.91 -20.5 -40.8 180 0 0
-36.91 -20.5 40.8 0 0 0
-36.91 -12.299999999999999 -40.8 180 0 0
-36.91 -12.299999999999999 40.8 0 0 0
-36.91 -4.1 -40.8 180 0 0
-36.91 -4.1 40.8 0 0 0
-36.91 4.1 -40.8 180 0 0
-36.91 4.1 40.8 0 0 0
-36.91 12.299999999999999 -40.8 180 0 0
-36.91 12.299999999999999 40.8 0 0 0
-36.91 20.5 -40.8 180 0 0
-36.91 20.5 40.8 0 0 0
-36.91 28.699999999999996 -40.8 180 0 0
-36.91 28.699999999999996 40.8 0 0 0
-36.91 32.809999999999995 -40.8 180 0 0
-36.91 32.809999999999995 40.8 0 0 0
-36.91 36.91 -40.8 180 0 0
-36.91 36.91 40.8 0 0 0
-36.91 40.8 -28.699999999999996 -90 0 0
-36.91 40.8 -20.5 -90 0 0
-36.91 40.8 -12.299999999999999 -90 0 0
-36.91 40.8 -4.1 -90 0 0
-36.91 40.8 4.1 -90 0 0
-36.91 40.8 12.299999999999999 -90 0 0
-36.91 40.8 20.5 -90 0 0
-36.91 40.8 28.699999999999996 -90 0 0
-36.91 41.00999999999999 -40.8 180 0 0
-36.91 41.00999999999999 40.8 0 0 0
-36.91 45.11 -40.8 180 0 0
-36.91 45.11 40.8 0 0 0
-36.91 49.209999999999994 -40.8 180 0 0
-36.91 49.209999999999994 40.8 0 0 0
-32.809999999999995 -40.8 -49.209999999999994 90 0 0
-32.809999999999995 -40.8 -45.11 90 0 0
-32.809999999999995 -40.8 -41.00999999999999 90 0 0
-32.809999999999995 -40.8 -36.91 90 0 0
-32.809999999999995 -40.8 -32.809999999999995 90 0 0
-32.809999999999995 -40.8 -28.699999999999996 90 0 0
-32.809999999999995 -40.8 -20.5 90 0 0
-32.809999999999995 -40.8 -12.299999999999999 90 0 0
-32.809999999999995 -40.8 -4.1 90 0 0
-32.809999999999995 -40.8 4.1 90 0 0
-32.809999999999995 -40.8 12.299999999999999 90 0 0
-32.809999999999995 -40.8 20.5 90 0 0
-32.809999999999995 -40.8 28.699999999999996 90 0 0
-32.809999999999995 -40.8 32.809999999999995 90 0 0
-32.809999999999995 -40.8 36.91 90 0 0
-32.809999999999995 -40.8 41.00999999999999 90 0 0
-32.809999999999995 -40.8 45.11 90 0 0
-32.809999999999995 -40.8 49.209999999999994 90 0 0
-32.809999999999995 -28.699999999999996 -40.8 180 0 0
-32.809999999999995 -28.699999999999996 40.8 0 0 0
-32.809999999999995 -20.5 -40.8 180 0 0
-32.809999999999995 -20.5 40.8 0 0 0
-32.809999999999995 -12.299999999999999 -40.8 180 0 0
-32.809999999999995 -12.299999999999999 40.8 0 0 0
-32.809999999999995 -4.1 -40.8 180 0 0
-32.809999999999995 -4.1 40.8 0 0 0
-32.809999999999995 4.1 -40.8 180 0 0
-32.809999999999995 4.1 40.8 0 0 0
-32.809999999999995 12.299999999999999 -40.8 180 0 0
-32.809999999999995 12.299999999999999 40.8 0 0 0
-32.809999999999995 20.5 -40.8 180 0 0
-32.809999999999995 20.5 40.8 0 0 0
-32.809999999999995 28.699999999999996 -40.8 180 0 0
-32.809999999999995 28.699999999999996 40.8 0 0 0
-32.809999999999995 40.8 -49.209999999999994 -90 0 0
-32.809999999999995 40.8 -45.11 -90 0 0
-32.809999999999995 40.8 -41.00999999999999 -90 0 0
-32.809999999999995 40.8 -36.91 -90 0 0
-32.809999999999995 40.8 -32.809999999999995 -90 0 0
-32.809999999999995 40.8 -28.699999999999996 -90 0 0
-32.809999999999995 40.8 -20.5 -90 0 0
-32.809999999999995 40.8 -12.299999999999999 -90 0 0
-32.809999999999995 40.8 -4.1 -90 0 0
-32.809999999999995 40.8 4.1 -90 0 0
-32.809999999999995 40.8 12.299999999999999 -90 0 0
-32.809999999999995 40.8 20.5 -90 0 0
-32.809999999999995 40.8 28.699999999999996 -90 0 0
-32.809999999999995 40.8 32.809999999999995 -90 0 0
-32.809999999999995 40.8 36.91 -90 0 0
-32.809999999999995 40.8 41.00999999999999 -90 0 0
-32.809999999999995 40.8 45.11 -90 0 0
-32.809999999999995 40.8 49.209999999999994 -90 0 0
-28.699999999999996 -49.209999999999994 -40.8 180 0 0
-28.699999999999996 -49.209999999999994 40.8 0 0 0
-28.699999999999996 -45.11 -40.8 180 0 0
-28.699999999999996 -45.11 40.8 0 0 0
-28.699999999999996 -41.00999999999999 -40.8 180 0 0
-28.699999999999996 -41.00999999999999 40.8 0 0 0
-28.699999999999996 -40.8 -28.699999999999996 90 0 0
-28.699999999999996 -40.8 -24.599999999999998 90 0 0
-28.699999999999996 -40.8 -20.5 90 0 0
-28.699999999999996 -40.8 -16.4 90 0 0
-28.699999999999996 -40.8 -12.299999999999999 90 0 0
-28.699999999999996 -40.8 -8.2 90 0 0
-28.699999999999996 -40.8 -4.1 90 0 0
-28.699999999999996 -40.8 0.0 90 0 0
-28.699999999999996 -40.8 4.1 90 0 0
-28.699999999999996 -40.8 8.2 90 0 0
-28.699999999999996 -40.8 12.299999999999999 90 0 0
-28.699999999999996 -40.8 16.4 90 0 0
-28.699999999999996 -40.8 20.5 90 0 0
-28.699999999999996 -40.8 24.599999999999998 90 0 0
-28.699999999999996 -40.8 28.699999999999996 90 0 0
-28.699999999999996 -36.91 -40.8 180 0 0
-28.699999999999996 -36.91 40.8 0 0 0
-28.699999999999996 -32.809999999999995 -40.8 180 0 0
-28.699999999999996 -32.809999999999995 40.8 0 0 0
-28.699999999999996 -28.699999999999996 -40.8 180 0 0
-28.699999999999996 -28.699999999999996 40.8 0 0 0
-28.699999999999996 -24.599999999999998 -40.8 180 0 0
-28.699999999999996 -24.599999999999998 40.8 0 0 0
-28.699999999999996 -20.5 -40.8 180 0 0
-28.699999999999996 -20.5 40.8 0 0 0
-28.699999999999996 -16.4 -40.8 180 0 0
-28.699999999999996 -16.4 40.8 0 0 0
-28.699999999999996 -12.299999999999999 -40.8 180 0 0
-28.699999999999996 -12.299999999999999 40.8 0 0 0
-28.699999999999996 -8.2 -40.8 180 0 0
-28.699999999999996 -8.2 40.8 0 0 0
-28.699999999999996 -4.1 -40.8 180 0 0
-28.699999999999996 -4.1 40.8 0 0 0
-28.699999999999996 0.0 -40.8 180 0 0
-28.699999999999996 0.0 40.8 0 0 0
-28.699999999999996 4.1 -40.8 180 0 0
-28.699999999999996 4.1 40.8 0 0 0
-28.699999999999996 8.2 -40.8 180 0 0
-28.699999999999996 8.2 40.8 0 0 0
-28.699999999999996 12.299999999999999 -40.8 180 0 0
-28.699999999999996 12.299999999999999 40.8 0 0 0
-28.699999999999996 16.4 -40.8 180 0 0
-28.699999999999996 16.4 40.8 0 0 0
-28.699999999999996 20.5 -40.8 180 0 0
-28.699999999999996 20.5 40.8 0 0 0
-28.699999999999996 24.599999999999998 -40.8 180 0 0
-28.699999999999996 24.599999999999998 40.8 0 0 0
-28.699999999999996 28.699999999999996 -40.8 180 0 0
-28.699999999999996 28.699999999999996 40.8 0 0 0
-28.699999999999996 32.809999999999995 -40.8 180 0 0
-28.699999999999996 32.809999999999995 40.8 0 0 0
-28.699999999999996 36.91 -40.8 180 0 0
-28.699999999999996 36.91 40.8 0 0 0
-28.699999999999996 40.8 -28.699999999999996 -90 0 0
-28.699999999999996 40.8 -24.599999999999998 -90 0 0
-28.699999999999996 40.8 -20.5 -90 0 0
-28.699999999999996 40.8 -16.4 -90 0 0
-28.699999999999996 40.8 -12.299999999999999 -90 0 0
-28.699999999999996 40.8 -8.2 -90 0 0
-28.699999999999996 40.8 -4.1 -90 0 0
-28.699999999999996 40.8 0.0 -90 0 0
-28.699999999999996 40.8 4.1 -90 0 0
-28.699999999999996 40.8 8.2 -90 0 0
-28.699999999999996 40.8 12.299999999999999 -90 0 0
-28.699999999999996 40.8 16.4 -90 0 0
-28.699999999999996 40.8 20.5 -90 0 0
-28.699999999999996 40.8 24.599999999999998 -90 0 0
-28.699999999999996 40.8 28.699999999999996 -90 0 0
-28.699999999999996 41.00999999999999 -40.8 180 0 0
-28.699999999999996 41.00999999999999 40.8 0 0 0
-28.699999999999996 45.11 -40.8 180 0 0
-28.699999999999996 45.11 40.8 0 0 0
-28.699999999999996 49.209999999999994 -40.8 180 0 0
-28.699999999999996 49.209999999999994 40.8 0 0 0
-24.599999999999998 -40.8 -49.209999999999994 90 0 0
-24.599999999999998 -40.8 -45.11 90 0 0
-24.599999999999998 -40.8 -41.00999999999999 90 0 0
-24.599999999999998 -40.8 -36.91 90 0 0
-24.599999999999998 -40.8 -32.809999999999995 90 0 0
-24.599999999999998 -40.8 -28.699999999999996 90 0 0
-24.599999999999998 -40.8 -24.599999999999998 90 0 0
-24.599999999999998 -40.8 -20.5 90 0 0
-24.599999999999998 -40.8 -16.4 90 0 0
-24.599999999999998 -40.8 -12.299999999999999 90 0 0
-24.599999999999998 -40.8 -8.2 90 0 0
-24.599999999999998 -40.8 -4.1 90 0 0
-24.599999999999998 -40.8 0.0 90 0 0
-24.599999999999998 -40.8 4.1 90 0 0
-24.599999999999998 -40.8 8.2 90 0 0
-24.599999999999998 -40.8 12.299999999999999 90 0 0
-24.599999999999998 -40.8 16.4 90 0 0
-24.599999999999998 -40.8 20.5 90 0 0
-24.599999999999998 -40.8 24.599999999999998 90 0 0
-24.599999999999998 -40.8 28.699999999999996 90 0 0
-24.599999999999998 -40.8 32.809999999999995 90 0 0
-24.599999999999998 -40.8 36.91 90 0 0
-24.599999999999998 -40.8 41.00999999999999 90 0 0
-24.599999999999998 -40.8 45.11 90 0 0
-24.599999999999998 -40.8 49.209999999999994 90 0 0
-24.599999999999998 -28.699999999999996 -40.8 180 0 0
-24.599999999999998 -28.699999999999996 40.8 0 0 0
-24.599999999999998 -24.599999999999998 -40.8 180 0 0
-24.599999999999998 -24.599999999999998 40.8 0 0 0
-24.599999999999998 -20.5 -40.8 180 0 0
-24.599999999999998 -20.5 40.8 0 0 0
-24.599999999999998 -16.4 -40.8 180 0 0
-24.599999999999998 -16.4 40.8 0 0 0
-24.599999999999998 -12.299999999999999 -40.8 180 0 0
-24.599999999999998 -12.299999999999999 40.8 0 0 0
-24.599999999999998 -8.2 -40.8 180 0 0
-24.599999999999998 -8.2 40.8 0 0 0
-24.599999999999998 -4.1 -40.8 180 0 0
-24.599999999999998 -4.1 40.8 0 0 0
-24.599999999999998 0.0 -40.8 180 0 0
-24.599999999999998 0.0 40.8 0 0 0
-24.599999999999998 4.1 -40.8 180 0 0
-24.599999999999998 4.1 40.8 0 0 0
-24.599999999999998 8.2 -40.8 180 0 0
-24.599999999999998 8.2 40.8 0 0 0
-24.599999999999998 12.299999999999999 -40.8 180 0 0
-24.599999999999998 12.299999999999999 40.8 0 0 0
-24.599999999999998 16.4 -40.8 180 0 0
-24.599999999999998 16.4 40.8 0 0 0
-24.599999999999998 20.5 -40.8 180 0 0
-24.599999999999998 20.5 40.8 0 0 0
-24.599999999999998 24.599999999999998 -40.8 180 0 0
-24.599999999999998 24.599999999999998 40.8 0 0 0
-24.599999999999998 28.699999999999996 -40.8 180 0 0
-24.599999999999998 28.699999999999996 40.8 0 0 0
-24.599999999999998 40.8 -49.209999999999994 -90 0 0
-24.599999999999998 40.8 -45.11 -90 0 0
-24.599999999999998 40.8 -41.00999999999999 -90 0 0
-24.599999999999998 40.8 -36.91 -90 0 0
-24.599999999999998 40.8 -32.809999999999995 -90 0 0
-24.599999999999998 40.8 -28.699999999999996 -90 0 0
-24.599999999999998 40.8 -24.599999999999998 -90 0 0
-24.599999999999998 40.8 -20.5 -90 0 0
-24.599999999999998 40.8 -16.4 -90 0 0
-24.599999999999998 40.8 -12.299999999999999 -90 0 0
-24.599999999999998 40.8 -8.2 -90 0 0
-24.599999999999998 40.8 -4.1 -90 0 0
-24.599999999999998 40.8 0.0 -90 0 0
-24.599999999999998 40.8 4.1 -90 0 0
-24.599999999999998 40.8 8.2 -90 0 0
-24.599999999999998 40.8 12.299999999999999 -90 0 0
-24.599999999999998 40.8 16.4 -90 0 0
-24.599999999999998 40.8 20.5 -90 0 0
-24.599999999999998 40.8 24.599999999999998 -90 0 0
-24.599999999999998 40.8 28.699999999999996 -90 0 0
-24.599999999999998 40.8 32.809999999999995 -90 0 0
-24.599999999999998 40.8 36.91 -90 0 0
-24.599999999999998 40.8 41.00999999999999 -90 0 0
-24.599999999999998 40.8 45.11 -90 0 0
-24.599999999999998 40.8 49.209999999999994 -90 0 0
-20.5 -49.209999999999994 -40.8 180 0 0
-20.5 -49.209999999999994 40.8 0 0 0
-20.5 -45.11 -40.8 180 0 0
-20.5 -45.11 40.8 0 0 0
-20.5 -41.00999999999999 -40.8 180 0 0
-20.5 -41.00999999999999 40.8 0 0 0
-20.5 -40.8 -28.699999999999996 90 0 0
-20.5 -40.8 -24.599999999999998 90 0 0
-20.5 -40.8 -20.5 90 0 0
-20.5 -40.8 -16.4 90 0 0
-20.5 -40.8 -12.299999999999999 90 0 0
-20.5 -40.8 -8.2 90 0 0
-20.5 -40.8 -4.1 90 0 0
-20.5 -40.8 0.0 90 0 0
-20.5 -40.8 4.1 90 0 0
-20.5 -40.8 8.2 90 0 0
-20.5 -40.8 12.299999999999999 90 0 0
-20.5 -40.8 16.4 90 0 0
-20.5 -40.8 20.5 90 0 0
-20.5 -40.8 24.599999999999998 90 0 0
-20.5 -40.8 28.699999999999996 90 0 0
-20.5 -36.91 -40.8 180 0 0
-20.5 -36.91 40.8 0 0 0
-20.5 -32.809999999999995 -40.8 180 0 0
-20.5 -32.809999999999995 40.8 0 0 0
-20.5 -28.699999999999996 -40.8 180 0 0
-20.5 -28.699999999999996 40.8 0 0 0
-20.5 -24.599999999999998 -40.8 180 0 0
-20.5 -24.599999999999998 40.8 0 0 0
-20.5 -20.5 -40.8 180 0 0
-20.5 -20.5 40.8 0 0 0
-20.5 -16.4 -40.8 180 0 0
-20.5 -16.4 40.8 0 0 0
-20.5 -12.299999999999999 -40.8 180 0 0
-20.5 -12.299999999999999 40.8 0 0 0
-20.5 -8.2 -40.8 180 0 0
-20.5 -8.2 40.8 0 0 0
-20.5 -4.1 -40.8 180 0 0
-20.5 -4.1 40.8 0 0 0
-20.5 0.0 -40.8 180 0 0
-20.5 0.0 40.8 0 0 0
-20.5 4.1 -40.8 180 0 0
-20.5 4.1 40.8 0 0 0
-20.5 8.2 -40.8 180 0 0
-20.5 8.2 40.8 0 0 0
-20.5 12.299999999999999 -40.8 180 0 0
-20.5 12.299999999999999 40.8 0 0 0
-20.5 16.4 -40.8 180 0 0
-20.5 16.4 40.8 0 0 0
-20.5 20.5 -40.8 180 0 0
-20.5 20.5 40.8 0 0 0
-20.5 24.599999999999998 -40.8 180 0 0
-20.5 24.599999999999998 40.8 0 0 0
-20.5 28.699999999999996 -40.8 180 0 0
-20.5 28.699999999999996 40.8 0 0 0
-20.5 32.809999999999995 -40.8 180 0 0
-20.5 32.809999999999995 40.8 0 0 0
-20.5 36.91 -40.8 180 0 0
-20.5 36.91 40.8 0 0 0
-20.5 40.8 -28.699999999999996 -90 0 0
-20.5 40.8 -24.599999999999998 -90 0 0
-20.5 40.8 -20.5 -90 0 0
-20.5 40.8 -16.4 -90 0 0
-20.5 40.8 -12.299999999999999 -90 0 0
-20.5 40.8 -8.2 -90 0 0
-20.5 40.8 -4.1 -90 0 0
-20.5 40.8 0.0 -90 0 0
-20.5 40.8 4.1 -90 0 0
-20.5 40.8 8.2 -90 0 0
-20.5 40.8 12.299999999999999 -90 0 0
-20.5 40.8 16.4 -90 0 0
-20.5 40.8 20.5 -90 0 0
-20.5 40.8 24.599999999999998 -90 0 0
-20.5 40.8 28.699999999999996 -90 0 0
-20.5 41.00999999999999 -40.8 180 0 0
-20.5 41.00999999999999 40.8 0 0 0
-20.5 45.11 -40.8 180 0 0
-20.5 45.11 40.8 0 0 0
-20.5 49.209999999999994 -40.8 180 0 0
-20.5 49.209999999999994 40.8 0 0 0
-16.4 -40.8 -49.209999999999994 90 0 0
-16.4 -40.8 -45.11 90 0 0
-16.4 -40.8 -41.00999999999999 90 0 0
-16.4 -40.8 -36.91 90 0 0
-16.4 -40.8 -32.809999999999995 90 0 0
-16.4 -40.8 -28.699999999999996 90 0 0
-16.4 -40.8 -24.599999999999998 90 0 0
-16.4 -40.8 -20.5 90 0 0
-16.4 -40.8 -16.4 90 0 0
-16.4 -40.8 -12.299999999999999 90 0 0
-16.4 -40.8 -8.2 90 0 0
-16.4 -40.8 -4.1 90 0 0
-16.4 -40.8 0.0 90 0 0
-16.4 -40.8 4.1 90 0 0
-16.4 -40.8 8.2 90 0 0
-16.4 -40.8 12.299999999999999 90 0 0
-16.4 -40.8 16.4 90 0 0
-16.4 -40.8 20.5 90 0 0
-16.4 -40.8 24.599999999999998 90 0 0
-16.4 -40.8 28.699999999999996 90 0 0
-16.4 -40.8 32.809999999999995 90 0 0
-16.4 -40.8 36.91 90 0 0
-16.4 -40.8 41.00999999999999 90 0 0
-16.4 -40.8 45.11 90 0 0
-16.4 -40.8 49.209999999999994 90 0 0
-16.4 -28.699999999999996 -40.8 180 0 0
-16.4 -28.699999999999996 40.8 0 0 0
-16.4 -24.599999999999998 -40.8 180 0 0
-16.4 -24.599999999999998 40.8 0 0 0
-16.4 -20.5 -40.8 180 0 0
-16.4 -20.5 40.8 0 0 0
-16.4 -16.4 -40.8 180 0 0
-16.4 -16.4 40.8 0 0 0
-16.4 -12.299999999999999 -40.8 180 0 0
-16.4 -12.299999999999999 40.8 0 0 0
-16.4 -8.2 -40.8 180 0 0
-16.4 -8.2 40.8 0 0 0
-16.4 -4.1 -40.8 180 0 0
-16.4 -4.1 40.8 0 0 0
-16.4 0.0 -40.8 180 0 0
-16.4 0.0 40.8 0 0 0
-16.4 4.1 -40.8 180 0 0
-16.4 4.1 40.8 0 0 0
-16.4 8.2 -40.8 180 0 0
-16.4 8.2 40.8 0 0 0
-16.4 12.299999999999999 -40.8 180 0 0
-16.4 12.299999999999999 40.8 0 0 0
-16.4 16.4 -40.8 180 0 0
-16.4 16.4 40.8 0 0 0
-16.4 20.5 -40.8 180 0 0
-16.4 20.5 40.8 0 0 0
-16.4 24.599999999999998 -40.8 180 0 0
-16.4 24.599999999999998 40.8 0 0 0
-16.4 28.699999999999996 -40.8 180 0 0
-16.4 28.699999999999996 40.8 0 0 0
-16.4 40.8 -49.209999999999994 -90 0 0
-16.4 40.8 -45.11 -90 0 0
-16.4 40.8 -41.00999999999999 -90 0 0
-16.4 40.8 -36.91 -90 0 0
-16.4 40.8 -32.809999999999995 -90 0 0
-16.4 40.8 -28.699999999999996 -90 0 0
-16.4 40.8 -24.599999999999998 -90 0 0
-16.4 40.8 -20.5 -90 0 0
-16.4 40.8 -16.4 -90 0 0
-16.4 40.8 -12.299999999999999 -90 0 0
-16.4 40.8 -8.2 -90 0 0
-16.4 40.8 -4.1 -90 0 0
-16.4 40.8 0.0 -90 0 0
-16.4 40.8 4.1 -90 0 0
-16.4 40.8 8.2 -90 0 0
-16.4 40.8 12.299999999999999 -90 0 0
-16.4 40.8 16.4 -90 0 0
-16.4 40.8 20.5 -90 0 0
-16.4 40.8 24.599999999999998 -90 0 0
-16.4 40.8 28.699999999999996 -90 0 0
-16.4 40.8 32.809999999999995 -90 0 0
-16.4 40.8 36.91 -90 0 0
-16.4 40.8 41.00999999999999 -90 0 0
-16.4 40.8 45.11 -90 0 0
-16.4 40.8 49.209999999999994 -90 0 0
-12.299999999999999 -49.209999999999994 -40.8 180 0 0
-12.299999999999999 -49.209999999999994 40.8 0 0 0
-12.299999999999999 -45.11 -40.8 180 0 0
-12.299999999999999 -45.11 40.8 0 0 0
-12.299999999999999 -41.00999999999999 -40.8 180 0 0
-12.299999999999999 -41.00999999999999 40.8 0 0 0
-12.299999999999999 -40.8 -28.699999999999996 90 0 0
-12.299999999999999 -40.8 -24.599999999999998 90 0 0
-12.299999999999999 -40.8 -20.5 90 0 0
-12.299999999999999 -40.8 -16.4 90 0 0
-12.299999999999999 -40.8 -12.299999999999999 90 0 0
-12.299999999999999 -40.8 -8.2 90 0 0
-12.299999999999999 -40.8 -4.1 90 0 0
-12.299999999999999 -40.8 0.0 90 0 0
-12.299999999999999 -40.8 4.1 90 0 0
-12.299999999999999 -40.8 8.2 90 0 0
-12.299999999999999 -40.8 12.299999999999999 90 0 0
-12.299999999999999 -40.8 16.4 90 0 0
-12.299999999999999 -40.8 20.5 90 0 0
-12.299999999999999 -40.8 24.599999999999998 90 0 0
-12.299999999999999 -40.8 28.699999999999996 90 0 0
-12.299999999999999 -36.91 -40.8 180 0 0
-12.299999999999999 -36.91 40.8 0 0 0
-12.299999999999999 -32.809999999999995 -40.8 180 0 0
-12.299999999999999 -32.809999999999995 40.8 0 0 0
-12.299999999999999 -28.699999999999996 -40.8 180 0 0
-12.299999999999999 -28.699999999999996 40.8 0 0 0
-12.299999999999999 -24.599999999999998 -40.8 180 0 0
-12.299999999999999 -24.599999999999998 40.8 0 0 0
-12.299999999999999 -20.5 -40.8 180 0 0
-12.299999999999999 -20.5 40.8 0 0 0
-12.299999999999999 -16.4 -40.8 180 0 0
-12.299999999999999 -16.4 40.8 0 0 0
-12.299999999999999 -12.299999999999999 -40.8 180 0 0
-12.299999999999999 -12.299999999999999 40.8 0 0 0
-12.299999999999999 -8.2 -40.8 180 0 0
-12.299999999999999 -8.2 40.8 0 0 0
-12.299999999999999 -4.1 -40.8 180 0 0
-12.299999999999999 -4.1 40.8 0 0 0
-12.299999999999999 0.0 -40.8 180 0 0
-12.299999999999999 0.0 40.8 0 0 0
-12.299999999999999 4.1 -40.8 180 0 0
-12.299999999999999 4.1 40.8 0 0 0
-12.299999999999999 8.2 -40.8 180 0 0
-12.299999999999999 8.2 40.8 0 0 0
-12.299999999999999 12.299999999999999 -40.8 180 0 0
-12.299999999999999 12.299999999999999 40.8 0 0 0
-12.299999999999999 16.4 -40.8 180 0 0
-12.299999999999999 16.4 40.8 0 0 0
-12.299999999999999 20.5 -40.8 180 0 0
-12.299999999999999 20.5 40.8 0 0 0
-12.299999999999999 24.599999999999998 -40.8 180 0 0
-12.299999999999999 24.599999999999998 40.8 0 0 0
-12.299999999999999 28.699999999999996 -40.8 180 0 0
-12.299999999999999 28.699999999999996 40.8 0 0 0
-12.299999999999999 32.809999999999995 -40.8 180 0 0
-12.299999999999999 32.809999999999995 40.8 0 0 0
-12.299999999999999 36.91 -40.8 180 0 0
-12.299999999999999 36.91 40.8 0 0 0
-12.299999999999999 40.8 -28.699999999999996 -90 0 0
-12.299999999999999 40.8 -24.599999999999998 -90 0 0
-12.299999999999999 40.8 -20.5 -90 0 0
-12.299999999999999 40.8 -16.4 -90 0 0
-12.299999999999999 40.8 -12.299999999999999 -90 0 0
-12.299999999999999 40.8 -8.2 -90 0 0
-12.299999999999999 40.8 -4.1 -90 0 0
-12.299999999999999 40.8 0.0 -90 0 0
-12.299999999999999 40.8 4.1 -90 0 0
-12.299999999999999 40.8 8.2 -90 0 0
-12.299999999999999 40.8 12.299999999999999 -90 0 0
-12.299999999999999 40.8 16.4 -90 0 0
-12.299999999999999 40.8 20.5 -90 0 0
-12.299999999999999 40.8 24.599999999999998 -90 0 0
-12.299999999999999 40.8 28.699999999999996 -90 0 0
-12.299999999999999 41.00999999999999 -40.8 180 0 0
-12.299999999999999 41.00999999999999 40.8 0 0 0
-12.299999999999999 45.11 -40.8 180 0 0
-12.299999999999999 45.11 40.8 0 0 0
-12.299999999999999 49.209999999999994 -40.8 180 0 0
-12.299999999999999 49.209999999999994 40.8 0 0 0
-8.2 -40.8 -49.209999999999994 90 0 0
-8.2 -40.8 -45.11 90 0 0
-8.2 -40.8 -41.00999999999999 90 0 0
-8.2 -40.8 -36.91 90 0 0
-8.2 -40.8 -32.809999999999995 90 0 0
-8.2 -40.8 -28.699999999999996 90 0 0
-8.2 -40.8 -24.599999999999998 90 0 0
-8.2 -40.8 -20.5 90 0 0
-8.2 -40.8 -16.4 90 0 0
-8.2 -40.8 -12.299999999999999 90 0 0
-8.2 -40.8 -8.2 90 0 0
-8.2 -40.8 -4.1 90 0 0
-8.2 -40.8 0.0 90 0 0
-8.2 -40.8 4.1 90 0 0
-8.2 -40.8 8.2 90 0 0
-8.2 -40.8 12.299999999999999 90 0 0
-8.2 -40.8 16.4 90 0 0
-8.2 -40.8 20.5 90 0 0
-8.2 -40.8 24.599999999999998 90 0 0
-8.2 -40.8 28.699999999999996 90 0 0
-8.2 -40.8 32.809999999999995 90 0 0
-8.2 -40.8 36.91 90 0 0
-8.2 -40.8 41.00999999999999 90 0 0
-8.2 -40.8 45.11 90 0 0
-8.2 -40.8 49.209999999999994 90 0 0
-8.2 -28.699999999999996 -40.8 180 0 0
-8.2 -28.699999999999996 40.8 0 0 0
-8.2 -24.599999999999998 -40.8 180 0 0
-8.2 -24.599999999999998 40.8 0 0 0
-8.2 -20.5 -40.8 180 0 0
-8.2 -20.5 40.8 0 0 0
-8.2 -16.4 -40.8 180 0 0
-8.2 -16.4 40.8 0 0 0
-8.2 -12.299999999999999 -40.8 180 0 0
-8.2 -12.299999999999999 40.8 0 0 0
-8.2 -8.2 -40.8 180 0 0
-8.2 -8.2 40.8 0 0 0
-8.2 -4.1 -40.8 180 0 0
-8.2 -4.1 40.8 0 0 0
-8.2 0.0 -40.8 180 0 0
-8.2 0.0 40.8 0 0 0
-8.2 4.1 -40.8 180 0 0
-8.2 4.1 40.8 0 0 0
-8.2 8.2 -40.8 180 0 0
-8.2 8.2 40.8 0 0 0
-8.2 12.299999999999999 -40.8 180 0 0
-8.2 12.299999999999999 40.8 0 0 0
-8.2 16.4 -40.8 180 0 0
-8.2 16.4 40.8 0 0 0
-8.2 20.5 -40.8 180 0 0
-8.2 20.5 40.8 0 0 0
-8.2 24.599999999999998 -40.8 180 0 0
-8.2 24.599999999999998 40.8 0 0 0
-8.2 28.699999999999996 -40.8 180 0 0
-8.2 28.699999999999996 40.8 0 0 0
-8.2 40.8 -49.209999999999994 -90 0 0
-8.2 40.8 -45.11 -90 0 0
-8.2 40.8 -41.00999999999999 -90 0 0
-8.2 40.8 -36.91 -90 0 0
-8.2 40.8 -32.809999999999995 -90 0 0
-8.2 40.8 -28.699999999999996 -90 0 0
-8.2 40.8 -24.599999999999998 -90 0 0
-8.2 40.8 -20.5 -90 0 0
-8.2 40.8 -16.4 -90 0 0
-8.2 40.8 -12.299999999999999 -90 0 0
-8.2 40.8 -8.2 -90 0 0
-8.2 40.8 -4.1 -90 0 0
-8.2 40.8 0.0 -90 0 0
-8.2 40.8 4.1 -90 0 0
-8.2 40.8 8.2 -90 0 0
-8.2 40.8 12.299999999999999 -90 0 0
-8.2 40.8 16.4 -90 0 0
-8.2 40.8 20.5 -90 0 0
-8.2 40.8 24.599999999999998 -90 0 0
-8.2 40.8 28.699999999999996 -90 0 0
-8.2 40.8 32.809999999999995 -90 0 0
-8.2 40.8 36.91 -90 0 0
-8.2 40.8 41.00999999999999 -90 0 0
-8.2 40.8 45.11 -90 0 0
-8.2 40.8 49.209999999999994 -90 0 0
-4.1 -49.209999999999994 -40.8 180 0 0
-4.1 -49.209999999999994 40.8 0 0 0
-4.1 -45.11 -40.8 180 0 0
-4.1 -45.11 40.8 0 0 0
-4.1 -41.00999999999999 -40.8 180 0 0
-4.1 -41.00999999999999 40.8 0 0 0
-4.1 -40.8 -28.699999999999996 90 0 0
-4.1 -40.8 -24.599999999999998 90 0 0
-4.1 -40.8 -20.5 90 0 0
-4.1 -40.8 -16.4 90 0 0
-4.1 -40.8 -12.299999999999999 90 0 0
-4.1 -40.8 -8.2 90 0 0
-4.1 -40.8 -4.1 90 0 0
-4.1 -40.8 0.0 90 0 0
-4.1 -40.8 4.1 90 0 0
-4.1 -40.8 8.2 90 0 0
-4.1 -40.8 12.299999999999999 90 0 0
-4.1 -40.8 16.4 90 0 0
-4.1 -40.8 20.5 90 0 0
-4.1 -40.8 24.599999999999998 90 0 0
-4.1 -40.8 28.699999999999996 90 0 0
-4.1 -36.91 -40.8 180 0 0
-4.1 -36.91 40.8 0 0 0
-4.1 -32.809999999999995 -40.8 180 0 0
-4.1 -32.809999999999995 40.8 0 0 0
-4.1 -28.699999999999996 -40.8 180 0 0
-4.1 -28.699999999999996 40.8 0 0 0
-4.1 -24.599999999999998 -40.8 180 0 0
-4.1 -24.599999999999998 40.8 0 0 0
-4.1 -20.5 -40.8 180 0 0
-4.1 -20.5 40.8 0 0 0
-4.1 -16.4 -40.8 180 0 0
-4.1 -16.4 40.8 0 0 0
-4.1 -12.299999999999999 -40.8 180 0 0
-4.1 -12.299999999999999 40.8 0 0 0
-4.1 -8.2 -40.8 180 0 0
-4.1 -8.2 40.8 0 0 0
-4.1 -4.1 -40.8 180 0 0
-4.1 -4.1 40.8 0 0 0
-4.1 0.0 -40.8 180 0 0
-4.1 0.0 40.8 0 0 0
-4.1 4.1 -40.8 180 0 0
-4.1 4.1 40.8 0 0 0
-4.1 8.2 -40.8 180 0 0
-4.1 8.2 40.8 0 0 0
-4.1 12.299999999999999 -40.8 180 0 0
-4.1 12.299999999999999 40.8 0 0 0
-4.1 16.4 -40.8 180 0 0
-4.1 16.4 40.8 0 0 0
-4.1 20.5 -40.8 180 0 0
-4.1 20.5 40.8 0 0 0
-4.1 24.599999999999998 -40.8 180 0 0
-4.1 24.599999999999998 40.8 0 0 0
-4.1 28.699999999999996 -40.8 180 0 0
-4.1 28.699999999999996 40.8 0 0 0
-4.1 32.809999999999995 -40.8 180 0 0
-4.1 32.809999999999995 40.8 0 0 0
-4.1 36.91 -40.8 180 0 0
-4.1 36.91 40.8 0 0 0
-4.1 40.8 -28.699999999999996 -90 0 0
-4.1 40.8 -24.599999999999998 -90 0 0
-4.1 40.8 -20.5 -90 0 0
-4.1 40.8 -16.4 -90 0 0
-4.1 40.8 -12.299999999999999 -90 0 0
-4.1 40.8 -8.2 -90 0 0
-4.1 40.8 -4.1 -90 0 0
-4.1 40.8 0.0 -90 0 0
-4.1 40.8 4.1 -90 0 0
-4.1 40.8 8.2 -90 0 0
-4.1 40.8 12.299999999999999 -90 0 0
-4.1 40.8 16.4 -90 0 0
-4.1 40.8 20.5 -90 0 0
-4.1 40.8 24.599999999999998 -90 0 0
-4.1 40.8 28.699999999999996 -90 0 0
-4.1 41.00999999999999 -40.8 180 0 0
-4.1 41.00999999999999 40.8 0 0 0
-4.1 45.11 -40.8 180 0 0
-4.1 45.11 40.8 0 0 0
-4.1 49.209999999999994 -40.8 180 0 0
-4.1 49.209999999999994 40.8 0 0 0
0.0 -40.8 -49.209999999999994 90 0 0
0.0 -40.8 -45.11 90 0 0
0.0 -40.8 -41.00999999999999 90 0 0
0.0 -40.8 -36.91 90 0 0
0.0 -40.8 -32.809999999999995 90 0 0
0.0 -40.8 -28.699999999999996 90 0 0
0.0 -40.8 -24.599999999999998 90 0 0
0.0 -40.8 -20.5 90 0 0
0.0 -40.8 -16.4 90 0 0
0.0 -40.8 -12.299999999999999 90 0 0
0.0 -40.8 -8.2 90 0 0
0.0 -40.8 -4.1 90 0 0
0.0 -40.8 0.0 90 0 0
0.0 -40.8 4.1 90 0 0
0.0 -40.8 8.2 90 0 0
0.0 -40.8 12.299999999999999 90 0 0
0.0 -40.8 16.4 90 0 0
0.0 -40.8 20.5 90 0 0
0.0 -40.8 24.599999999999998 90 0 0
0.0 -40.8 28.699999999999996 90 0 0
0.0 -40.8 32.809999999999995 90 0 0
0.0 -40.8 36.91 90 0 0
0.0 -40.8 41.00999999999999 90 0 0
0.0 -40.8 45.11 90 0 0
0.0 -40.8 49.209999999999994 90 0 0
0.0 -28.699999999999996 -40.8 180 0 0
0.0 -28.699999999999996 40.8 0 0 0
0.0 -24.599999999999998 -40.8 180 0 0
0.0 -24.599999999999998 40.8 0 0 0
0.0 -20.5 -40.8 180 0 0
0.0 -20.5 40.8 0 0 0
0.0 -16.4 -40.8 180 0 0
0.0 -16.4 40.8 0 0 0
0.0 -12.299999999999999 -40.8 180 0 0
0.0 -12.299999999999999 40.8 0 0 0
0.0 -8.2 -40.8 180 0 0
0.0 -8.2 40.8 0 0 0
0.0 -4.1 -40.8 180 0 0
0.0 -4.1 40.8 0 0 0
0.0 0.0 -40.8 180 0 0
0.0 0.0 40.8 0 0 0
0.0 4.1 -40.8 180 0 0
0.0 4.1 40.8 0 0 0
0.0 8.2 -40.8 180 0 0
0.0 8.2 40.8 0 0 0
0.0 12.299999999999999 -40.8 180 0 0
0.0 12.299999999999999 40.8 0 0 0
0.0 16.4 -40.8 180 0 0
0.0 16.4 40.8 0 0 0
0.0 20.5 -40.8 180 0 0
0.0 20.5 40.8 0 0 0
0.0 24.599999999999998 -40.8 180 0 0
0.0 24.599999999999998 40.8 0 0 0
0.0 28.699999999999996 -40.8 180 0 0
0.0 28.699999999999996 40.8 0 0 0
0.0 40.8 -49.209999999999994 -90 0 0
0.0 40.8 -45.11 -90 0 0
0.0 40.8 -41.00999999999999 -90 0 0
0.0 40.8 -36.91 -90 0 0
0.0 40.8 -32.809999999999995 -90 0 0
0.0 40.8 -28.699999999999996 -90 0 0
0.0 40.8 -24.599999999999998 -90 0 0
0.0 40.8 -20.5 -90 0 0
0.0 40.8 -16.4 -90 0 0
0.0 40.8 -12.299999999999999 -90 0 0
0.0 40.8 -8.2 -90 0 0
0.0 40.8 -4.1 -90 0 0
0.0 40.8 0.0 -90 0 0
0.0 40.8 4.1 -90 0 0
0.0 40.8 8.2 -90 0 0
0.0 40.8 12.299999999999999 -90 0 0
0.0 40.8 16.4 -90 0 0
0.0 40.8 20.5 -90 0 0
0.0 40.8 24.599999999999998 -90 0 0
0.0 40.8 28.699999999999996 -90 0 0
0.0 40.8 32.809999999999995 -90 0 0
0.0 40.8 36.91 -90 0 0
0.0 40.8 41.00999999999999 -90 0 0
0.0 40.8 45.11 -90 0 0
0.0 40.8 49.209999999999994 -90 0 0
4.1 -49.209999999999994 -40.8 180 0 0
4.1 -49.209999999999994 40.8 0 0 0
4.1 -45.11 -40.8 180 0 0
4.1 -45.11 40.8 0 0 0
4.1 -41.00999999999999 -40.8 180 0 0
4.1 -41.00999999999999 40.8 0 0 0
4.1 -40.8 -28.699999999999996 90 0 0
4.1 -40.8 -24.599999999999998 90 0 0
4.1 -40.8 -20.5 90 0 0
4.1 -40.8 -16.4 90 0 0
4.1 -40.8 -12.299999999999999 90 0 0
4.1 -40.8 -8.2 90 0 0
4.1 -40.8 -4.1 90 0 0
4.1 -40.8 0.0 90 0 0
4.1 -40.8 4.1 90 0 0
4.1 -40.8 8.2 90 0 0
4.1 -40.8 12.299999999999999 90 0 0
4.1 -40.8 16.4 90 0 0
4.1 -40.8 20.5 90 0 0
4.1 -40.8 24.599999999999998 90 0 0
4.1 -40.8 28.699999999999996 90 0 0
4.1 -36.91 -40.8 180 0 0
4.1 -36.91 40.8 0 0 0
4.1 -32.809999999999995 -40.8 180 0 0
4.1 -32.809999999999995 40.8 0 0 0
4.1 -28.699999999999996 -40.8 180 0 0
4.1 -28.699999999999996 40.8 0 0 0
4.1 -24.599999999999998 -40.8 180 0 0
4.1 -24.599999999999998 40.8 0 0 0
4.1 -20.5 -40.8 180 0 0
4.1 -20.5 40.8 0 0 0
4.1 -16.4 -40.8 180 0 0
4.1 -16.4 40.8 0 0 0
4.1 -12.299999999999999 -40.8 180 0 0
4.1 -12.299999999999999 40.8 0 0 0
4.1 -8.2 -40.8 180 0 0
4.1 -8.2 40.8 0 0 0
4.1 -4.1 -40.8 180 0 0
4.1 -4.1 40.8 0 0 0
4.1 0.0 -40.8 180 0 0
4.1 0.0 40.8 0 0 0
4.1 4.1 -40.8 180 0 0
4.1 4.1 40.8 0 0 0
4.1 8.2 -40.8 180 0 0
4.1 8.2 40.8 0 0 0
4.1 12.299999999999999 -40.8 180 0 0
4.1 12.299999999999999 40.8 0 0 0
4.1 16.4 -40.8 180 0 0
4.1 16.4 40.8 0 0 0
4.1 20.5 -40.8 180 0 0
4.1 20.5 40.8 0 0 0
4.1 24.599999999999998 -40.8 180 0 0
4.1 24.599999999999998 40.8 0 0 0
4.1 28.699999999999996 -40.8 180 0 0
4.1 28.699999999999996 40.8 0 0 0
4.1 32.809999999999995 -40.8 180 0 0
4.1 32.809999999999995 40.8 0 0 0
4.1 36.91 -40.8 180 0 0
4.1 36.91 40.8 0 0 0
4.1 40.8 -28.699999999999996 -90 0 0
4.1 40.8 -24.599999999999998 -90 0 0
4.1 40.8 -20.5 -90 0 0
4.1 40.8 -16.4 -90 0 0
4.1 40.8 -12.299999999999999 -90 0 0
4.1 40.8 -8.2 -90 0 0
4.1 40.8 -4.1 -90 0 0
4.1 40.8 0.0 -90 0 0
4.1 40.8 4.1 -90 0 0
4.1 40.8 8.2 -90 0 0
4.1 40.8 12.299999999999999 -90 0 0
4.1 40.8 16.4 -90 0 0
4.1 40.8 20.5 -90 0 0
4.1 40.8 24.599999999999998 -90 0 0
4.1 40.8 28.699999999999996 -90 0 0
4.1 41.00999999999999 -40.8 180 0 0
4.1 41.00999999999999 40.8 0 0 0
4.1 45.11 -40.8 180 0 0
4.1 45.11 40.8 0 0 0
4.1 49.209999999999994 -40.8 180 0 0
4.1 49.209999999999994 40.8 0 0 0
8.2 -40.8 -49.209999999999994 90 0 0
8.2 -40.8 -45.11 90 0 0
8.2 -40.8 -41.00999999999999 90 0 0
8.2 -40.8 -36.91 90 0 0
8.2 -40.8 -32.809999999999995 90 0 0
8.2 -40.8 -28.699999999999996 90 0 0
8.2 -40.8 -24.599999999999998 90 0 0
8.2 -40.8 -20.5 90 0 0
8.2 -40.8 -16.4 90 0 0
8.2 -40.8 -12.299999999999999 90 0 0
8.2 -40.8 -8.2 90 0 0
8.2 -40.8 -4.1 90 0 0
8.2 -40.8 0.0 90 0 0
8.2 -40.8 4.1 90 0 0
8.2 -40.8 8.2 90 0 0
8.2 -40.8 12.299999999999999 90 0 0
8.2 -40.8 16.4 90 0 0
8.2 -40.8 20.5 90 0 0
8.2 -40.8 24.599999999999998 90 0 0
8.2 -40.8 28.699999999999996 90 0 0
8.2 -40.8 32.809999999999995 90 0 0
8.2 -40.8 36.91 90 0 0
8.2 -40.8 41.00999999999999 90 0 0
8.2 -40.8 45.11 90 0 0
8.2 -40.8 49.209999999999994 90 0 0
8.2 -28.699999999999996 -40.8 180 0 0
8.2 -28.699999999999996 40.8 0 0 0
8.2 -24.599999999999998 -40.8 180 0 0
8.2 -24.599999999999998 40.8 0 0 0
8.2 -20.5 -40.8 180 0 0
8.2 -20.5 40.8 0 0 0
8.2 -16.4 -40.8 180 0 0
8.2 -16.4 40.8 0 0 0
8.2 -12.299999999999999 -40.8 180 0 0
8.2 -12.299999999999999 40.8 0 0 0
8.2 -8.2 -40.8 180 0 0
8.2 -8.2 40.8 0 0 0
8.2 -4.1 -40.8 180 0 0
8.2 -4.1 40.8 0 0 0
8.2 0.0 -40.8 180 0 0
8.2 0.0 40.8 0 0 0
8.2 4.1 -40.8 180 0 0
8.2 4.1 40.8 0 0 0
8.2 8.2 -40.8 180 0 0
8.2 8.2 40.8 0 0 0
8.2 12.299999999999999 -40.8 180 0 0
8.2 12.299999999999999 40.8 0 0 0
8.2 16.4 -40.8 180 0 0
8.2 16.4 40.8 0 0 0
8.2 20.5 -40.8 180 0 0
8.2 20.5 40.8 0 0 0
8.2 24.599999999999998 -40.8 180 0 0
8.2 24.599999999999998 40.8 0 0 0
8.2 28.699999999999996 -40.8 180 0 0
8.2 28.699999999999996 40.8 0 0 0
8.2 40.8 -49.209999999999994 -90 0 0
8.2 40.8 -45.11 -90 0 0
8.2 40.8 -41.00999999999999 -90 0 0
8.2 40.8 -36.91 -90 0 0
8.2 40.8 -32.809999999999995 -90 0 0
8.2 40.8 -28.699999999999996 -90 0 0
8.2 40.8 -24.599999999999998 -90 0 0
8.2 40.8 -20.5 -90 0 0
8.2 40.8 -16.4 -90 0 0
8.2 40.8 -12.299999999999999 -90 0 0
8.2 40.8 -8.2 -90 0 0
8.2 40.8 -4.1 -90 0 0
8.2 40.8 0.0 -90 0 0
8.2 40.8 4.1 -90 0 0
8.2 40.8 8.2 -90 0 0
8.2 40.8 12.299999999999999 -90 0 0
8.2 40.8 16.4 -90 0 0
8.2 40.8 20.5 -90 0 0
8.2 40.8 24.599999999999998 -90 0 0
8.2 40.8 28.699999999999996 -90 0 0
8.2 40.8 32.809999999999995 -90 0 0
8.2 40.8 36.91 -90 0 0
8.2 40.8 41.00999999999999 -90 0 0
8.2 40.8 45.11 -90 0 0
8.2 40.8 49.209999999999994 -90 0 0
12.299999999999999 -49.209999999999994 -40.8 180 0 0
12.299999999999999 -49.209999999999994 40.8 0 0 0
12.299999999999999 -45.11 -40.8 180 0 0
12.299999999999999 -45.11 40.8 0 0 0
12.299999999999999 -41.00999999999999 -40.8 180 0 0
12.299999999999999 -41.00999999999999 40.8 0 0 0
12.299999999999999 -40.8 -28.699999999999996 90 0 0
12.299999999999999 -40.8 -24.599999999999998 90 0 0
12.299999999999999 -40.8 -20.5 90 0 0
12.299999999999999 -40.8 -16.4 90 0 0
12.299999999999999 -40.8 -12.299999999999999 90 0 0
12.299999999999999 -40.8 -8.2 90 0 0
12.299999999999999 -40.8 -4.1 90 0 0
12.299999999999999 -40.8 0.0 90 0 0
12.299999999999999 -40.8 4.1 90 0 0
12.299999999999999 -40.8 8.2 90 0 0
12.299999999999999 -40.8 12.299999999999999 90 0 0
12.299999999999999 -40.8 16.4 90 0 0
12.299999999999999 -40.8 20.5 90 0 0
12.299999999999999 -40.8 24.599999999999998 90 0 0
12.299999999999999 -40.8 28.699999999999996 90 0 0
12.299999999999999 -36.91 -40.8 180 0 0
12.299999999999999 -36.91 40.8 0 0 0
12.299999999999999 -32.809999999999995 -40.8 180 0 0
12.299999999999999 -32.809999999999995 40.8 0 0 0
12.299999999999999 -28.699999999999996 -40.8 180 0 0
12.299999999999999 -28.699999999999996 40.8 0 0 0
12.299999999999999 -24.599999999999998 -40.8 180 0 0
12.299999999999999 -24.599999999999998 40.8 0 0 0
12.299999999999999 -20.5 -40.8 180 0 0
12.299999999999999 -20.5 40.8 0 0 0
12.299999999999999 -16.4 -40.8 180 0 0
12.299999999999999 -16.4 40.8 0 0 0
12.299999999999999 -12.299999999999999 -40.8 180 0 0
12.299999999999999 -12.299999999999999 40.8 0 0 0
12.299999999999999 -8.2 -40.8 180 0 0
12.299999999999999 -8.2 40.8 0 0 0
12.299999999999999 -4.1 -40.8 180 0 0
12.299999999999999 -4.1 40.8 0 0 0
12.299999999999999 0.0 -40.8 180 0 0
12.299999999999999 0.0 40.8 0 0 0
12.299999999999999 4.1 -40.8 180 0 0
12.299999999999999 4.1 40.8 0 0 0
12.299999999999999 8.2 -40.8 180 0 0
12.299999999999999 8.2 40.8 0 0 0
12.299999999999999 12.299999999999999 -40.8 180 0 0
12.299999999999999 12.299999999999999 40.8 0 0 0
12.299999999999999 16.4 -40.8 180 0 0
12.299999999999999 16.4 40.8 0 0 0
12.299999999999999 20.5 -40.8 180 0 0
12.299999999999999 20.5 40.8 0 0 0
12.299999999999999 24.599999999999998 -40.8 180 0 0
12.299999999999999 24.599999999999998 40.8 0 0 0
12.299999999999999 28.699999999999996 -40.8 180 0 0
12.299999999999999 28.699999999999996 40.8 0 0 0
12.299999999999999 32.809999999999995 -40.8 180 0 0
12.299999999999999 32.809999999999995 40.8 0 0 0
12.299999999999999 36.91 -40.8 180 0 0
12.299999999999999 36.91 40.8 0 0 0
12.299999999999999 40.8 -28.699999999999996 -90 0 0
12.299999999999999 40.8 -24.599999999999998 -90 0 0
12.299999999999999 40.8 -20.5 -90 0 0
12.299999999999999 40.8 -16.4 -90 0 0
12.299999999999999 40.8 -12.299999999999999 -90 0 0
12.299999999999999 40.8 -8.2 -90 0 0
12.299999999999999 40.8 -4.1 -90 0 0
12.299999999999999 40.8 0.0 -90 0 0
12.299999999999999 40.8 4.1 -90 0 0
12.299999999999999 40.8 8.2 -90 0 0
12.299999999999999 40.8 12.299999999999999 -90 0 0
12.299999999999999 40.8 16.4 -90 0 0
12.299999999999999 40.8 20.5 -90 0 0
12.299999999999999 40.8 24.599999999999998 -90 0 0
12.299999999999999 40.8 28.699999999999996 -90 0 0
12.299999999999999 41.00999999999999 -40.8 180 0 0
12.299999999999999 41.00999999999999 40.8 0 0 0
12.299999999999999 45.11 -40.8 180 0 0
12.299999999999999 45.11 40.8 0 0 0
12.299999999999999 49.209999999999994 -40.8 180 0 0
12.299999999999999 49.209999999999994 40.8 0 0 0
16.4 -40.8 -49.209999999999994 90 0 0
16.4 -40.8 -45.11 90 0 0
16.4 -40.8 -41.00999999999999 90 0 0
16.4 -40.8 -36.91 90 0 0
16.4 -40.8 -32.809999999999995 90 0 0
16.4 -40.8 -28.699999999999996 90 0 0
16.4 -40.8 -24.599999999999998 90 0 0
16.4 -40.8 -20.5 90 0 0
16.4 -40.8 -16.4 90 0 0
16.4 -40.8 -12.299999999999999 90 0 0
16.4 -40.8 -8.2 90 0 0
16.4 -40.8 -4.1 90 0 0
16.4 -40.8 0.0 90 0 0
16.4 -40.8 4.1 90 0 0
16.4 -40.8 8.2 90 0 0
16.4 -40.8 12.299999999999999 90 0 0
16.4 -40.8 16.4 90 0 0
16.4 -40.8 20.5 90 0 0
16.4 -40.8 24.599999999999998 90 0 0
16.4 -40.8 28.699999999999996 90 0 0
16.4 -40.8 32.809999999999995 90 0 0
16.4 -40.8 36.91 90 0 0
16.4 -40.8 41.00999999999999 90 0 0
16.4 -40.8 45.11 90 0 0
16.4 -40.8 49.209999999999994 90 0 0
16.4 -28.699999999999996 -40.8 180 0 0
16.4 -28.699999999999996 40.8 0 0 0
16.4 -24.599999999999998 -40.8 180 0 0
16.4 -24.599999999999998 40.8 0 0 0
16.4 -20.5 -40.8 180 0 0
16.4 -20.5 40.8 0 0 0
16.4 -16.4 -40.8 180 0 0
16.4 -16.4 40.8 0 0 0
16.4 -12.299999999999999 -40.8 180 0 0
16.4 -12.299999999999999 40.8 0 0 0
16.4 -8.2 -40.8 180 0 0
16.4 -8.2 40.8 0 0 0
16.4 -4.1 -40.8 180 0 0
16.4 -4.1 40.8 0 0 0
16.4 0.0 -40.8 180 0 0
16.4 0.0 40.8 0 0 0
16.4 4.1 -40.8 180 0 0
16.4 4.1 40.8 0 0 0
16.4 8.2 -40.8 180 0 0
16.4 8.2 40.8 0 0 0
16.4 12.299999999999999 -40.8 180 0 0
16.4 12.299999999999999 40.8 0 0 0
16.4 16.4 -40.8 180 0 0
16.4 16.4 40.8 0 0 0
16.4 20.5 -40.8 180 0 0
16.4 20.5 40.8 0 0 0
16.4 24.599999999999998 -40.8 180 0 0
16.4 24.599999999999998 40.8 0 0 0
16.4 28.699999999999996 -40.8 180 0 0
16.4 28.699999999999996 40.8 0 0 0
16.4 40.8 -49.209999999999994 -90 0 0
16.4 40.8 -45.11 -90 0 0
16.4 40.8 -41.00999999999999 -90 0 0
16.4 40.8 -36.91 -90 0 0
16.4 40.8 -32.809999999999995 -90 0 0
16.4 40.8 -28.699999999999996 -90 0 0
16.4 40.8 -24.599999999999998 -90 0 0
16.4 40.8 -20.5 -90 0 0
16.4 40.8 -16.4 -90 0 0
16.4 40.8 -12.299999999999999 -90 0 0
16.4 40.8 -8.2 -90 0 0
16.4 40.8 -4.1 -90 0 0
16.4 40.8 0.0 -90 0 0
16.4 40.8 4.1 -90 0 0
16.4 40.8 8.2 -90 0 0
16.4 40.8 12.299999999999999 -90 0 0
16.4 40.8 16.4 -90 0 0
16.4 40.8 20.5 -90 0 0
16.4 40.8 24.599999999999998 -90 0 0
16.4 40.8 28.699999999999996 -90 0 0
16.4 40.8 32.809999999999995 -90 0 0
16.4 40.8 36.91 -90 0 0
16.4 40.8 41.00999999999999 -90 0 0
16.4 40.8 45.11 -90 0 0
16.4 40.8 49.209999999999994 -90 0 0
20.5 -49.209999999999994 -40.8 180 0 0
20.5 -49.209999999999994 40.8 0 0 0
20.5 -45.11 -40.8 180 0 0
20.5 -45.11 40.8 0 0 0
20.5 -41.00999999999999 -40.8 180 0 0
20.5 -41.00999999999999 40.8 0 0 0
20.5 -40.8 -28.699999999999996 90 0 0
20.5 -40.8 -24.599999999999998 90 0 0
20.5 -40.8 -20.5 90 0 0
20.5 -40.8 -16.4 90 0 0
20.5 -40.8 -12.299999999999999 90 0 0
20.5 -40.8 -8.2 90 0 0
20.5 -40.8 -4.1 90 0 0
20.5 -40.8 0.0 90 0 0
20.5 -40.8 4.1 90 0 0
20.5 -40.8 8.2 90 0 0
20.5 -40.8 12.299999999999999 90 0 0
20.5 -40.8 16.4 90 0 0
20.5 -40.8 20.5 90 0 0
20.5 -40.8 24.599999999999998 90 0 0
20.5 -40.8 28.699999999999996 90 0 0
20.5 -36.91 -40.8 180 0 0
20.5 -36.91 40.8 0 0 0
20.5 -32.809999999999995 -40.8 180 0 0
20.5 -32.809999999999995 40.8 0 0 0
20.5 -28.699999999999996 -40.8 180 0 0
20.5 -28.699999999999996 40.8 0 0 0
20.5 -24.599999999999998 -40.8 180 0 0
20.5 -24.599999999999998 40.8 0 0 0
20.5 -20.5 -40.8 180 0 0
20.5 -20.5 40.8 0 0 0
20.5 -16.4 -40.8 180 0 0
20.5 -16.4 40.8 0 0 0
20.5 -12.299999999999999 -40.8 180 0 0
20.5 -12.299999999999999 40.8 0 0 0
20.5 -8.2 -40.8 180 0 0
20.5 -8.2 40.8 0 0 0
20.5 -4.1 -40.8 180 0 0
20.5 -4.1 40.8 0 0 0
20.5 0.0 -40.8 180 0 0
20.5 0.0 40.8 0 0 0
20.5 4.1 -40.8 180 0 0
20.5 4.1 40.8 0 0 0
20.5 8.2 -40.8 180 0 0
20.5 8.2 40.8 0 0 0
20.5 12.299999999999999 -40.8 180 0 0
20.5 12.299999999999999 40.8 0 0 0
20.5 16.4 -40.8 180 0 0
20.5 16.4 40.8 0 0 0
20.5 20.5 -40.8 180 0 0
20.5 20.5 40.8 0 0 0
20.5 24.599999999999998 -40.8 180 0 0
20.5 24.599999999999998 40.8 0 0 0
20.5 28.699999999999996 -40.8 180 0 0
20.5 28.699999999999996 40.8 0 0 0
20.5 32.809999999999995 -40.8 180 0 0
20.5 32.809999999999995 40.8 0 0 0
20.5 36.91 -40.8 180 0 0
20.5 36.91 40.8 0 0 0
20.5 40.8 -28.699999999999996 -90 0 0
20.5 40.8 -24.599999999999998 -90 0 0
20.5 40.8 -20.5 -90 0 0
20.5 40.8 -16.4 -90 0 0
20.5 40.8 -12.299999999999999 -90 0 0
20.5 40.8 -8.2 -90 0 0
20.5 40.8 -4.1 -90 0 0
20.5 40.8 0.0 -90 0 0
20.5 40.8 4.1 -90 0 0
20.5 40.8 8.2 -90 0 0
20.5 40.8 12.299999999999999 -90 0 0
20.5 40.8 16.4 -90 0 0
20.5 40.8 20.5 -90 0 0
20.5 40.8 24.599999999999998 -90 0 0
20.5 40.8 28.699999999999996 -90 0 0
20.5 41.00999999999999 -40.8 180 0 0
20.5 41.00999999999999 40.8 0 0 0
20.5 45.11 -40.8 180 0 0
20.5 45.11 40.8 0 0 0
20.5 49.209999999999994 -40.8 180 0 0
20.5 49.209999999999994 40.8 0 0 0
24.599999999999998 -40.8 -49.209999999999994 90 0 0
24.599999999999998 -40.8 -45.11 90 0 0
24.599999999999998 -40.8 -41.00999999999999 90 0 0
24.599999999999998 -40.8 -36.91 90 0 0
24.599999999999998 -40.8 -32.809999999999995 90 0 0
24.599999999999998 -40.8 -28.699999999999996 90 0 0
24.599999999999998 -40.8 -24.599999999999998 90 0 0
24.599999999999998 -40.8 -20.5 90 0 0
24.599999999999998 -40.8 -16.4 90 0 0
24.599999999999998 -40.8 -12.299999999999999 90 0 0
24.599999999999998 -40.8 -8.2 90 0 0
24.599999999999998 -40.8 -4.1 90 0 0
24.599999999999998 -40.8 0.0 90 0 0
24.599999999999998 -40.8 4.1 90 0 0
24.599999999999998 -40.8 8.2 90 0 0
24.599999999999998 -40.8 12.299999999999999 90 0 0
24.599999999999998 -40.8 16.4 90 0 0
24.599999999999998 -40.8 20.5 90 0 0
24.599999999999998 -40.8 24.599999999999998 90 0 0
24.599999999999998 -40.8 28.699999999999996 90 0 0
24.599999999999998 -40.8 32.809999999999995 90 0 0
24.599999999999998 -40.8 36.91 90 0 0
24.599999999999998 -40.8 41.00999999999999 90 0 0
24.599999999999998 -40.8 45.11 90 0 0
24.599999999999998 -40.8 49.209999999999994 90 0 0
24.599999999999998 -28.699999999999996 -40.8 180 0 0
24.599999999999998 -28.699999999999996 40.8 0 0 0
24.599999999999998 -24.599999999999998 -40.8 180 0 0
24.599999999999998 -24.599999999999998 40.8 0 0 0
24.599999999999998 -20.5 -40.8 180 0 0
24.599999999999998 -20.5 40.8 0 0 0
24.599999999999998 -16.4 -40.8 180 0 0
24.599999999999998 -16.4 40.8 0 0 0
24.599999999999998 -12.299999999999999 -40.8 180 0 0
24.599999999999998 -12.299999999999999 40.8 0 0 0
24.599999999999998 -8.2 -40.8 180 0 0
24.599999999999998 -8.2 40.8 0 0 0
24.599999999999998 -4.1 -40.8 180 0 0
24.599999999999998 -4.1 40.8 0 0 0
24.599999999999998 0.0 -40.8 180 0 0
24.599999999999998 0.0 40.8 0 0 0
24.599999999999998 4.1 -40.8 180 0 0
24.599999999999998 4.1 40.8 0 0 0
24.599999999999998 8.2 -40.8 180 0 0
24.599999999999998 8.2 40.8 0 0 0
24.599999999999998 12.299999999999999 -40.8 180 0 0
24.599999999999998 12.299999999999999 40.8 0 0 0
24.599999999999998 16.4 -40.8 180 0 0
24.599999999999998 16.4 40.8 0 0 0
24.599999999999998 20.5 -40.8 180 0 0
24.599999999999998 20.5 40.8 0 0 0
24.599999999999998 24.599999999999998 -40.8 180 0 0
24.599999999999998 24.599999999999998 40.8 0 0 0
24.599999999999998 28.699999999999996 -40.8 180 0 0
24.599999999999998 28.699999999999996 40.8 0 0 0
24.599999999999998 40.8 -49.209999999999994 -90 0 0
24.599999999999998 40.8 -45.11 -90 0 0
24.599999999999998 40.8 -41.00999999999999 -90 0 0
24.599999999999998 40.8 -36.91 -90 0 0
24.599999999999998 40.8 -32.809999999999995 -90 0 0
24.599999999999998 40.8 -28.699999999999996 -90 0 0
24.599999999999998 40.8 -24.599999999999998 -90 0 0
24.599999999999998 40.8 -20.5 -90 0 0
24.599999999999998 40.8 -16.4 -90 0 0
24.599999999999998 40.8 -12.299999999999999 -90 0 0
24.599999999999998 40.8 -8.2 -90 0 0
24.599999999999998 40.8 -4.1 -90 0 0
24.599999999999998 40.8 0.0 -90 0 0
24.599999999999998 40.8 4.1 -90 0 0
24.599999999999998 40.8 8.2 -90 0 0
24.599999999999998 40.8 12.299999999999999 -90 0 0
24.599999999999998 40.8 16.4 -90 0 0
24.599999999999998 40.8 20.5 -90 0 0
24.599999999999998 40.8 24.599999999999998 -90 0 0
24.599999999999998 40.8 28.699999999999996 -90 0 0
24.599999999999998 40.8 32.809999999999995 -90 0 0
24.599999999999998 40.8 36.91 -90 0 0
24.599999999999998 40.8 41.00999999999999 -90 0 0
24.599999999999998 40.8 45.11 -90 0 0
24.599999999999998 40.8 49.209999999999994 -90 0 0
28.699999999999996 -49.209999999999994 -40.8 180 0 0
28.699999999999996 -49.209999999999994 40.8 0 0 0
28.699999999999996 -45.11 -40.8 180 0 0
28.699999999999996 -45.11 40.8 0 0 0
28.699999999999996 -41.00999999999999 -40.8 180 0 0
28.699999999999996 -41.00999999999999 40.8 0 0 0
28.699999999999996 -40.8 -28.699999999999996 90 0 0
28.699999999999996 -40.8 -24.599999999999998 90 0 0
28.699999999999996 -40.8 -20.5 90 0 0
28.699999999999996 -40.8 -16.4 90 0 0
28.699999999999996 -40.8 -12.299999999999999 90 0 0
28.699999999999996 -40.8 -8.2 90 0 0
28.699999999999996 -40.8 -4.1 90 0 0
28.699999999999996 -40.8 0.0 90 0 0
28.699999999999996 -40.8 4.1 90 0 0
28.699999999999996 -40.8 8.2 90 0 0
28.699999999999996 -40.8 12.299999999999999 90 0 0
28.699999999999996 -40.8 16.4 90 0 0
28.699999999999996 -40.8 20.5 90 0 0
28.699999999999996 -40.8 24.599999999999998 90 0 0
28.699999999999996 -40.8 28.699999999999996 90 0 0
28.699999999999996 -36.91 -40.8 180 0 0
28.699999999999996 -36.91 40.8 0 0 0
28.699999999999996 -32.809999999999995 -40.8 180 0 0
28.699999999999996 -32.809999999999995 40.8 0 0 0
28.699999999999996 -28.699999999999996 -40.8 180 0 0
28.699999999999996 -28.699999999999996 40.8 0 0 0
28.699999999999996 -24.599999999999998 -40.8 180 0 0
28.699999999999996 -24.599999999999998 40.8 0 0 0
28.699999999999996 -20.5 -40.8 180 0 0
28.699999999999996 -20.5 40.8 0 0 0
28.699999999999996 -16.4 -40.8 180 0 0
28.699999999999996 -16.4 40.8 0 0 0
28.699999999999996 -12.299999999999999 -40.8 180 0 0
28.699999999999996 -12.299999999999999 40.8 0 0 0
28.699999999999996 -8.2 -40.8 180 0 0
28.699999999999996 -8.2 40.8 0 0 0
28.699999999999996 -4.1 -40.8 180 0 0
28.699999999999996 -4.1 40.8 0 0 0
28.699999999999996 0.0 -40.8 180 0 0
28.699999999999996 0.0 40.8 0 0 0
28.699999999999996 4.1 -40.8 180 0 0
28.699999999999996 4.1 40.8 0 0 0
28.699999999999996 8.2 -40.8 180 0 0
28.699999999999996 8.2 40.8 0 0 0
28.699999999999996 12.299999999999999 -40.8 180 0 0
28.699999999999996 12.299999999999999 40.8 0 0 0
28.699999999999996 16.4 -40.8 180 0 0
28.699999999999996 16.4 40.8 0 0 0
28.699999999999996 20.5 -40.8 180 0 0
28.699999999999996 20.5 40.8 0 0 0
28.699999999999996 24.599999999999998 -40.8 180 0 0
28.699999999999996 24.599999999999998 40.8 0 0 0
28.699999999999996 28.699999999999996 -40.8 180 0 0
28.699999999999996 28.699999999999996 40.8 0 0 0
28.699999999999996 32.809999999999995 -40.8 180 0 0
28.699999999999996 32.809999999999995 40.8 0 0 0
28.699999999999996 36.91 -40.8 180 0 0
28.699999999999996 36.91 40.8 0 0 0
28.699999999999996 40.8 -28.699999999999996 -90 0 0
28.699999999999996 40.8 -24.599999999999998 -90 0 0
28.699999999999996 40.8 -20.5 -90 0 0
28.699999999999996 40.8 -16.4 -90 0 0
28.699999999999996 40.8 -12.299999999999999 -90 0 0
28.699999999999996 40.8 -8.2 -90 0 0
28.699999999999996 40.8 -4.1 -90 0 0
28.699999999999996 40.8 0.0 -90 0 0
28.699999999999996 40.8 4.1 -90 0 0
28.699999999999996 40.8 8.2 -90 0 0
28.699999999999996 40.8 12.299999999999999 -90 0 0
28.699999999999996 40.8 16.4 -90 0 0
28.699999999999996 40.8 20.5 -90 0 0
28.699999999999996 40.8 24.599999999999998 -90 0 0
28.699999999999996 40.8 28.699999999999996 -90 0 0
28.699999999999996 41.00999999999999 -40.8 180 0 0
28.699999999999996 41.00999999999999 40.8 0 0 0
28.699999999999996 45.11 -40.8 180 0 0
28.699999999999996 45.11 40.8 0 0 0
28.699999999999996 49.209999999999994 -40.8 180 0 0
28.699999999999996 49.209999999999994 40.8 0 0 0
32.809999999999995 -40.8 -49.209999999999994 90 0 0
32.809999999999995 -40.8 -45.11 90 0 0
32.809999999999995 -40.8 -41.00999999999999 90 0 0
32.809999999999995 -40.8 -36.91 90 0 0
32.809999999999995 -40.8 -32.809999999999995 90 0 0
32.809999999999995 -40.8 -28.699999999999996 90 0 0
32.809999999999995 -40.8 -20.5 90 0 0
32.809999999999995 -40.8 -12.299999999999999 90 0 0
32.809999999999995 -40.8 -4.1 90 0 0
32.809999999999995 -40.8 4.1 90 0 0
32.809999999999995 -40.8 12.299999999999999 90 0 0
32.809999999999995 -40.8 20.5 90 0 0
32.809999999999995 -40.8 28.699999999999996 90 0 0
32.809999999999995 -40.8 32.809999999999995 90 0 0
32.809999999999995 -40.8 36.91 90 0 0
32.809999999999995 -40.8 41.00999999999999 90 0 0
32.809999999999995 -40.8 45.11 90 0 0
32.809999999999995 -40.8 49.209999999999994 90 0 0
32.809999999999995 -28.699999999999996 -40.8 180 0 0
32.809999999999995 -28.699999999999996 40.8 0 0 0
32.809999999999995 -20.5 -40.8 180 0 0
32.809999999999995 -20.5 40.8 0 0 0
32.809999999999995 -12.299999999999999 -40.8 180 0 0
32.809999999999995 -12.299999999999999 40.8 0 0 0
32.809999999999995 -4.1 -40.8 180 0 0
32.809999999999995 -4.1 40.8 0 0 0
32.809999999999995 4.1 -40.8 180 0 0
32.809999999999995 4.1 40.8 0 0 0
32.809999999999995 12.299999999999999 -40.8 180 0 0
32.809999999999995 12.299999999999999 40.8 0 0 0
32.809999999999995 20.5 -40.8 180 0 0
32.809999999999995 20.5 40.8 0 0 0
32.809999999999995 28.699999999999996 -40.8 180 0 0
32.809999999999995 28.699999999999996 40.8 0 0 0
32.809999999999995 40.8 -49.209999999999994 -90 0 0
32.809999999999995 40.8 -45.11 -90 0 0
32.809999999999995 40.8 -41.00999999999999 -90 0 0
32.809999999999995 40.8 -36.91 -90 0 0
32.809999999999995 40.8 -32.809999999999995 -90 0 0
32.809999999999995 40.8 -28.699999999999996 -90 0 0
32.809999999999995 40.8 -20.5 -90 0 0
32.809999999999995 40.8 -12.299999999999999 -90 0 0
32.809999999999995 40.8 -4.1 -90 0 0
32.809999999999995 40.8 4.1 -90 0 0
32.809999999999995 40.8 12.299999999999999 -90 0 0
32.809999999999995 40.8 20.5 -90 0 0
32.809999999999995 40.8 28.699999999999996 -90 0 0
32.809999999999995 40.8 32.809999999999995 -90 0 0
32.809999999999995 40.8 36.91 -90 0 0
32.809999999999995 40.8 41.00999999999999 -90 0 0
32.809999999999995 40.8 45.11 -90 0 0
32.809999999999995 40.8 49.209999999999994 -90 0 0
36.91 -49.209999999999994 -40.8 180 0 0
36.91 -49.209999999999994 40.8 0 0 0
36.91 -45.11 -40.8 180 0 0
36.91 -45.11 40.8 0 0 0
36.91 -41.00999999999999 -40.8 180 0 0
36.91 -41.00999999999999 40.8 0 0 0
36.91 -40.8 -28.699999999999996 90 0 0
36.91 -40.8 -20.5 90 0 0
36.91 -40.8 -12.299999999999999 90 0 0
36.91 -40.8 -4.1 90 0 0
36.91 -40.8 4.1 90 0 0
36.91 -40.8 12.299999999999999 90 0 0
36.91 -40.8 20.5 90 0 0
36.91 -40.8 28.699999999999996 90 0 0
36.91 -36.91 -40.8 180 0 0
36.91 -36.91 40.8 0 0 0
36.91 -32.809999999999995 -40.8 180 0 0
36.91 -32.809999999999995 40.8 0 0 0
36.91 -28.699999999999996 -40.8 180 0 0
36.91 -28.699999999999996 40.8 0 0 0
36.91 -20.5 -40.8 180 0 0
36.91 -20.5 40.8 0 0 0
36.91 -12.299999999999999 -40.8 180 0 0
36.91 -12.299999999999999 40.8 0 0 0
36.91 -4.1 -40.8 180 0 0
36.91 -4.1 40.8 0 0 0
36.91 4.1 -40.8 180 0 0
36.91 4.1 40.8 0 0 0
36.91 12.299999999999999 -40.8 180 0 0
36.91 12.299999999999999 40.8 0 0 0
36.91 20.5 -40.8 180 0 0
36.91 20.5 40.8 0 0 0
36.91 28.699999999999996 -40.8 180 0 0
36.91 28.699999999999996 40.8 0 0 0
36.91 32.809999999999995 -40.8 180 0 0
36.91 32.809999999999995 40.8 0 0 0
36.91 36.91 -40.8 180 0 0
36.91 36.91 40.8 0 0 0
36.91 40.8 -28.699999999999996 -90 0 0
36.91 40.8 -20.5 -90 0 0
36.91 40.8 -12.299999999999999 -90 0 0
36.91 40.8 -4.1 -90 0 0
36.91 40.8 4.1 -90 0 0
36.91 40.8 12.299999999999999 -90 0 0
36.91 40.8 20.5 -90 0 0
36.91 40.8 28.699999999999996 -90 0 0
36.91 41.00999999999999 -40.8 180 0 0
36.91 41.00999999999999 40.8 0 0 0
36.91 45.11 -40.8 180 0 0
36.91 45.11 40.8 0 0 0
36.91 49.209999999999994 -40.8 180 0 0
36.91 49.209999999999994 40.8 0 0 0
40.8 -49.209999999999994 -24.599999999999998 0 90 0
40.8 -49.209999999999994 -16.4 0 90 0
40.8 -49.209999999999994 -8.2 0 90 0
40.8 -49.209999999999994 0.0 0 90 0
40.8 -49.209999999999994 8.2 0 90 0
40.8 -49.209999999999994 16.4 0 90 0
40.8 -49.209999999999994 24.599999999999998 0 90 0
40.8 -45.11 -24.599999999999998 0 90 0
40.8 -45.11 -16.4 0 90 0
40.8 -45.11 -8.2 0 90 0
40.8 -45.11 0.0 0 90 0
40.8 -45.11 8.2 0 90 0
40.8 -45.11 16.4 0 90 0
40.8 -45.11 24.599999999999998 0 90 0
40.8 -41.00999999999999 -24.599999999999998 0 90 0
40.8 -41.00999999999999 -16.4 0 90 0
40.8 -41.00999999999999 -8.2 0 90 0
40.8 -41.00999999999999 0.0 0 90 0
40.8 -41.00999999999999 8.2 0 90 0
40.8 -41.00999999999999 16.4 0 90 0
40.8 -41.00999999999999 24.599999999999998 0 90 0
40.8 -36.91 -24.599999999999998 0 90 0
40.8 -36.91 -16.4 0 90 0
40.8 -36.91 -8.2 0 90 0
40.8 -36.91 0.0 0 90 0
40.8 -36.91 8.2 0 90 0
40.8 -36.91 16.4 0 90 0
40.8 -36.91 24.599999999999998 0 90 0
40.8 -32.809999999999995 -24.599999999999998 0 90 0
40.8 -32.809999999999995 -16.4 0 90 0
40.8 -32.809999999999995 -8.2 0 90 0
40.8 -32.809999999999995 0.0 0 90 0
40.8 -32.809999999999995 8.2 0 90 0
40.8 -32.809999999999995 16.4 0 90 0
40.8 -32.809999999999995 24.599999999999998 0 90 0
40.8 -28.699999999999996 -28.699999999999996 0 90 0
40.8 -28.699999999999996 -24.599999999999998 0 90 0
40.8 -28.699999999999996 -20.5 0 90 0
40.8 -28.699999999999996 -16.4 0 90 0
40.8 -28.699999999999996 -12.299999999999999 0 90 0
40.8 -28.699999999999996 -8.2 0 90 0
40.8 -28.699999999999996 -4.1 0 90 0
40.8 -28.699999999999996 0.0 0 90 0
40.8 -28.699999999999996 4.1 0 90 0
40.8 -28.699999999999996 8.2 0 90 0
40.8 -28.699999999999996 12.299999999999999 0 90 0
40.8 -28.699999999999996 16.4 0 90 0
40.8 -28.699999999999996 20.5 0 90 0
40.8 -28.699999999999996 24.599999999999998 0 90 0
40.8 -28.699999999999996 28.699999999999996 0 90 0
40.8 -24.599999999999998 -49.209999999999994 0 90 0
40.8 -24.599999999999998 -45.11 0 90 0
40.8 -24.599999999999998 -41.00999999999999 0 90 0
40.8 -24.599999999999998 -36.91 0 90 0
40.8 -24.599999999999998 -32.809999999999995 0 90 0
40.8 -24.599999999999998 -28.699999999999996 0 90 0
40.8 -24.599999999999998 -24.599999999999998 0 90 0
40.8 -24.599999999999998 -20.5 0 90 0
40.8 -24.599999999999998 -16.4 0 90 0
40.8 -24.599999999999998 -12.299999999999999 0 90 0
40.8 -24.599999999999998 -8.2 0 90 0
40.8 -24.599999999999998 -4.1 0 90 0
40.8 -24.599999999999998 0.0 0 90 0
40.8 -24.599999999999998 4.1 0 90 0
40.8 -24.599999999999998 8.2 0 90 0
40.8 -24.599999999999998 12.299999999999999 0 90 0
40.8 -24.599999999999998 16.4 0 90 0
40.8 -24.599999999999998 20.5 0 90 0
40.8 -24.599999999999998 24.599999999999998 0 90 0
40.8 -24.599999999999998 28.699999999999996 0 90 0
40.8 -24.599999999999998 32.809999999999995 0 90 0
40.8 -24.599999999999998 36.91 0 90 0
40.8 -24.599999999999998 41.00999999999999 0 90 0
40.8 -24.599999999999998 45.11 0 90 0
40.8 -24.599999999999998 49.209999999999994 0 90 0
40.8 -20.5 -28.699999999999996 0 90 0
40.8 -20.5 -24.599999999999998 0 90 0
40.8 -20.5 -20.5 0 90 0
40.8 -20.5 -16.4 0 90 0
40.8 -20.5 -12.299999999999999 0 90 0
40.8 -20.5 -8.2 0 90 0
40.8 -20.5 -4.1 0 90 0
40.8 -20.5 0.0 0 90 0
40.8 -20.5 4.1 0 90 0
40.8 -20.5 8.2 0 90 0
40.8 -20.5 12.299999999999999 0 90 0
40.8 -20.5 16.4 0 90 0
40.8 -20.5 20.5 0 90 0
40.8 -20.5 24.599999999999998 0 90 0
40.8 -20.5 28.699999999999996 0 90 0
40.8 -16.4 -49.209999999999994 0 90 0
40.8 -16.4 -45.11 0 90 0
40.8 -16.4 -41.00999999999999 0 90 0
40.8 -16.4 -36.91 0 90 0
40.8 -16.4 -32.809999999999995 0 90 0
40.8 -16.4 -28.699999999999996 0 90 0
40.8 -16.4 -24.599999999999998 0 90 0
40.8 -16.4 -20.5 0 90 0
40.8 -16.4 -16.4 0 90 0
40.8 -16.4 -12.299999999999999 0 90 0
40.8 -16.4 -8.2 0 90 0
40.8 -16.4 -4.1 0 90 0
40.8 -16.4 0.0 0 90 0
40.8 -16.4 4.1 0 90 0
40.8 -16.4 8.2 0 90 0
40.8 -16.4 12.299999999999999 0 90 0
40.8 -16.4 16.4 0 90 0
40.8 -16.4 20.5 0 90 0
40.8 -16.4 24.599999999999998 0 90 0
40.8 -16.4 28.699999999999996 0 90 0
40.8 -16.4 32.809999999999995 0 90 0
40.8 -16.4 36.91 0 90 0
40.8 -16.4 41.00999999999999 0 90 0
40.8 -16.4 45.11 0 90 0
40.8 -16.4 49.209999999999994 0 90 0
40.8 -12.299999999999999 -28.699999999999996 0 90 0
40.8 -12.299999999999999 -24.599999999999998 0 90 0
40.8 -12.299999999999999 -20.5 0 90 0
40.8 -12.299999999999999 -16.4 0 90 0
40.8 -12.299999999999999 -12.299999999999999 0 90 0
40.8 -12.299999999999999 -8.2 0 90 0
40.8 -12.299999999999999 -4.1 0 90 0
40.8 -12.299999999999999 0.0 0 90 0
40.8 -12.299999999999999 4.1 0 90 0
40.8 -12.299999999999999 8.2 0 90 0
40.8 -12.299999999999999 12.299999999999999 0 90 0
40.8 -12.299999999999999 16.4 0 90 0
40.8 -12.299999999999999 20.5 0 90 0
40.8 -12.299999999999999 24.599999999999998 0 90 0
40.8 -12.299999999999999 28.699999999999996 0 90 0
40.8 -8.2 -49.209999999999994 0 90 0
40.8 -8.2 -45.11 0 90 0
40.8 -8.2 -41.00999999999999 0 90 0
40.8 -8.2 -36.91 0 90 0
40.8 -8.2 -32.809999999999995 0 90 0
40.8 -8.2 -28.699999999999996 0 90 0
40.8 -8.2 -24.599999999999998 0 90 0
40.8 -8.2 -20.5 0 90 0
40.8 -8.2 -16.4 0 90 0
40.8 -8.2 -12.299999999999999 0 90 0
40.8 -8.2 -8.2 0 90 0
40.8 -8.2 -4.1 0 90 0
40.8 -8.2 0.0 0 90 0
40.8 -8.2 4.1 0 90 0
40.8 -8.2 8.2 0 90 0
40.8 -8.2 12.299999999999999 0 90 0
40.8 -8.2 16.4 0 90 0
40.8 -8.2 20.5 0 90 0
40.8 -8.2 24.599999999999998 0 90 0
40.8 -8.2 28.699999999999996 0 90 0
40.8 -8.2 32.809999999999995 0 90 0
40.8 -8.2 36.91 0 90 0
40.8 -8.2 41.00999999999999 0 90 0
40.8 -8.2 45.11 0 90 0
40.8 -8.2 49.209999999999994 0 90 0
40.8 -4.1 -28.699999999999996 0 90 0
40.8 -4.1 -24.599999999999998 0 90 0
40.8 -4.1 -20.5 0 90 0
40.8 -4.1 -16.4 0 90 0
40.8 -4.1 -12.299999999999999 0 90 0
40.8 -4.1 -8.2 0 90 0
40.8 -4.1 -4.1 0 90 0
40.8 -4.1 0.0 0 90 0
40.8 -4.1 4.1 0 90 0
40.8 -4.1 8.2 0 90 0
40.8 -4.1 12.299999999999999 0 90 0
40.8 -4.1 16.4 0 90 0
40.8 -4.1 20.5 0 90 0
40.8 -4.1 24.599999999999998 0 90 0
40.8 -4.1 28.699999999999996 0 90 0
40.8 0.0 -49.209999999999994 0 90 0
40.8 0.0 -45.11 0 90 0
40.8 0.0 -41.00999999999999 0 90 0
40.8 0.0 -36.91 0 90 0
40.8 0.0 -32.809999999999995 0 90 0
40.8 0.0 -28.699999999999996 0 90 0
40.8 0.0 -24.599999999999998 0 90 0
40.8 0.0 -20.5 0 90 0
40.8 0.0 -16.4 0 90 0
40.8 0.0 -12.299999999999999 0 90 0
40.8 0.0 -8.2 0 90 0
40.8 0.0 -4.1 0 90 0
40.8 0.0 0.0 0 90 0
40.8 0.0 4.1 0 90 0
40.8 0.0 8.2 0 90 0
40.8 0.0 12.299999999999999 0 90 0
40.8 0.0 16.4 0 90 0
40.8 0.0 20.5 0 90 0
40.8 0.0 24.599999999999998 0 90 0
40.8 0.0 28.699999999999996 0 90 0
40.8 0.0 32.809999999999995 0 90 0
40.8 0.0 36.91 0 90 0
40.8 0.0 41.00999999999999 0 90 0
40.8 0.0 45.11 0 90 0
40.8 0.0 49.209999999999994 0 90 0
40.8 4.1 -28.699999999999996 0 90 0
40.8 4.1 -24.599999999999998 0 90 0
40.8 4.1 -20.5 0 90 0
40.8 4.1 -16.4 0 90 0
40.8 4.1 -12.299999999999999 0 90 0
40.8 4.1 -8.2 0 90 0
40.8 4.1 -4.1 0 90 0
40.8 4.1 0.0 0 90 0
40.8 4.1 4.1 0 90 0
40.8 4.1 8.2 0 90 0
40.8 4.1 12.299999999999999 0 90 0
40.8 4.1 16.4 0 90 0
40.8 4.1 20.5 0 90 0
40.8 4.1 24.599999999999998 0 90 0
40.8 4.1 28.699999999999996 0 90 0
40.8 8.2 -49.209999999999994 0 90 0
40.8 8.2 -45.11 0 90 0
40.8 8.2 -41.00999999999999 0 90 0
40.8 8.2 -36.91 0 90 0
40.8 8.2 -32.809999999999995 0 90 0
40.8 8.2 -28.699999999999996 0 90 0
40.8 8.2 -24.599999999999998 0 90 0
40.8 8.2 -20.5 0 90 0
40.8 8.2 -16.4 0 90 0
40.8 8.2 -12.299999999999999 0 90 0
40.8 8.2 -8.2 0 90 0
40.8 8.2 -4.1 0 90 0
40.8 8.2 0.0 0 90 0
40.8 8.2 4.1 0 90 0
40.8 8.2 8.2 0 90 0
40.8 8.2 12.299999999999999 0 90 0
40.8 8.2 16.4 0 90 0
40.8 8.2 20.5 0 90 0
40.8 8.2 24.599999999999998 0 90 0
40.8 8.2 28.699999999999996 0 90 0
40.8 8.2 32.809999999999995 0 90 0
40.8 8.2 36.91 0 90 0
40.8 8.2 41.00999999999999 0 90 0
40.8 8.2 45.11 0 90 0
40.8 8.2 49.209999999999994 0 90 0
40.8 12.299999999999999 -28.699999999999996 0 90 0
40.8 12.299999999999999 -24.599999999999998 0 90 0
40.8 12.299999999999999 -20.5 0 90 0
40.8 12.299999999999999 -16.4 0 90 0
40.8 12.299999999999999 -12.299999999999999 0 90 0
40.8 12.299999999999999 -8.2 0 90 0
40.8 12.299999999999999 -4.1 0 90 0
40.8 12.299999999999999 0.0 0 90 0
40.8 12.299999999999999 4.1 0 90 0
40.8 12.299999999999999 8.2 0 90 0
40.8 12.299999999999999 12.299999999999999 0 90 0
40.8 12.299999999999999 16.4 0 90 0
40.8 12.299999999999999 20.5 0 90 0
40.8 12.299999999999999 24.599999999999998 0 90 0
40.8 12.299999999999999 28.699999999999996 0 90 0
40.8 16.4 -49.209999999999994 0 90 0
40.8 16.4 -45.11 0 90 0
40.8 16.4 -41.00999999999999 0 90 0
40.8 16.4 -36.91 0 90 0
40.8 16.4 -32.809999999999995 0 90 0
40.8 16.4 -28.699999999999996 0 90 0
40.8 16.4 -24.599999999999998 0 90 0
40.8 16.4 -20.5 0 90 0
40.8 16.4 -16.4 0 90 0
40.8 16.4 -12.299999999999999 0 90 0
40.8 16.4 -8.2 0 90 0
40.8 16.4 -4.1 0 90 0
40.8 16.4 0.0 0 90 0
40.8 16.4 4.1 0 90 0
40.8 16.4 8.2 0 90 0
40.8 16.4 12.299999999999999 0 90 0
40.8 16.4 16.4 0 90 0
40.8 16.4 20.5 0 90 0
40.8 16.4 24.599999999999998 0 90 0
40.8 16.4 28.699999999999996 0 90 0
40.8 16.4 32.809999999999995 0 90 0
40.8 16.4 36.91 0 90 0
40.8 16.4 41.00999999999999 0 90 0
40.8 16.4 45.11 0 90 0
40.8 16.4 49.209999999999994 0 90 0
40.8 20.5 -28.699999999999996 0 90 0
40.8 20.5 -24.599999999999998 0 90 0
40.8 20.5 -20.5 0 90 0
40.8 20.5 -16.4 0 90 0
40.8 20.5 -12.299999999999999 0 90 0
40.8 20.5 -8.2 0 90 0
40.8 20.5 -4.1 0 90 0
40.8 20.5 0.0 0 90 0
40.8 20.5 4.1 0 90 0
40.8 20.5 8.2 0 90 0
40.8 20.5 12.299999999999999 0 90 0
40.8 20.5 16.4 0 90 0
40.8 20.5 20.5 0 90 0
40.8 20.5 24.599999999999998 0 90 0
40.8 20.5 28.699999999999996 0 90 0
40.8 24.599999999999998 -49.209999999999994 0 90 0
40.8 24.599999999999998 -45.11 0 90 0
40.8 24.599999999999998 -41.00999999999999 0 90 0
40.8 24.599999999999998 -36.91 0 90 0
40.8 24.599999999999998 -32.809999999999995 0 90 0
40.8 24.599999999999998 -28.699999999999996 0 90 0
40.8 24.599999999999998 -24.599999999999998 0 90 0
40.8 24.599999999999998 -20.5 0 90 0
40.8 24.599999999999998 -16.4 0 90 0
40.8 24.599999999999998 -12.299999999999999 0 90 0
40.8 24.599999999999998 -8.2 0 90 0
40.8 24.599999999999998 -4.1 0 90 0
40.8 24.599999999999998 0.0 0 90 0
40.8 24.599999999999998 4.1 0 90 0
40.8 24.599999999999998 8.2 0 90 0
40.8 24.599999999999998 12.299999999999999 0 90 0
40.8 24.599999999999998 16.4 0 90 0
40.8 24.599999999999998 20.5 0 90 0
40.8 24.599999999999998 24.599999999999998 0 90 0
40.8 24.599999999999998 28.699999999999996 0 90 0
40.8 24.599999999999998 32.809999999999995 0 90 0
40.8 24.599999999999998 36.91 0 90 0
40.8 24.599999999999998 41.00999999999999 0 90 0
40.8 24.599999999999998 45.11 0 90 0
40.8 24.599999999999998 49.209999999999994 0 90 0
40.8 28.699999999999996 -28.699999999999996 0 90 0
40.8 28.699999999999996 -24.599999999999998 0 90 0
40.8 28.699999999999996 -20.5 0 90 0
40.8 28.699999999999996 -16.4 0 90 0
40.8 28.699999999999996 -12.299999999999999 0 90 0
40.8 28.699999999999996 -8.2 0 90 0
40.8 28.699999999999996 -4.1 0 90 0
40.8 28.699999999999996 0.0 0 90 0
40.8 28.699999999999996 4.1 0 90 0
40.8 28.699999999999996 8.2 0 90 0
40.8 28.699999999999996 12.299999999999999 0 90 0
40.8 28.699999999999996 16.4 0 90 0
40.8 28.699999999999996 20.5 0 90 0
40.8 28.699999999999996 24.599999999999998 0 90 0
40.8 28.699999999999996 28.699999999999996 0 90 0
40.8 32.809999999999995 -24.599999999999998 0 90 0
40.8 32.809999999999995 -16.4 0 90 0
40.8 32.809999999999995 -8.2 0 90 0
40.8 32.809999999999995 0.0 0 90 0
40.8 32.809999999999995 8.2 0 90 0
40.8 32.809999999999995 16.4 0 90 0
40.8 32.809999999999995 24.599999999999998 0 90 0
40.8 36.91 -24.599999999999998 0 90 0
40.8 36.91 -16.4 0 90 0
40.8 36.91 -8.2 0 90 0
40.8 36.91 0.0 0 90 0
40.8 36.91 8.2 0 90 0
40.8 36.91 16.4 0 90 0
40.8 36.91 24.599999999999998 0 90 0
40.8 41.00999999999999 -24.599999999999998 0 90 0
40.8 41.00999999999999 -16.4 0 90 0
40.8 41.00999999999999 -8.2 0 90 0
40.8 41.00999999999999 0.0 0 90 0
40.8 41.00999999999999 8.2 0 90 0
40.8 41.00999999999999 16.4 0 90 0
40.8 41.00999999999999 24.599999999999998 0 90 0
40.8 45.11 -24.599999999999998 0 90 0
40.8 45.11 -16.4 0 90 0
40.8 45.11 -8.2 0 90 0
40.8 45.11 0.0 0 90 0
40.8 45.11 8.2 0 90 0
40.8 45.11 16.4 0 90 0
40.8 45.11 24.599999999999998 0 90 0
40.8 49.209999999999994 -24.599999999999998 0 90 0
40.8 49.209999999999994 -16.4 0 90 0
40.8 49.209999999999994 -8.2 0 90 0
40.8 49.209999999999994 0.0 0 90 0
40.8 49.209999999999994 8.2 0 90 0
40.8 49.209999999999994 16.4 0 90 0
40.8 49.209999999999994 24.599999999999998 0 90 0
41.00999999999999 -40.8 -49.209999999999994 90 0 0
41.00999999999999 -40.8 -45.11 90 0 0
41.00999999999999 -40.8 -41.00999999999999 90 0 0
41.00999999999999 -40.8 -36.91 90 0 0
41.00999999999999 -40.8 -32.809999999999995 90 0 0
41.00999999999999 -40.8 -28.699999999999996 90 0 0
41.00999999999999 -40.8 -20.5 90 0 0
41.00999999999999 -40.8 -12.299999999999999 90 0 0
41.00999999999999 -40.8 -4.1 90 0 0
41.00999999999999 -40.8 4.1 90 0 0
41.00999999999999 -40.8 12.299999999999999 90 0 0
41.00999999999999 -40.8 20.5 90 0 0
41.00999999999999 -40.8 28.699999999999996 90 0 0
41.00999999999999 -40.8 32.809999999999995 90 0 0
41.00999999999999 -40.8 36.91 90 0 0
41.00999999999999 -40.8 41.00999999999999 90 0 0
41.00999999999999 -40.8 45.11 90 0 0
41.00999999999999 -40.8 49.209999999999994 90 0 0
41.00999999999999 -28.699999999999996 -40.8 180 0 0
41.00999999999999 -28.699999999999996 40.8 0 0 0
41.00999999999999 -20.5 -40.8 180 0 0
41.00999999999999 -20.5 40.8 0 0 0
41.00999999999999 -12.299999999999999 -40.8 180 0 0
41.00999999999999 -12.299999999999999 40.8 0 0 0
41.00999999999999 -4.1 -40.8 180 0 0
41.00999999999999 -4.1 40.8 0 0 0
41.00999999999999 4.1 -40.8 180 0 0
41.00999999999999 4.1 40.8 0 0 0
41.00999999999999 12.299999999999999 -40.8 180 0 0
41.00999999999999 12.299999999999999 40.8 0 0 0
41.00999999999999 20.5 -40.8 180 0 0
41.00999999999999 20.5 40.8 0 0 0
41.00999999999999 28.699999999999996 -40.8 180 0 0
41.00999999999999 28.699999999999996 40.8 0 0 0
41.00999999999999 40.8 -49.209999999999994 -90 0 0
41.00999999999999 40.8 -45.11 -90 0 0
41.00999999999999 40.8 -41.00999999999999 -90 0 0
41.00999999999999 40.8 -36.91 -90 0 0
41.00999999999999 40.8 -32.809999999999995 -90 0 0
41.00999999999999 40.8 -28.699999999999996 -90 0 0
41.00999999999999 40.8 -20.5 -90 0 0
41.00999999999999 40.8 -12.299999999999999 -90 0 0
41.00999999999999 40.8 -4.1 -90 0 0
41.00999999999999 40.8 4.1 -90 0 0
41.00999999999999 40.8 12.299999999999999 -90 0 0
41.00999999999999 40.8 20.5 -90 0 0
41.00999999999999 40.8 28.699999999999996 -90 0 0
41.00999999999999 40.8 32.809999999999995 -90 0 0
41.00999999999999 40.8 36.91 -90 0 0
41.00999999999999 40.8 41.00999999999999 -90 0 0
41.00999999999999 40.8 45.11 -90 0 0
41.00999999999999 40.8 49.209999999999994 -90 0 0
45.11 -49.209999999999994 -40.8 180 0 0
45.11 -49.209999999999994 40.8 0 0 0
45.11 -45.11 -40.8 180 0 0
45.11 -45.11 40.8 0 0 0
45.11 -41.00999999999999 -40.8 180 0 0
45.11 -41.00999999999999 40.8 0 0 0
45.11 -40.8 -28.699999999999996 90 0 0
45.11 -40.8 -20.5 90 0 0
45.11 -40.8 -12.299999999999999 90 0 0
45.11 -40.8 -4.1 90 0 0
45.11 -40.8 4.1 90 0 0
45.11 -40.8 12.299999999999999 90 0 0
45.11 -40.8 20.5 90 0 0
45.11 -40.8 28.699999999999996 90 0 0
45.11 -36.91 -40.8 180 0 0
45.11 -36.91 40.8 0 0 0
45.11 -32.809999999999995 -40.8 180 0 0
45.11 -32.809999999999995 40.8 0 0 0
45.11 -28.699999999999996 -40.8 180 0 0
45.11 -28.699999999999996 40.8 0 0 0
45.11 -20.5 -40.8 180 0 0
45.11 -20.5 40.8 0 0 0
45.11 -12.299999999999999 -40.8 180 0 0
45.11 -12.299999999999999 40.8 0 0 0
45.11 -4.1 -40.8 180 0 0
45.11 -4.1 40.8 0 0 0
45.11 4.1 -40.8 180 0 0
45.11 4.1 40.8 0 0 0
45.11 12.299999999999999 -40.8 180 0 0
45.11 12.299999999999999 40.8 0 0 0
45.11 20.5 -40.8 180 0 0
45.11 20.5 40.8 0 0 0
45.11 28.699999999999996 -40.8 180 0 0
45.11 28.699999999999996 40.8 0 0 0
45.11 32.809999999999995 -40.8 180 0 0
45.11 32.809999999999995 40.8 0 0 0
45.11 36.91 -40.8 180 0 0
45.11 36.91 40.8 0 0 0
45.11 40.8 -28.699999999999996 -90 0 0
45.11 40.8 -20.5 -90 0 0
45.11 40.8 -12.299999999999999 -90 0 0
45.11 40.8 -4.1 -90 0 0
45.11 40.8 4.1 -90 0 0
45.11 40.8 12.299999999999999 -90 0 0
45.11 40.8 20.5 -90 0 0
45.11 40.8 28.699999999999996 -90 0 0
45.11 41.00999999999999 -40.8 180 0 0
45.11 41.00999999999999 40.8 0 0 0
45.11 45.11 -40.8 180 0 0
45.11 45.11 40.8 0 0 0
45.11 49.209999999999994 -40.8 180 0 0
45.11 49.209999999999994 40.8 0 0 0
49.209999999999994 -40.8 -49.209999999999994 90 0 0
49.209999999999994 -40.8 -45.11 90 0 0
49.209999999999994 -40.8 -41.00999999999999 90 0 0
49.209999999999994 -40.8 -36.91 90 0 0
49.209999999999994 -40.8 -32.809999999999995 90 0 0
49.209999999999994 -40.8 -28.699999999999996 90 0 0
49.209999999999994 -40.8 -20.5 90 0 0
49.209999999999994 -40.8 -12.299999999999999 90 0 0
49.209999999999994 -40.8 -4.1 90 0 0
49.209999999999994 -40.8 4.1 90 0 0
49.209999999999994 -40.8 12.299999999999999 90 0 0
49.209999999999994 -40.8 20.5 90 0 0
49.209999999999994 -40.8 28.699999999999996 90 0 0
49.209999999999994 -40.8 32.809999999999995 90 0 0
49.209999999999994 -40.8 36.91 90 0 0
49.209999999999994 -40.8 41.00999999999999 90 0 0
49.209999999999994 -40.8 45.11 90 0 0
49.209999999999994 -40.8 49.209999999999994 90 0 0
49.209999999999994 -28.699999999999996 -40.8 180 0 0
49.209999999999994 -28.699999999999996 40.8 0 0 0
49.209999999999994 -20.5 -40.8 180 0 0
49.209999999999994 -20.5 40.8 0 0 0
49.209999999999994 -12.299999999999999 -40.8 180 0 0
49.209999999999994 -12.299999999999999 40.8 0 0 0
49.209999999999994 -4.1 -40.8 180 0 0
49.209999999999994 -4.1 40.8 0 0 0
49.209999999999994 4.1 -40.8 180 0 0
49.209999999999994 4.1 40.8 0 0 0
49.209999999999994 12.299999999999999 -40.8 180 0 0
49.209999999999994 12.299999999999999 40.8 0 0 0
49.209999999999994 20.5 -40.8 180 0 0
49.209999999999994 20.5 40.8 0 0 0
49.209999999999994 28.699999999999996 -40.8 180 0 0
49.209999999999994 28.699999999999996 40.8 0 0 0
49.209999999999994 40.8 -49.209999999999994 -90 0 0
49.209999999999994 40.8 -45.11 -90 0 0
49.209999999999994 40.8 -41.00999999999999 -90 0 0
49.209999999999994 40.8 -36.91 -90 0 0
49.209999999999994 40.8 -32.809999999999995 -90 0 0
49.209999999999994 40.8 -28.699999999999996 -90 0 0
49.209999999999994 40.8 -20.5 -90 0 0
49.209999999999994 40.8 -12.299999999999999 -90 0 0
49.209999999999994 40.8 -4.1 -90 0 0
49.209999999999994 40.8 4.1 -90 0 0
49.209999999999994 40.8 12.299999999999999 -90 0 0
49.209999999999994 40.8 20.5 -90 0 0
49.209999999999994 40.8 28.699999999999996 -90 0 0
49.209999999999994 40.8 32.809999999999995 -90 0 0
49.209999999999994 40.8 36.91 -90 0 0
49.209999999999994 40.8 41.00999999999999 -90 0 0
49.209999999999994 40.8 45.11 -90 0 0
49.209999999999994 40.8 49.209999999999994 -90 0 0
