-36.7 -24.599999999999998 -24.599999999999998 0 -90 0
-36.7 -24.599999999999998 -20.5 0 -90 0
-36.7 -24.599999999999998 -16.4 0 -90 0
-36.7 -24.599999999999998 -12.299999999999999 0 -90 0
-36.7 -24.599999999999998 -8.2 0 -90 0
-36.7 -24.599999999999998 -4.1 0 -90 0
-36.7 -24.599999999999998 0.0 0 -90 0
-36.7 -24.599999999999998 4.1 0 -90 0
-36.7 -24.599999999999998 8.2 0 -90 0
-36.7 -24.599999999999998 12.299999999999999 0 -90 0
-36.7 -24.599999999999998 16.4 0 -90 0
-36.7 -24.599999999999998 20.5 0 -90 0
-36.7 -24.599999999999998 24.599999999999998 0 -90 0
-36.7 -20.5 -24.599999999999998 0 -90 0
-36.7 -20.5 -20.5 0 -90 0
-36.7 -20.5 -16.4 0 -90 0
-36.7 -20.5 -12.299999999999999 0 -90 0
-36.7 -20.5 -8.2 0 -90 0
-36.7 -20.5 -4.1 0 -90 0
-36.7 -20.5 0.0 0 -90 0
-36.7 -20.5 4.1 0 -90 0
-36.7 -20.5 8.2 0 -90 0
-36.7 -20.5 12.299999999999999 0 -90 0
-36.7 -20.5 16.4 0 -90 0
-36.7 -20.5 20.5 0 -90 0
-36.7 -20.5 24.599999999999998 0 -90 0
-36.7 -16.4 -24.599999999999998 0 -90 0
-36.7 -16.4 -20.5 0 -90 0
-36.7 -16.4 -16.4 0 -90 0
-36.7 -16.4 -12.299999999999999 0 -90 0
-36.7 -16.4 -8.2 0 -90 0
-36.7 -16.4 -4.1 0 -90 0
-36.7 -16.4 0.0 0 -90 0
-36.7 -16.4 4.1 0 -90 0
-36.7 -16.4 8.2 0 -90 0
-36.7 -16.4 12.299999999999999 0 -90 0
-36.7 -16.4 16.4 0 -90 0
-36.7 -16.4 20.5 0 -90 0
-36.7 -16.4 24.599999999999998 0 -90 0
-36.7 -12.299999999999999 -24.599999999999998 0 -90 0
-36.7 -12.299999999999999 -20.5 0 -90 0
-36.7 -12.299999999999999 -16.4 0 -90 0
-36.7 -12.299999999999999 -12.299999999999999 0 -90 0
-36.7 -12.299999999999999 -8.2 0 -90 0
-36.7 -12.299999999999999 -4.1 0 -90 0
-36.7 -12.299999999999999 0.0 0 -90 0
-36.7 -12.299999999999999 4.1 0 -90 0
-36.7 -12.299999999999999 8.2 0 -90 0
-36.7 -12.299999999999999 12.299999999999999 0 -90 0
-36.7 -12.299999999999999 16.4 0 -90 0
-36.7 -12.299999999999999 20.5 0 -90 0
-36.7 -12.299999999999999 24.599999999999998 0 -90 0
-36.7 -8.2 -24.599999999999998 0 -90 0
-36.7 -8.2 -20.5 0 -90 0
-36.7 -8.2 -16.4 0 -90 0
-36.7 -8.2 -12.299999999999999 0 -90 0
-36.7 -8.2 -8.2 0 -90 0
-36.7 -8.2 -4.1 0 -90 0
-36.7 -8.2 0.0 0 -90 0
-36.7 -8.2 4.1 0 -90 0
-36.7 -8.2 8.2 0 -90 0
-36.7 -8.2 12.299999999999999 0 -90 0
-36.7 -8.2 16.4 0 -90 0
-36.7 -8.2 20.5 0 -90 0
-36.7 -8.2 24.599999999999998 0 -90 0
-36.7 -4.1 -24.599999999999998 0 -90 0
-36.7 -4.1 -20.5 0 -90 0
-36.7 -4.1 -16.4 0 -90 0
-36.7 -4.1 -12.299999999999999 0 -90 0
-36.7 -4.1 -8.2 0 -90 0
-36.7 -4.1 -4.1 0 -90 0
-36.7 -4.1 0.0 0 -90 0
-36.7 -4.1 4.1 0 -90 0
-36.7 -4.1 8.2 0 -90 0
-36.7 -4.1 12.299999999999999 0 -90 0
-36.7 -4.1 16.4 0 -90 0
-36.7 -4.1 20.5 0 -90 0
-36.7 -4.1 24.599999999999998 0 -90 0
-36.7 0.0 -24.599999999999998 0 -90 0
-36.7 0.0 -20.5 0 -90 0
-36.7 0.0 -16.4 0 -90 0
-36.7 0.0 -12.299999999999999 0 -90 0
-36.7 0.0 -8.2 0 -90 0
-36.7 0.0 -4.1 0 -90 0
-36.7 0.0 0.0 0 -90 0
-36.7 0.0 4.1 0 -90 0
-36.7 0.0 8.2 0 -90 0
-36.7 0.0 12.299999999999999 0 -90 0
-36.7 0.0 16.4 0 -90 0
-36.7 0.0 20.5 0 -90 0
-36.7 0.0 24.599999999999998 0 -90 0
-36.7 4.1 -24.599999999999998 0 -90 0
-36.7 4.1 -20.5 0 -90 0
-36.7 4.1 -16.4 0 -90 0
-36.7 4.1 -12.299999999999999 0 -90 0
-36.7 4.1 -8.2 0 -90 0
-36.7 4.1 -4.1 0 -90 0
-36.7 4.1 0.0 0 -90 0
-36.7 4.1 4.1 0 -90 0
-36.7 4.1 8.2 0 -90 0
-36.7 4.1 12.299999999999999 0 -90 0
-36.7 4.1 16.4 0 -90 0
-36.7 4.1 20.5 0 -90 0
-36.7 4.1 24.599999999999998 0 -90 0
-36.7 8.2 -24.599999999999998 0 -90 0
-36.7 8.2 -20.5 0 -90 0
-36.7 8.2 -16.4 0 -90 0
-36.7 8.2 -12.299999999999999 0 -90 0
-36.7 8.2 -8.2 0 -90 0
-36.7 8.2 -4.1 0 -90 0
-36.7 8.2 0.0 0 -90 0
-36.7 8.2 4.1 0 -90 0
-36.7 8.2 8.2 0 -90 0
-36.7 8.2 12.299999999999999 0 -90 0
-36.7 8.2 16.4 0 -90 0
-36.7 8.2 20.5 0 -90 0
-36.7 8.2 24.599999999999998 0 -90 0
-36.7 12.299999999999999 -24.599999999999998 0 -90 0
-36.7 12.299999999999999 -20.5 0 -90 0
-36.7 12.299999999999999 -16.4 0 -90 0
-36.7 12.299999999999999 -12.299999999999999 0 -90 0
-36.7 12.299999999999999 -8.2 0 -90 0
-36.7 12.299999999999999 -4.1 0 -90 0
-36.7 12.299999999999999 0.0 0 -90 0
-36.7 12.299999999999999 4.1 0 -90 0
-36.7 12.299999999999999 8.2 0 -90 0
-36.7 12.299999999999999 12.299999999999999 0 -90 0
-36.7 12.299999999999999 16.4 0 -90 0
-36.7 12.299999999999999 20.5 0 -90 0
-36.7 12.299999999999999 24.599999999999998 0 -90 0
-36.7 16.4 -24.599999999999998 0 -90 0
-36.7 16.4 -20.5 0 -90 0
-36.7 16.4 -16.4 0 -90 0
-36.7 16.4 -12.299999999999999 0 -90 0
-36.7 16.4 -8.2 0 -90 0
-36.7 16.4 -4.1 0 -90 0
-36.7 16.4 0.0 0 -90 0
-36.7 16.4 4.1 0 -90 0
-36.7 16.4 8.2 0 -90 0
-36.7 16.4 12.299999999999999 0 -90 0
-36.7 16.4 16.4 0 -90 0
-36.7 16.4 20.5 0 -90 0
-36.7 16.4 24.599999999999998 0 -90 0
-36.7 20.5 -24.599999999999998 0 -90 0
-36.7 20.5 -20.5 0 -90 0
-36.7 20.5 -16.4 0 -90 0
-36.7 20.5 -12.299999999999999 0 -90 0
-36.7 20.5 -8.2 0 -90 0
-36.7 20.5 -4.1 0 -90 0
-36.7 20.5 0.0 0 -90 0
-36.7 20.5 4.1 0 -90 0
-36.7 20.5 8.2 0 -90 0
-36.7 20.5 12.299999999999999 0 -90 0
-36.7 20.5 16.4 0 -90 0
-36.7 20.5 20.5 0 -90 0
-36.7 20.5 24.599999999999998 0 -90 0
-36.7 24.599999999999998 -24.599999999999998 0 -90 0
-36.7 24.599999999999998 -20.5 0 -90 0
-36.7 24.599999999999998 -16.4 0 -90 0
-36.7 24.599999999999998 -12.299999999999999 0 -90 0
-36.7 24.599999999999998 -8.2 0 -90 0
-36.7 24.599999999999998 -4.1 0 -90 0
-36.7 24.599999999999998 0.0 0 -90 0
-36.7 24.599999999999998 4.1 0 -90 0
-36.7 24.599999999999998 8.2 0 -90 0
-36.7 24.599999999999998 12.299999999999999 0 -90 0
-36.7 24.599999999999998 16.4 0 -90 0
-36.7 24.599999999999998 20.5 0 -90 0
-36.7 24.599999999999998 24.599999999999998 0 -90 0
-24.599999999999998 -36.7 -24.599999999999998 -90 0 0
-24.599999999999998 -36.7 -20.5 -90 0 0
-24.599999999999998 -36.7 -16.4 -90 0 0
-24.599999999999998 -36.7 -12.299999999999999 -90 0 0
-24.599999999999998 -36.7 -8.2 -90 0 0
-24.599999999999998 -36.7 -4.1 -90 0 0
-24.599999999999998 -36.7 0.0 -90 0 0
-24.599999999999998 -36.7 4.1 -90 0 0
-24.599999999999998 -36.7 8.2 -90 0 0
-24.599999999999998 -36.7 12.299999999999999 -90 0 0
-24.599999999999998 -36.7 16.4 -90 0 0
-24.599999999999998 -36.7 20.5 -90 0 0
-24.599999999999998 -36.7 24.599999999999998 -90 0 0
-24.599999999999998 -24.599999999999998 -36.7 180 0 0
-24.599999999999998 -24.599999999999998 36.7 0 0 0
-24.599999999999998 -20.5 -36.7 180 0 0
-24.599999999999998 -20.5 36.7 0 0 0
-24.599999999999998 -16.4 -36.7 180 0 0
-24.599999999999998 -16.4 36.7 0 0 0
-24.599999999999998 -12.299999999999999 -36.7 180 0 0
-24.599999999999998 -12.299999999999999 36.7 0 0 0
-24.599999999999998 -8.2 -36.7 180 0 0
-24.599999999999998 -8.2 36.7 0 0 0
-24.599999999999998 -4.1 -36.7 180 0 0
-24.599999999999998 -4.1 36.7 0 0 0
-24.599999999999998 0.0 -36.7 180 0 0
-24.599999999999998 0.0 36.7 0 0 0
-24.599999999999998 4.1 -36.7 180 0 0
-24.599999999999998 4.1 36.7 0 0 0
-24.599999999999998 8.2 -36.7 180 0 0
-24.599999999999998 8.2 36.7 0 0 0
-24.599999999999998 12.299999999999999 -36.7 180 0 0
-24.599999999999998 12.299999999999999 36.7 0 0 0
-24.599999999999998 16.4 -36.7 180 0 0
-24.599999999999998 16.4 36.7 0 0 0
-24.599999999999998 20.5 -36.7 180 0 0
-24.599999999999998 20.5 36.7 0 0 0
-24.599999999999998 24.599999999999998 -36.7 180 0 0
-24.599999999999998 24.599999999999998 36.7 0 0 0
-24.599999999999998 36.7 -24.599999999999998 90 0 0
-24.599999999999998 36.7 -20.5 90 0 0
-24.599999999999998 36.7 -16.4 90 0 0
-24.599999999999998 36.7 -12.299999999999999 90 0 0
-24.599999999999998 36.7 -8.2 90 0 0
-24.599999999999998 36.7 -4.1 90 0 0
-24.599999999999998 36.7 0.0 90 0 0
-24.599999999999998 36.7 4.1 90 0 0
-24.599999999999998 36.7 8.2 90 0 0
-24.599999999999998 36.7 12.299999999999999 90 0 0
-24.599999999999998 36.7 16.4 90 0 0
-24.599999999999998 36.7 20.5 90 0 0
-24.599999999999998 36.7 24.599999999999998 90 0 0
-20.5 -36.7 -24.599999999999998 -90 0 0
-20.5 -36.7 -20.5 -90 0 0
-20.5 -36.7 -16.4 -90 0 0
-20.5 -36.7 -12.299999999999999 -90 0 0
-20.5 -36.7 -8.2 -90 0 0
-20.5 -36.7 -4.1 -90 0 0
-20.5 -36.7 0.0 -90 0 0
-20.5 -36.7 4.1 -90 0 0
-20.5 -36.7 8.2 -90 0 0
-20.5 -36.7 12.299999999999999 -90 0 0
-20.5 -36.7 16.4 -90 0 0
-20.5 -36.7 20.5 -90 0 0
-20.5 -36.7 24.599999999999998 -90 0 0
-20.5 -24.599999999999998 -36.7 180 0 0
-20.5 -24.599999999999998 36.7 0 0 0
-20.5 -20.5 -36.7 180 0 0
-20.5 -20.5 36.7 0 0 0
-20.5 -16.4 -36.7 180 0 0
-20.5 -16.4 36.7 0 0 0
-20.5 -12.299999999999999 -36.7 180 0 0
-20.5 -12.299999999999999 36.7 0 0 0
-20.5 -8.2 -36.7 180 0 0
-20.5 -8.2 36.7 0 0 0
-20.5 -4.1 -36.7 180 0 0
-20.5 -4.1 36.7 0 0 0
-20.5 0.0 -36.7 180 0 0
-20.5 0.0 36.7 0 0 0
-20.5 4.1 -36.7 180 0 0
-20.5 4.1 36.7 0 0 0
-20.5 8.2 -36.7 180 0 0
-20.5 8.2 36.7 0 0 0
-20.5 12.299999999999999 -36.7 180 0 0
-20.5 12.299999999999999 36.7 0 0 0
-20.5 16.4 -36.7 180 0 0
-20.5 16.4 36.7 0 0 0
-20.5 20.5 -36.7 180 0 0
-20.5 20.5 36.7 0 0 0
-20.5 24.599999999999998 -36.7 180 0 0
-20.5 24.599999999999998 36.7 0 0 0
-20.5 36.7 -24.599999999999998 90 0 0
-20.5 36.7 -20.5 90 0 0
-20.5 36.7 -16.4 90 0 0
-20.5 36.7 -12.299999999999999 90 0 0
-20.5 36.7 -8.2 90 0 0
-20.5 36.7 -4.1 90 0 0
-20.5 36.7 0.0 90 0 0
-20.5 36.7 4.1 90 0 0
-20.5 36.7 8.2 90 0 0
-20.5 36.7 12.299999999999999 90 0 0
-20.5 36.7 16.4 90 0 0
-20.5 36.7 20.5 90 0 0
-20.5 36.7 24.599999999999998 90 0 0
-16.4 -36.7 -24.599999999999998 -90 0 0
-16.4 -36.7 -20.5 -90 0 0
-16.4 -36.7 -16.4 -90 0 0
-16.4 -36.7 -12.299999999999999 -90 0 0
-16.4 -36.7 -8.2 -90 0 0
-16.4 -36.7 -4.1 -90 0 0
-16.4 -36.7 0.0 -90 0 0
-16.4 -36.7 4.1 -90 0 0
-16.4 -36.7 8.2 -90 0 0
-16.4 -36.7 12.299999999999999 -90 0 0
-16.4 -36.7 16.4 -90 0 0
-16.4 -36.7 20.5 -90 0 0
-16.4 -36.7 24.599999999999998 -90 0 0
-16.4 -24.599999999999998 -36.7 180 0 0
-16.4 -24.599999999999998 36.7 0 0 0
-16.4 -20.5 -36.7 180 0 0
-16.4 -20.5 36.7 0 0 0
-16.4 -16.4 -36.7 180 0 0
-16.4 -16.4 36.7 0 0 0
-16.4 -12.299999999999999 -36.7 180 0 0
-16.4 -12.299999999999999 36.7 0 0 0
-16.4 -8.2 -36.7 180 0 0
-16.4 -8.2 36.7 0 0 0
-16.4 -4.1 -36.7 180 0 0
-16.4 -4.1 36.7 0 0 0
-16.4 0.0 -36.7 180 0 0
-16.4 0.0 36.7 0 0 0
-16.4 4.1 -36.7 180 0 0
-16.4 4.1 36.7 0 0 0
-16.4 8.2 -36.7 180 0 0
-16.4 8.2 36.7 0 0 0
-16.4 12.299999999999999 -36.7 180 0 0
-16.4 12.299999999999999 36.7 0 0 0
-16.4 16.4 -36.7 180 0 0
-16.4 16.4 36.7 0 0 0
-16.4 20.5 -36.7 180 0 0
-16.4 20.5 36.7 0 0 0
-16.4 24.599999999999998 -36.7 180 0 0
-16.4 24.599999999999998 36.7 0 0 0
-16.4 36.7 -24.599999999999998 90 0 0
-16.4 36.7 -20.5 90 0 0
-16.4 36.7 -16.4 90 0 0
-16.4 36.7 -12.299999999999999 90 0 0
-16.4 36.7 -8.2 90 0 0
-16.4 36.7 -4.1 90 0 0
-16.4 36.7 0.0 90 0 0
-16.4 36.7 4.1 90 0 0
-16.4 36.7 8.2 90 0 0
-16.4 36.7 12.299999999999999 90 0 0
-16.4 36.7 16.4 90 0 0
-16.4 36.7 20.5 90 0 0
-16.4 36.7 24.599999999999998 90 0 0
-12.299999999999999 -36.7 -24.599999999999998 -90 0 0
-12.299999999999999 -36.7 -20.5 -90 0 0
-12.299999999999999 -36.7 -16.4 -90 0 0
-12.299999999999999 -36.7 -12.299999999999999 -90 0 0
-12.299999999999999 -36.7 -8.2 -90 0 0
-12.299999999999999 -36.7 -4.1 -90 0 0
-12.299999999999999 -36.7 0.0 -90 0 0
-12.299999999999999 -36.7 4.1 -90 0 0
-12.299999999999999 -36.7 8.2 -90 0 0
-12.299999999999999 -36.7 12.299999999999999 -90 0 0
-12.299999999999999 -36.7 16.4 -90 0 0
-12.299999999999999 -36.7 20.5 -90 0 0
-12.299999999999999 -36.7 24.599999999999998 -90 0 0
-12.299999999999999 -24.599999999999998 -36.7 180 0 0
-12.299999999999999 -24.599999999999998 36.7 0 0 0
-12.299999999999999 -20.5 -36.7 180 0 0
-12.299999999999999 -20.5 36.7 0 0 0
-12.299999999999999 -16.4 -36.7 180 0 0
-12.299999999999999 -16.4 36.7 0 0 0
-12.299999999999999 -12.299999999999999 -36.7 180 0 0
-12.299999999999999 -12.299999999999999 36.7 0 0 0
-12.299999999999999 -8.2 -36.7 180 0 0
-12.299999999999999 -8.2 36.7 0 0 0
-12.299999999999999 -4.1 -36.7 180 0 0
-12.299999999999999 -4.1 36.7 0 0 0
-12.299999999999999 0.0 -36.7 180 0 0
-12.299999999999999 0.0 36.7 0 0 0
-12.299999999999999 4.1 -36.7 180 0 0
-12.299999999999999 4.1 36.7 0 0 0
-12.299999999999999 8.2 -36.7 180 0 0
-12.299999999999999 8.2 36.7 0 0 0
-12.299999999999999 12.299999999999999 -36.7 180 0 0
-12.299999999999999 12.299999999999999 36.7 0 0 0
-12.299999999999999 16.4 -36.7 180 0 0
-12.299999999999999 16.4 36.7 0 0 0
-12.299999999999999 20.5 -36.7 180 0 0
-12.299999999999999 20.5 36.7 0 0 0
-12.299999999999999 24.599999999999998 -36.7 180 0 0
-12.299999999999999 24.599999999999998 36.7 0 0 0
-12.299999999999999 36.7 -24.599999999999998 90 0 0
-12.299999999999999 36.7 -20.5 90 0 0
-12.299999999999999 36.7 -16.4 90 0 0
-12.299999999999999 36.7 -12.299999999999999 90 0 0
-12.299999999999999 36.7 -8.2 90 0 0
-12.299999999999999 36.7 -4.1 90 0 0
-12.299999999999999 36.7 0.0 90 0 0
-12.299999999999999 36.7 4.1 90 0 0
-12.299999999999999 36.7 8.2 90 0 0
-12.299999999999999 36.7 12.299999999999999 90 0 0
-12.299999999999999 36.7 16.4 90 0 0
-12.299999999999999 36.7 20.5 90 0 0
-12.299999999999999 36.7 24.599999999999998 90 0 0
-8.2 -36.7 -24.599999999999998 -90 0 0
-8.2 -36.7 -20.5 -90 0 0
-8.2 -36.7 -16.4 -90 0 0
-8.2 -36.7 -12.299999999999999 -90 0 0
-8.2 -36.7 -8.2 -90 0 0
-8.2 -36.7 -4.1 -90 0 0
-8.2 -36.7 0.0 -90 0 0
-8.2 -36.7 4.1 -90 0 0
-8.2 -36.7 8.2 -90 0 0
-8.2 -36.7 12.299999999999999 -90 0 0
-8.2 -36.7 16.4 -90 0 0
-8.2 -36.7 20.5 -90 0 0
-8.2 -36.7 24.599999999999998 -90 0 0
-8.2 -24.599999999999998 -36.7 180 0 0
-8.2 -24.599999999999998 36.7 0 0 0
-8.2 -20.5 -36.7 180 0 0
-8.2 -20.5 36.7 0 0 0
-8.2 -16.4 -36.7 180 0 0
-8.2 -16.4 36.7 0 0 0
-8.2 -12.299999999999999 -36.7 180 0 0
-8.2 -12.299999999999999 36.7 0 0 0
-8.2 -8.2 -36.7 180 0 0
-8.2 -8.2 36.7 0 0 0
-8.2 -4.1 -36.7 180 0 0
-8.2 -4.1 36.7 0 0 0
-8.2 0.0 -36.7 180 0 0
-8.2 0.0 36.7 0 0 0
-8.2 4.1 -36.7 180 0 0
-8.2 4.1 36.7 0 0 0
-8.2 8.2 -36.7 180 0 0
-8.2 8.2 36.7 0 0 0
-8.2 12.299999999999999 -36.7 180 0 0
-8.2 12.299999999999999 36.7 0 0 0
-8.2 16.4 -36.7 180 0 0
-8.2 16.4 36.7 0 0 0
-8.2 20.5 -36.7 180 0 0
-8.2 20.5 36.7 0 0 0
-8.2 24.599999999999998 -36.7 180 0 0
-8.2 24.599999999999998 36.7 0 0 0
-8.2 36.7 -24.599999999999998 90 0 0
-8.2 36.7 -20.5 90 0 0
-8.2 36.7 -16.4 90 0 0
-8.2 36.7 -12.299999999999999 90 0 0
-8.2 36.7 -8.2 90 0 0
-8.2 36.7 -4.1 90 0 0
-8.2 36.7 0.0 90 0 0
-8.2 36.7 4.1 90 0 0
-8.2 36.7 8.2 90 0 0
-8.2 36.7 12.299999999999999 90 0 0
-8.2 36.7 16.4 90 0 0
-8.2 36.7 20.5 90 0 0
-8.2 36.7 24.599999999999998 90 0 0
-4.1 -36.7 -24.599999999999998 -90 0 0
-4.1 -36.7 -20.5 -90 0 0
-4.1 -36.7 -16.4 -90 0 0
-4.1 -36.7 -12.299999999999999 -90 0 0
-4.1 -36.7 -8.2 -90 0 0
-4.1 -36.7 -4.1 -90 0 0
-4.1 -36.7 0.0 -90 0 0
-4.1 -36.7 4.1 -90 0 0
-4.1 -36.7 8.2 -90 0 0
-4.1 -36.7 12.299999999999999 -90 0 0
-4.1 -36.7 16.4 -90 0 0
-4.1 -36.7 20.5 -90 0 0
-4.1 -36.7 24.599999999999998 -90 0 0
-4.1 -24.599999999999998 -36.7 180 0 0
-4.1 -24.599999999999998 36.7 0 0 0
-4.1 -20.5 -36.7 180 0 0
-4.1 -20.5 36.7 0 0 0
-4.1 -16.4 -36.7 180 0 0
-4.1 -16.4 36.7 0 0 0
-4.1 -12.299999999999999 -36.7 180 0 0
-4.1 -12.299999999999999 36.7 0 0 0
-4.1 -8.2 -36.7 180 0 0
-4.1 -8.2 36.7 0 0 0
-4.1 -4.1 -36.7 180 0 0
-4.1 -4.1 36.7 0 0 0
-4.1 0.0 -36.7 180 0 0
-4.1 0.0 36.7 0 0 0
-4.1 4.1 -36.7 180 0 0
-4.1 4.1 36.7 0 0 0
-4.1 8.2 -36.7 180 0 0
-4.1 8.2 36.7 0 0 0
-4.1 12.299999999999999 -36.7 180 0 0
-4.1 12.299999999999999 36.7 0 0 0
-4.1 16.4 -36.7 180 0 0
-4.1 16.4 36.7 0 0 0
-4.1 20.5 -36.7 180 0 0
-4.1 20.5 36.7 0 0 0
-4.1 24.599999999999998 -36.7 180 0 0
-4.1 24.599999999999998 36.7 0 0 0
-4.1 36.7 -24.599999999999998 90 0 0
-4.1 36.7 -20.5 90 0 0
-4.1 36.7 -16.4 90 0 0
-4.1 36.7 -12.299999999999999 90 0 0
-4.1 36.7 -8.2 90 0 0
-4.1 36.7 -4.1 90 0 0
-4.1 36.7 0.0 90 0 0
-4.1 36.7 4.1 90 0 0
-4.1 36.7 8.2 90 0 0
-4.1 36.7 12.299999999999999 90 0 0
-4.1 36.7 16.4 90 0 0
-4.1 36.7 20.5 90 0 0
-4.1 36.7 24.599999999999998 90 0 0
0.0 -36.7 -24.599999999999998 -90 0 0
0.0 -36.7 -20.5 -90 0 0
0.0 -36.7 -16.4 -90 0 0
0.0 -36.7 -12.299999999999999 -90 0 0
0.0 -36.7 -8.2 -90 0 0
0.0 -36.7 -4.1 -90 0 0
0.0 -36.7 0.0 -90 0 0
0.0 -36.7 4.1 -90 0 0
0.0 -36.7 8.2 -90 0 0
0.0 -36.7 12.299999999999999 -90 0 0
0.0 -36.7 16.4 -90 0 0
0.0 -36.7 20.5 -90 0 0
0.0 -36.7 24.599999999999998 -90 0 0
0.0 -24.599999999999998 -36.7 180 0 0
0.0 -24.599999999999998 36.7 0 0 0
0.0 -20.5 -36.7 180 0 0
0.0 -20.5 36.7 0 0 0
0.0 -16.4 -36.7 180 0 0
0.0 -16.4 36.7 0 0 0
0.0 -12.299999999999999 -36.7 180 0 0
0.0 -12.299999999999999 36.7 0 0 0
0.0 -8.2 -36.7 180 0 0
0.0 -8.2 36.7 0 0 0
0.0 -4.1 -36.7 180 0 0
0.0 -4.1 36.7 0 0 0
0.0 0.0 -36.7 180 0 0
0.0 0.0 36.7 0 0 0
0.0 4.1 -36.7 180 0 0
0.0 4.1 36.7 0 0 0
0.0 8.2 -36.7 180 0 0
0.0 8.2 36.7 0 0 0
0.0 12.299999999999999 -36.7 180 0 0
0.0 12.299999999999999 36.7 0 0 0
0.0 16.4 -36.7 180 0 0
0.0 16.4 36.7 0 0 0
0.0 20.5 -36.7 180 0 0
0.0 20.5 36.7 0 0 0
0.0 24.599999999999998 -36.7 180 0 0
0.0 24.599999999999998 36.7 0 0 0
0.0 36.7 -24.599999999999998 90 0 0
0.0 36.7 -20.5 90 0 0
0.0 36.7 -16.4 90 0 0
0.0 36.7 -12.299999999999999 90 0 0
0.0 36.7 -8.2 90 0 0
0.0 36.7 -4.1 90 0 0
0.0 36.7 0.0 90 0 0
0.0 36.7 4.1 90 0 0
0.0 36.7 8.2 90 0 0
0.0 36.7 12.299999999999999 90 0 0
0.0 36.7 16.4 90 0 0
0.0 36.7 20.5 90 0 0
0.0 36.7 24.599999999999998 90 0 0
4.1 -36.7 -24.599999999999998 -90 0 0
4.1 -36.7 -20.5 -90 0 0
4.1 -36.7 -16.4 -90 0 0
4.1 -36.7 -12.299999999999999 -90 0 0
4.1 -36.7 -8.2 -90 0 0
4.1 -36.7 -4.1 -90 0 0
4.1 -36.7 0.0 -90 0 0
4.1 -36.7 4.1 -90 0 0
4.1 -36.7 8.2 -90 0 0
4.1 -36.7 12.299999999999999 -90 0 0
4.1 -36.7 16.4 -90 0 0
4.1 -36.7 20.5 -90 0 0
4.1 -36.7 24.599999999999998 -90 0 0
4.1 -24.599999999999998 -36.7 180 0 0
4.1 -24.599999999999998 36.7 0 0 0
4.1 -20.5 -36.7 180 0 0
4.1 -20.5 36.7 0 0 0
4.1 -16.4 -36.7 180 0 0
4.1 -16.4 36.7 0 0 0
4.1 -12.299999999999999 -36.7 180 0 0
4.1 -12.299999999999999 36.7 0 0 0
4.1 -8.2 -36.7 180 0 0
4.1 -8.2 36.7 0 0 0
4.1 -4.1 -36.7 180 0 0
4.1 -4.1 36.7 0 0 0
4.1 0.0 -36.7 180 0 0
4.1 0.0 36.7 0 0 0
4.1 4.1 -36.7 180 0 0
4.1 4.1 36.7 0 0 0
4.1 8.2 -36.7 180 0 0
4.1 8.2 36.7 0 0 0
4.1 12.299999999999999 -36.7 180 0 0
4.1 12.299999999999999 36.7 0 0 0
4.1 16.4 -36.7 180 0 0
4.1 16.4 36.7 0 0 0
4.1 20.5 -36.7 180 0 0
4.1 20.5 36.7 0 0 0
4.1 24.599999999999998 -36.7 180 0 0
4.1 24.599999999999998 36.7 0 0 0
4.1 36.7 -24.599999999999998 90 0 0
4.1 36.7 -20.5 90 0 0
4.1 36.7 -16.4 90 0 0
4.1 36.7 -12.299999999999999 90 0 0
4.1 36.7 -8.2 90 0 0
4.1 36.7 -4.1 90 0 0
4.1 36.7 0.0 90 0 0
4.1 36.7 4.1 90 0 0
4.1 36.7 8.2 90 0 0
4.1 36.7 12.299999999999999 90 0 0
4.1 36.7 16.4 90 0 0
4.1 36.7 20.5 90 0 0
4.1 36.7 24.599999999999998 90 0 0
8.2 -36.7 -24.599999999999998 -90 0 0
8.2 -36.7 -20.5 -90 0 0
8.2 -36.7 -16.4 -90 0 0
8.2 -36.7 -12.299999999999999 -90 0 0
8.2 -36.7 -8.2 -90 0 0
8.2 -36.7 -4.1 -90 0 0
8.2 -36.7 0.0 -90 0 0
8.2 -36.7 4.1 -90 0 0
8.2 -36.7 8.2 -90 0 0
8.2 -36.7 12.299999999999999 -90 0 0
8.2 -36.7 16.4 -90 0 0
8.2 -36.7 20.5 -90 0 0
8.2 -36.7 24.599999999999998 -90 0 0
8.2 -24.599999999999998 -36.7 180 0 0
8.2 -24.599999999999998 36.7 0 0 0
8.2 -20.5 -36.7 180 0 0
8.2 -20.5 36.7 0 0 0
8.2 -16.4 -36.7 180 0 0
8.2 -16.4 36.7 0 0 0
8.2 -12.299999999999999 -36.7 180 0 0
8.2 -12.299999999999999 36.7 0 0 0
8.2 -8.2 -36.7 180 0 0
8.2 -8.2 36.7 0 0 0
8.2 -4.1 -36.7 180 0 0
8.2 -4.1 36.7 0 0 0
8.2 0.0 -36.7 180 0 0
8.2 0.0 36.7 0 0 0
8.2 4.1 -36.7 180 0 0
8.2 4.1 36.7 0 0 0
8.2 8.2 -36.7 180 0 0
8.2 8.2 36.7 0 0 0
8.2 12.299999999999999 -36.7 180 0 0
8.2 12.299999999999999 36.7 0 0 0
8.2 16.4 -36.7 180 0 0
8.2 16.4 36.7 0 0 0
8.2 20.5 -36.7 180 0 0
8.2 20.5 36.7 0 0 0
8.2 24.599999999999998 -36.7 180 0 0
8.2 24.599999999999998 36.7 0 0 0
8.2 36.7 -24.599999999999998 90 0 0
8.2 36.7 -20.5 90 0 0
8.2 36.7 -16.4 90 0 0
8.2 36.7 -12.299999999999999 90 0 0
8.2 36.7 -8.2 90 0 0
8.2 36.7 -4.1 90 0 0
8.2 36.7 0.0 90 0 0
8.2 36.7 4.1 90 0 0
8.2 36.7 8.2 90 0 0
8.2 36.7 12.299999999999999 90 0 0
8.2 36.7 16.4 90 0 0
8.2 36.7 20.5 90 0 0
8.2 36.7 24.599999999999998 90 0 0
12.299999999999999 -36.7 -24.599999999999998 -90 0 0
12.299999999999999 -36.7 -20.5 -90 0 0
12.299999999999999 -36.7 -16.4 -90 0 0
12.299999999999999 -36.7 -12.299999999999999 -90 0 0
12.299999999999999 -36.7 -8.2 -90 0 0
12.299999999999999 -36.7 -4.1 -90 0 0
12.299999999999999 -36.7 0.0 -90 0 0
12.299999999999999 -36.7 4.1 -90 0 0
12.299999999999999 -36.7 8.2 -90 0 0
12.299999999999999 -36.7 12.299999999999999 -90 0 0
12.299999999999999 -36.7 16.4 -90 0 0
12.299999999999999 -36.7 20.5 -90 0 0
12.299999999999999 -36.7 24.599999999999998 -90 0 0
12.299999999999999 -24.599999999999998 -36.7 180 0 0
12.299999999999999 -24.599999999999998 36.7 0 0 0
12.299999999999999 -20.5 -36.7 180 0 0
12.299999999999999 -20.5 36.7 0 0 0
12.299999999999999 -16.4 -36.7 180 0 0
12.299999999999999 -16.4 36.7 0 0 0
12.299999999999999 -12.299999999999999 -36.7 180 0 0
12.299999999999999 -12.299999999999999 36.7 0 0 0
12.299999999999999 -8.2 -36.7 180 0 0
12.299999999999999 -8.2 36.7 0 0 0
12.299999999999999 -4.1 -36.7 180 0 0
12.299999999999999 -4.1 36.7 0 0 0
12.299999999999999 0.0 -36.7 180 0 0
12.299999999999999 0.0 36.7 0 0 0
12.299999999999999 4.1 -36.7 180 0 0
12.299999999999999 4.1 36.7 0 0 0
12.299999999999999 8.2 -36.7 180 0 0
12.299999999999999 8.2 36.7 0 0 0
12.299999999999999 12.299999999999999 -36.7 180 0 0
12.299999999999999 12.299999999999999 36.7 0 0 0
12.299999999999999 16.4 -36.7 180 0 0
12.299999999999999 16.4 36.7 0 0 0
12.299999999999999 20.5 -36.7 180 0 0
12.299999999999999 20.5 36.7 0 0 0
12.299999999999999 24.599999999999998 -36.7 180 0 0
12.299999999999999 24.599999999999998 36.7 0 0 0
12.299999999999999 36.7 -24.599999999999998 90 0 0
12.299999999999999 36.7 -20.5 90 0 0
12.299999999999999 36.7 -16.4 90 0 0
12.299999999999999 36.7 -12.299999999999999 90 0 0
12.299999999999999 36.7 -8.2 90 0 0
12.299999999999999 36.7 -4.1 90 0 0
12.299999999999999 36.7 0.0 90 0 0
12.299999999999999 36.7 4.1 90 0 0
12.299999999999999 36.7 8.2 90 0 0
12.299999999999999 36.7 12.299999999999999 90 0 0
12.299999999999999 36.7 16.4 90 0 0
12.299999999999999 36.7 20.5 90 0 0
12.299999999999999 36.7 24.599999999999998 90 0 0
16.4 -36.7 -24.599999999999998 -90 0 0
16.4 -36.7 -20.5 -90 0 0
16.4 -36.7 -16.4 -90 0 0
16.4 -36.7 -12.299999999999999 -90 0 0
16.4 -36.7 -8.2 -90 0 0
16.4 -36.7 -4.1 -90 0 0
16.4 -36.7 0.0 -90 0 0
16.4 -36.7 4.1 -90 0 0
16.4 -36.7 8.2 -90 0 0
16.4 -36.7 12.299999999999999 -90 0 0
16.4 -36.7 16.4 -90 0 0
16.4 -36.7 20.5 -90 0 0
16.4 -36.7 24.599999999999998 -90 0 0
16.4 -24.599999999999998 -36.7 180 0 0
16.4 -24.599999999999998 36.7 0 0 0
16.4 -20.5 -36.7 180 0 0
16.4 -20.5 36.7 0 0 0
16.4 -16.4 -36.7 180 0 0
16.4 -16.4 36.7 0 0 0
16.4 -12.299999999999999 -36.7 180 0 0
16.4 -12.299999999999999 36.7 0 0 0
16.4 -8.2 -36.7 180 0 0
16.4 -8.2 36.7 0 0 0
16.4 -4.1 -36.7 180 0 0
16.4 -4.1 36.7 0 0 0
16.4 0.0 -36.7 180 0 0
16.4 0.0 36.7 0 0 0
16.4 4.1 -36.7 180 0 0
16.4 4.1 36.7 0 0 0
16.4 8.2 -36.7 180 0 0
16.4 8.2 36.7 0 0 0
16.4 12.299999999999999 -36.7 180 0 0
16.4 12.299999999999999 36.7 0 0 0
16.4 16.4 -36.7 180 0 0
16.4 16.4 36.7 0 0 0
16.4 20.5 -36.7 180 0 0
16.4 20.5 36.7 0 0 0
16.4 24.599999999999998 -36.7 180 0 0
16.4 24.599999999999998 36.7 0 0 0
16.4 36.7 -24.599999999999998 90 0 0
16.4 36.7 -20.5 90 0 0
16.4 36.7 -16.4 90 0 0
16.4 36.7 -12.299999999999999 90 0 0
16.4 36.7 -8.2 90 0 0
16.4 36.7 -4.1 90 0 0
16.4 36.7 0.0 90 0 0
16.4 36.7 4.1 90 0 0
16.4 36.7 8.2 90 0 0
16.4 36.7 12.299999999999999 90 0 0
16.4 36.7 16.4 90 0 0
16.4 36.7 20.5 90 0 0
16.4 36.7 24.599999999999998 90 0 0
20.5 -36.7 -24.599999999999998 -90 0 0
20.5 -36.7 -20.5 -90 0 0
20.5 -36.7 -16.4 -90 0 0
20.5 -36.7 -12.299999999999999 -90 0 0
20.5 -36.7 -8.2 -90 0 0
20.5 -36.7 -4.1 -90 0 0
20.5 -36.7 0.0 -90 0 0
20.5 -36.7 4.1 -90 0 0
20.5 -36.7 8.2 -90 0 0
20.5 -36.7 12.299999999999999 -90 0 0
20.5 -36.7 16.4 -90 0 0
20.5 -36.7 20.5 -90 0 0
20.5 -36.7 24.599999999999998 -90 0 0
20.5 -24.599999999999998 -36.7 180 0 0
20.5 -24.599999999999998 36.7 0 0 0
20.5 -20.5 -36.7 180 0 0
20.5 -20.5 36.7 0 0 0
20.5 -16.4 -36.7 180 0 0
20.5 -16.4 36.7 0 0 0
20.5 -12.299999999999999 -36.7 180 0 0
20.5 -12.299999999999999 36.7 0 0 0
20.5 -8.2 -36.7 180 0 0
20.5 -8.2 36.7 0 0 0
20.5 -4.1 -36.7 180 0 0
20.5 -4.1 36.7 0 0 0
20.5 0.0 -36.7 180 0 0
20.5 0.0 36.7 0 0 0
20.5 4.1 -36.7 180 0 0
20.5 4.1 36.7 0 0 0
20.5 8.2 -36.7 180 0 0
20.5 8.2 36.7 0 0 0
20.5 12.299999999999999 -36.7 180 0 0
20.5 12.299999999999999 36.7 0 0 0
20.5 16.4 -36.7 180 0 0
20.5 16.4 36.7 0 0 0
20.5 20.5 -36.7 180 0 0
20.5 20.5 36.7 0 0 0
20.5 24.599999999999998 -36.7 180 0 0
20.5 24.599999999999998 36.7 0 0 0
20.5 36.7 -24.599999999999998 90 0 0
20.5 36.7 -20.5 90 0 0
20.5 36.7 -16.4 90 0 0
20.5 36.7 -12.299999999999999 90 0 0
20.5 36.7 -8.2 90 0 0
20.5 36.7 -4.1 90 0 0
20.5 36.7 0.0 90 0 0
20.5 36.7 4.1 90 0 0
20.5 36.7 8.2 90 0 0
20.5 36.7 12.299999999999999 90 0 0
20.5 36.7 16.4 90 0 0
20.5 36.7 20.5 90 0 0
20.5 36.7 24.599999999999998 90 0 0
24.599999999999998 -36.7 -24.599999999999998 -90 0 0
24.599999999999998 -36.7 -20.5 -90 0 0
24.599999999999998 -36.7 -16.4 -90 0 0
24.599999999999998 -36.7 -12.299999999999999 -90 0 0
24.599999999999998 -36.7 -8.2 -90 0 0
24.599999999999998 -36.7 -4.1 -90 0 0
24.599999999999998 -36.7 0.0 -90 0 0
24.599999999999998 -36.7 4.1 -90 0 0
24.599999999999998 -36.7 8.2 -90 0 0
24.599999999999998 -36.7 12.299999999999999 -90 0 0
24.599999999999998 -36.7 16.4 -90 0 0
24.599999999999998 -36.7 20.5 -90 0 0
24.599999999999998 -36.7 24.599999999999998 -90 0 0
24.599999999999998 -24.599999999999998 -36.7 180 0 0
24.599999999999998 -24.599999999999998 36.7 0 0 0
24.599999999999998 -20.5 -36.7 180 0 0
24.599999999999998 -20.5 36.7 0 0 0
24.599999999999998 -16.4 -36.7 180 0 0
24.599999999999998 -16.4 36.7 0 0 0
24.599999999999998 -12.299999999999999 -36.7 180 0 0
24.599999999999998 -12.299999999999999 36.7 0 0 0
24.599999999999998 -8.2 -36.7 180 0 0
24.599999999999998 -8.2 36.7 0 0 0
24.599999999999998 -4.1 -36.7 180 0 0
24.599999999999998 -4.1 36.7 0 0 0
24.599999999999998 0.0 -36.7 180 0 0
24.599999999999998 0.0 36.7 0 0 0
24.599999999999998 4.1 -36.7 180 0 0
24.599999999999998 4.1 36.7 0 0 0
24.599999999999998 8.2 -36.7 180 0 0
24.599999999999998 8.2 36.7 0 0 0
24.599999999999998 12.299999999999999 -36.7 180 0 0
24.599999999999998 12.299999999999999 36.7 0 0 0
24.599999999999998 16.4 -36.7 180 0 0
24.599999999999998 16.4 36.7 0 0 0
24.599999999999998 20.5 -36.7 180 0 0
24.599999999999998 20.5 36.7 0 0 0
24.599999999999998 24.599999999999998 -36.7 180 0 0
24.599999999999998 24.599999999999998 36.7 0 0 0
24.599999999999998 36.7 -24.599999999999998 90 0 0
24.599999999999998 36.7 -20.5 90 0 0
24.599999999999998 36.7 -16.4 90 0 0
24.599999999999998 36.7 -12.299999999999999 90 0 0
24.599999999999998 36.7 -8.2 90 0 0
24.599999999999998 36.7 -4.1 90 0 0
24.599999999999998 36.7 0.0 90 0 0
24.599999999999998 36.7 4.1 90 0 0
24.599999999999998 36.7 8.2 90 0 0
24.599999999999998 36.7 12.299999999999999 90 0 0
24.599999999999998 36.7 16.4 90 0 0
24.599999999999998 36.7 20.5 90 0 0
24.599999999999998 36.7 24.599999999999998 90 0 0
36.7 -24.599999999999998 -24.599999999999998 0 90 0
36.7 -24.599999999999998 -20.5 0 90 0
36.7 -24.599999999999998 -16.4 0 90 0
36.7 -24.599999999999998 -12.299999999999999 0 90 0
36.7 -24.599999999999998 -8.2 0 90 0
36.7 -24.599999999999998 -4.1 0 90 0
36.7 -24.599999999999998 0.0 0 90 0
36.7 -24.599999999999998 4.1 0 90 0
36.7 -24.599999999999998 8.2 0 90 0
36.7 -24.599999999999998 12.299999999999999 0 90 0
36.7 -24.599999999999998 16.4 0 90 0
36.7 -24.599999999999998 20.5 0 90 0
36.7 -24.599999999999998 24.599999999999998 0 90 0
36.7 -20.5 -24.599999999999998 0 90 0
36.7 -20.5 -20.5 0 90 0
36.7 -20.5 -16.4 0 90 0
36.7 -20.5 -12.299999999999999 0 90 0
36.7 -20.5 -8.2 0 90 0
36.7 -20.5 -4.1 0 90 0
36.7 -20.5 0.0 0 90 0
36.7 -20.5 4.1 0 90 0
36.7 -20.5 8.2 0 90 0
36.7 -20.5 12.299999999999999 0 90 0
36.7 -20.5 16.4 0 90 0
36.7 -20.5 20.5 0 90 0
36.7 -20.5 24.599999999999998 0 90 0
36.7 -16.4 -24.599999999999998 0 90 0
36.7 -16.4 -20.5 0 90 0
36.7 -16.4 -16.4 0 90 0
36.7 -16.4 -12.299999999999999 0 90 0
36.7 -16.4 -8.2 0 90 0
36.7 -16.4 -4.1 0 90 0
36.7 -16.4 0.0 0 90 0
36.7 -16.4 4.1 0 90 0
36.7 -16.4 8.2 0 90 0
36.7 -16.4 12.299999999999999 0 90 0
36.7 -16.4 16.4 0 90 0
36.7 -16.4 20.5 0 90 0
36.7 -16.4 24.599999999999998 0 90 0
36.7 -12.299999999999999 -24.599999999999998 0 90 0
36.7 -12.299999999999999 -20.5 0 90 0
36.7 -12.299999999999999 -16.4 0 90 0
36.7 -12.299999999999999 -12.299999999999999 0 90 0
36.7 -12.299999999999999 -8.2 0 90 0
36.7 -12.299999999999999 -4.1 0 90 0
36.7 -12.299999999999999 0.0 0 90 0
36.7 -12.299999999999999 4.1 0 90 0
36.7 -12.299999999999999 8.2 0 90 0
36.7 -12.299999999999999 12.299999999999999 0 90 0
36.7 -12.299999999999999 16.4 0 90 0
36.7 -12.299999999999999 20.5 0 90 0
36.7 -12.299999999999999 24.599999999999998 0 90 0
36.7 -8.2 -24.599999999999998 0 90 0
36.7 -8.2 -20.5 0 90 0
36.7 -8.2 -16.4 0 90 0
36.7 -8.2 -12.299999999999999 0 90 0
36.7 -8.2 -8.2 0 90 0
36.7 -8.2 -4.1 0 90 0
36.7 -8.2 0.0 0 90 0
36.7 -8.2 4.1 0 90 0
36.7 -8.2 8.2 0 90 0
36.7 -8.2 12.299999999999999 0 90 0
36.7 -8.2 16.4 0 90 0
36.7 -8.2 20.5 0 90 0
36.7 -8.2 24.599999999999998 0 90 0
36.7 -4.1 -24.599999999999998 0 90 0
36.7 -4.1 -20.5 0 90 0
36.7 -4.1 -16.4 0 90 0
36.7 -4.1 -12.299999999999999 0 90 0
36.7 -4.1 -8.2 0 90 0
36.7 -4.1 -4.1 0 90 0
36.7 -4.1 0.0 0 90 0
36.7 -4.1 4.1 0 90 0
36.7 -4.1 8.2 0 90 0
36.7 -4.1 12.299999999999999 0 90 0
36.7 -4.1 16.4 0 90 0
36.7 -4.1 20.5 0 90 0
36.7 -4.1 24.599999999999998 0 90 0
36.7 0.0 -24.599999999999998 0 90 0
36.7 0.0 -20.5 0 90 0
36.7 0.0 -16.4 0 90 0
36.7 0.0 -12.299999999999999 0 90 0
36.7 0.0 -8.2 0 90 0
36.7 0.0 -4.1 0 90 0
36.7 0.0 0.0 0 90 0
36.7 0.0 4.1 0 90 0
36.7 0.0 8.2 0 90 0
36.7 0.0 12.299999999999999 0 90 0
36.7 0.0 16.4 0 90 0
36.7 0.0 20.5 0 90 0
36.7 0.0 24.599999999999998 0 90 0
36.7 4.1 -24.599999999999998 0 90 0
36.7 4.1 -20.5 0 90 0
36.7 4.1 -16.4 0 90 0
36.7 4.1 -12.299999999999999 0 90 0
36.7 4.1 -8.2 0 90 0
36.7 4.1 -4.1 0 90 0
36.7 4.1 0.0 0 90 0
36.7 4.1 4.1 0 90 0
36.7 4.1 8.2 0 90 0
36.7 4.1 12.299999999999999 0 90 0
36.7 4.1 16.4 0 90 0
36.7 4.1 20.5 0 90 0
36.7 4.1 24.599999999999998 0 90 0
36.7 8.2 -24.599999999999998 0 90 0
36.7 8.2 -20.5 0 90 0
36.7 8.2 -16.4 0 90 0
36.7 8.2 -12.299999999999999 0 90 0
36.7 8.2 -8.2 0 90 0
36.7 8.2 -4.1 0 90 0
36.7 8.2 0.0 0 90 0
36.7 8.2 4.1 0 90 0
36.7 8.2 8.2 0 90 0
36.7 8.2 12.299999999999999 0 90 0
36.7 8.2 16.4 0 90 0
36.7 8.2 20.5 0 90 0
36.7 8.2 24.599999999999998 0 90 0
36.7 12.299999999999999 -24.599999999999998 0 90 0
36.7 12.299999999999999 -20.5 0 90 0
36.7 12.299999999999999 -16.4 0 90 0
36.7 12.299999999999999 -12.299999999999999 0 90 0
36.7 12.299999999999999 -8.2 0 90 0
36.7 12.299999999999999 -4.1 0 90 0
36.7 12.299999999999999 0.0 0 90 0
36.7 12.299999999999999 4.1 0 90 0
36.7 12.299999999999999 8.2 0 90 0
36.7 12.299999999999999 12.299999999999999 0 90 0
36.7 12.299999999999999 16.4 0 90 0
36.7 12.299999999999999 20.5 0 90 0
36.7 12.299999999999999 24.599999999999998 0 90 0
36.7 16.4 -24.599999999999998 0 90 0
36.7 16.4 -20.5 0 90 0
36.7 16.4 -16.4 0 90 0
36.7 16.4 -12.299999999999999 0 90 0
36.7 16.4 -8.2 0 90 0
36.7 16.4 -4.1 0 90 0
36.7 16.4 0.0 0 90 0
36.7 16.4 4.1 0 90 0
36.7 16.4 8.2 0 90 0
36.7 16.4 12.299999999999999 0 90 0
36.7 16.4 16.4 0 90 0
36.7 16.4 20.5 0 90 0
36.7 16.4 24.599999999999998 0 90 0
36.7 20.5 -24.599999999999998 0 90 0
36.7 20.5 -20.5 0 90 0
36.7 20.5 -16.4 0 90 0
36.7 20.5 -12.299999999999999 0 90 0
36.7 20.5 -8.2 0 90 0
36.7 20.5 -4.1 0 90 0
36.7 20.5 0.0 0 90 0
36.7 20.5 4.1 0 90 0
36.7 20.5 8.2 0 90 0
36.7 20.5 12.299999999999999 0 90 0
36.7 20.5 16.4 0 90 0
36.7 20.5 20.5 0 90 0
36.7 20.5 24.599999999999998 0 90 0
36.7 24.599999999999998 -24.599999999999998 0 90 0
36.7 24.599999999999998 -20.5 0 90 0
36.7 24.599999999999998 -16.4 0 90 0
36.7 24.599999999999998 -12.299999999999999 0 90 0
36.7 24.599999999999998 -8.2 0 90 0
36.7 24.599999999999998 -4.1 0 90 0
36.7 24.599999999999998 0.0 0 90 0
36.7 24.599999999999998 4.1 0 90 0
36.7 24.599999999999998 8.2 0 90 0
36.7 24.599999999999998 12.299999999999999 0 90 0
36.7 24.599999999999998 16.4 0 90 0
36.7 24.599999999999998 20.5 0 90 0
36.7 24.599999999999998 24.599999999999998 0 90 0
