-44.89999999999999 -32.8 -32.8 0 -90 0
-44.89999999999999 -32.8 -28.699999999999996 0 -90 0
-44.89999999999999 -32.8 -24.599999999999998 0 -90 0
-44.89999999999999 -32.8 -20.5 0 -90 0
-44.89999999999999 -32.8 -16.4 0 -90 0
-44.89999999999999 -32.8 -12.299999999999999 0 -90 0
-44.89999999999999 -32.8 -8.2 0 -90 0
-44.89999999999999 -32.8 -4.1 0 -90 0
-44.89999999999999 -32.8 0.0 0 -90 0
-44.89999999999999 -32.8 4.1 0 -90 0
-44.89999999999999 -32.8 8.2 0 -90 0
-44.89999999999999 -32.8 12.299999999999999 0 -90 0
-44.89999999999999 -32.8 16.4 0 -90 0
-44.89999999999999 -32.8 20.5 0 -90 0
-44.89999999999999 -32.8 24.599999999999998 0 -90 0
-44.89999999999999 -32.8 28.699999999999996 0 -90 0
-44.89999999999999 -32.8 32.8 0 -90 0
-44.89999999999999 -28.699999999999996 -32.8 0 -90 0
-44.89999999999999 -28.699999999999996 -28.699999999999996 0 -90 0
-44.89999999999999 -28.699999999999996 -24.599999999999998 0 -90 0
-44.89999999999999 -28.699999999999996 -20.5 0 -90 0
-44.89999999999999 -28.699999999999996 -16.4 0 -90 0
-44.89999999999999 -28.699999999999996 -12.299999999999999 0 -90 0
-44.89999999999999 -28.699999999999996 -8.2 0 -90 0
-44.89999999999999 -28.699999999999996 -4.1 0 -90 0
-44.89999999999999 -28.699999999999996 0.0 0 -90 0
-44.89999999999999 -28.699999999999996 4.1 0 -90 0
-44.89999999999999 -28.699999999999996 8.2 0 -90 0
-44.89999999999999 -28.699999999999996 12.299999999999999 0 -90 0
-44.89999999999999 -28.699999999999996 16.4 0 -90 0
-44.89999999999999 -28.699999999999996 20.5 0 -90 0
-44.89999999999999 -28.699999999999996 24.599999999999998 0 -90 0
-44.89999999999999 -28.699999999999996 28.699999999999996 0 -90 0
-44.89999999999999 -28.699999999999996 32.8 0 -90 0
-44.89999999999999 -24.599999999999998 -32.8 0 -90 0
-44.89999999999999 -24.599999999999998 -28.699999999999996 0 -90 0
-44.89999999999999 -24.599999999999998 -24.599999999999998 0 -90 0
-44.89999999999999 -24.599999999999998 -20.5 0 -90 0
-44.89999999999999 -24.599999999999998 -16.4 0 -90 0
-44.89999999999999 -24.599999999999998 -12.299999999999999 0 -90 0
-44.89999999999999 -24.599999999999998 -8.2 0 -90 0
-44.89999999999999 -24.599999999999998 -4.1 0 -90 0
-44.89999999999999 -24.599999999999998 0.0 0 -90 0
-44.89999999999999 -24.599999999999998 4.1 0 -90 0
-44.89999999999999 -24.599999999999998 8.2 0 -90 0
-44.89999999999999 -24.599999999999998 12.299999999999999 0 -90 0
-44.89999999999999 -24.599999999999998 16.4 0 -90 0
-44.89999999999999 -24.599999999999998 20.5 0 -90 0
-44.89999999999999 -24.599999999999998 24.599999999999998 0 -90 0
-44.89999999999999 -24.599999999999998 28.699999999999996 0 -90 0
-44.89999999999999 -24.599999999999998 32.8 0 -90 0
-44.89999999999999 -20.5 -32.8 0 -90 0
-44.89999999999999 -20.5 -28.699999999999996 0 -90 0
-44.89999999999999 -20.5 -24.599999999999998 0 -90 0
-44.89999999999999 -20.5 -20.5 0 -90 0
-44.89999999999999 -20.5 -16.4 0 -90 0
-44.89999999999999 -20.5 -12.299999999999999 0 -90 0
-44.89999999999999 -20.5 -8.2 0 -90 0
-44.89999999999999 -20.5 -4.1 0 -90 0
-44.89999999999999 -20.5 0.0 0 -90 0
-44.89999999999999 -20.5 4.1 0 -90 0
-44.89999999999999 -20.5 8.2 0 -90 0
-44.89999999999999 -20.5 12.299999999999999 0 -90 0
-44.89999999999999 -20.5 16.4 0 -90 0
-44.89999999999999 -20.5 20.5 0 -90 0
-44.89999999999999 -20.5 24.599999999999998 0 -90 0
-44.89999999999999 -20.5 28.699999999999996 0 -90 0
-44.89999999999999 -20.5 32.8 0 -90 0
-44.89999999999999 -16.4 -32.8 0 -90 0
-44.89999999999999 -16.4 -28.699999999999996 0 -90 0
-44.89999999999999 -16.4 -24.599999999999998 0 -90 0
-44.89999999999999 -16.4 -20.5 0 -90 0
-44.89999999999999 -16.4 -16.4 0 -90 0
-44.89999999999999 -16.4 -12.299999999999999 0 -90 0
-44.89999999999999 -16.4 -8.2 0 -90 0
-44.89999999999999 -16.4 -4.1 0 -90 0
-44.89999999999999 -16.4 0.0 0 -90 0
-44.89999999999999 -16.4 4.1 0 -90 0
-44.89999999999999 -16.4 8.2 0 -90 0
-44.89999999999999 -16.4 12.299999999999999 0 -90 0
-44.89999999999999 -16.4 16.4 0 -90 0
-44.89999999999999 -16.4 20.5 0 -90 0
-44.89999999999999 -16.4 24.599999999999998 0 -90 0
-44.89999999999999 -16.4 28.699999999999996 0 -90 0
-44.89999999999999 -16.4 32.8 0 -90 0
-44.89999999999999 -12.299999999999999 -32.8 0 -90 0
-44.89999999999999 -12.299999999999999 -28.699999999999996 0 -90 0
-44.89999999999999 -12.299999999999999 -24.599999999999998 0 -90 0
-44.89999999999999 -12.299999999999999 -20.5 0 -90 0
-44.89999999999999 -12.299999999999999 -16.4 0 -90 0
-44.89999999999999 -12.299999999999999 -12.299999999999999 0 -90 0
-44.89999999999999 -12.299999999999999 -8.2 0 -90 0
-44.89999999999999 -12.299999999999999 -4.1 0 -90 0
-44.89999999999999 -12.299999999999999 0.0 0 -90 0
-44.89999999999999 -12.299999999999999 4.1 0 -90 0
-44.89999999999999 -12.299999999999999 8.2 0 -90 0
-44.89999999999999 -12.299999999999999 12.299999999999999 0 -90 0
-44.89999999999999 -12.299999999999999 16.4 0 -90 0
-44.89999999999999 -12.299999999999999 20.5 0 -90 0
-44.89999999999999 -12.299999999999999 24.599999999999998 0 -90 0
-44.89999999999999 -12.299999999999999 28.699999999999996 0 -90 0
-44.89999999999999 -12.299999999999999 32.8 0 -90 0
-44.89999999999999 -8.2 -32.8 0 -90 0
-44.89999999999999 -8.2 -28.699999999999996 0 -90 0
-44.89999999999999 -8.2 -24.599999999999998 0 -90 0
-44.89999999999999 -8.2 -20.5 0 -90 0
-44.89999999999999 -8.2 -16.4 0 -90 0
-44.89999999999999 -8.2 -12.299999999999999 0 -90 0
-44.89999999999999 -8.2 -8.2 0 -90 0
-44.89999999999999 -8.2 -4.1 0 -90 0
-44.89999999999999 -8.2 0.0 0 -90 0
-44.89999999999999 -8.2 4.1 0 -90 0
-44.89999999999999 -8.2 8.2 0 -90 0
-44.89999999999999 -8.2 12.299999999999999 0 -90 0
-44.89999999999999 -8.2 16.4 0 -90 0
-44.89999999999999 -8.2 20.5 0 -90 0
-44.89999999999999 -8.2 24.599999999999998 0 -90 0
-44.89999999999999 -8.2 28.699999999999996 0 -90 0
-44.89999999999999 -8.2 32.8 0 -90 0
-44.89999999999999 -4.1 -32.8 0 -90 0
-44.89999999999999 -4.1 -28.699999999999996 0 -90 0
-44.89999999999999 -4.1 -24.599999999999998 0 -90 0
-44.89999999999999 -4.1 -20.5 0 -90 0
-44.89999999999999 -4.1 -16.4 0 -90 0
-44.89999999999999 -4.1 -12.299999999999999 0 -90 0
-44.89999999999999 -4.1 -8.2 0 -90 0
-44.89999999999999 -4.1 -4.1 0 -90 0
-44.89999999999999 -4.1 0.0 0 -90 0
-44.89999999999999 -4.1 4.1 0 -90 0
-44.89999999999999 -4.1 8.2 0 -90 0
-44.89999999999999 -4.1 12.299999999999999 0 -90 0
-44.89999999999999 -4.1 16.4 0 -90 0
-44.89999999999999 -4.1 20.5 0 -90 0
-44.89999999999999 -4.1 24.599999999999998 0 -90 0
-44.89999999999999 -4.1 28.699999999999996 0 -90 0
-44.89999999999999 -4.1 32.8 0 -90 0
-44.89999999999999 0.0 -32.8 0 -90 0
-44.89999999999999 0.0 -28.699999999999996 0 -90 0
-44.89999999999999 0.0 -24.599999999999998 0 -90 0
-44.89999999999999 0.0 -20.5 0 -90 0
-44.89999999999999 0.0 -16.4 0 -90 0
-44.89999999999999 0.0 -12.299999999999999 0 -90 0
-44.89999999999999 0.0 -8.2 0 -90 0
-44.89999999999999 0.0 -4.1 0 -90 0
-44.89999999999999 0.0 0.0 0 -90 0
-44.89999999999999 0.0 4.1 0 -90 0
-44.89999999999999 0.0 8.2 0 -90 0
-44.89999999999999 0.0 12.299999999999999 0 -90 0
-44.89999999999999 0.0 16.4 0 -90 0
-44.89999999999999 0.0 20.5 0 -90 0
-44.89999999999999 0.0 24.599999999999998 0 -90 0
-44.89999999999999 0.0 28.699999999999996 0 -90 0
-44.89999999999999 0.0 32.8 0 -90 0
-44.89999999999999 4.1 -32.8 0 -90 0
-44.89999999999999 4.1 -28.699999999999996 0 -90 0
-44.89999999999999 4.1 -24.599999999999998 0 -90 0
-44.89999999999999 4.1 -20.5 0 -90 0
-44.89999999999999 4.1 -16.4 0 -90 0
-44.89999999999999 4.1 -12.299999999999999 0 -90 0
-44.89999999999999 4.1 -8.2 0 -90 0
-44.89999999999999 4.1 -4.1 0 -90 0
-44.89999999999999 4.1 0.0 0 -90 0
-44.89999999999999 4.1 4.1 0 -90 0
-44.89999999999999 4.1 8.2 0 -90 0
-44.89999999999999 4.1 12.299999999999999 0 -90 0
-44.89999999999999 4.1 16.4 0 -90 0
-44.89999999999999 4.1 20.5 0 -90 0
-44.89999999999999 4.1 24.599999999999998 0 -90 0
-44.89999999999999 4.1 28.699999999999996 0 -90 0
-44.89999999999999 4.1 32.8 0 -90 0
-44.89999999999999 8.2 -32.8 0 -90 0
-44.89999999999999 8.2 -28.699999999999996 0 -90 0
-44.89999999999999 8.2 -24.599999999999998 0 -90 0
-44.89999999999999 8.2 -20.5 0 -90 0
-44.89999999999999 8.2 -16.4 0 -90 0
-44.89999999999999 8.2 -12.299999999999999 0 -90 0
-44.89999999999999 8.2 -8.2 0 -90 0
-44.89999999999999 8.2 -4.1 0 -90 0
-44.89999999999999 8.2 0.0 0 -90 0
-44.89999999999999 8.2 4.1 0 -90 0
-44.89999999999999 8.2 8.2 0 -90 0
-44.89999999999999 8.2 12.299999999999999 0 -90 0
-44.89999999999999 8.2 16.4 0 -90 0
-44.89999999999999 8.2 20.5 0 -90 0
-44.89999999999999 8.2 24.599999999999998 0 -90 0
-44.89999999999999 8.2 28.699999999999996 0 -90 0
-44.89999999999999 8.2 32.8 0 -90 0
-44.89999999999999 12.299999999999999 -32.8 0 -90 0
-44.89999999999999 12.299999999999999 -28.699999999999996 0 -90 0
-44.89999999999999 12.299999999999999 -24.599999999999998 0 -90 0
-44.89999999999999 12.299999999999999 -20.5 0 -90 0
-44.89999999999999 12.299999999999999 -16.4 0 -90 0
-44.89999999999999 12.299999999999999 -12.299999999999999 0 -90 0
-44.89999999999999 12.299999999999999 -8.2 0 -90 0
-44.89999999999999 12.299999999999999 -4.1 0 -90 0
-44.89999999999999 12.299999999999999 0.0 0 -90 0
-44.89999999999999 12.299999999999999 4.1 0 -90 0
-44.89999999999999 12.299999999999999 8.2 0 -90 0
-44.89999999999999 12.299999999999999 12.299999999999999 0 -90 0
-44.89999999999999 12.299999999999999 16.4 0 -90 0
-44.89999999999999 12.299999999999999 20.5 0 -90 0
-44.89999999999999 12.299999999999999 24.599999999999998 0 -90 0
-44.89999999999999 12.299999999999999 28.699999999999996 0 -90 0
-44.89999999999999 12.299999999999999 32.8 0 -90 0
-44.89999999999999 16.4 -32.8 0 -90 0
-44.89999999999999 16.4 -28.699999999999996 0 -90 0
-44.89999999999999 16.4 -24.599999999999998 0 -90 0
-44.89999999999999 16.4 -20.5 0 -90 0
-44.89999999999999 16.4 -16.4 0 -90 0
-44.89999999999999 16.4 -12.299999999999999 0 -90 0
-44.89999999999999 16.4 -8.2 0 -90 0
-44.89999999999999 16.4 -4.1 0 -90 0
-44.89999999999999 16.4 0.0 0 -90 0
-44.89999999999999 16.4 4.1 0 -90 0
-44.89999999999999 16.4 8.2 0 -90 0
-44.89999999999999 16.4 12.299999999999999 0 -90 0
-44.89999999999999 16.4 16.4 0 -90 0
-44.89999999999999 16.4 20.5 0 -90 0
-44.89999999999999 16.4 24.599999999999998 0 -90 0
-44.89999999999999 16.4 28.699999999999996 0 -90 0
-44.89999999999999 16.4 32.8 0 -90 0
-44.89999999999999 20.5 -32.8 0 -90 0
-44.89999999999999 20.5 -28.699999999999996 0 -90 0
-44.89999999999999 20.5 -24.599999999999998 0 -90 0
-44.89999999999999 20.5 -20.5 0 -90 0
-44.89999999999999 20.5 -16.4 0 -90 0
-44.89999999999999 20.5 -12.299999999999999 0 -90 0
-44.89999999999999 20.5 -8.2 0 -90 0
-44.89999999999999 20.5 -4.1 0 -90 0
-44.89999999999999 20.5 0.0 0 -90 0
-44.89999999999999 20.5 4.1 0 -90 0
-44.89999999999999 20.5 8.2 0 -90 0
-44.89999999999999 20.5 12.299999999999999 0 -90 0
-44.89999999999999 20.5 16.4 0 -90 0
-44.89999999999999 20.5 20.5 0 -90 0
-44.89999999999999 20.5 24.599999999999998 0 -90 0
-44.89999999999999 20.5 28.699999999999996 0 -90 0
-44.89999999999999 20.5 32.8 0 -90 0
-44.89999999999999 24.599999999999998 -32.8 0 -90 0
-44.89999999999999 24.599999999999998 -28.699999999999996 0 -90 0
-44.89999999999999 24.599999999999998 -24.599999999999998 0 -90 0
-44.89999999999999 24.599999999999998 -20.5 0 -90 0
-44.89999999999999 24.599999999999998 -16.4 0 -90 0
-44.89999999999999 24.599999999999998 -12.299999999999999 0 -90 0
-44.89999999999999 24.599999999999998 -8.2 0 -90 0
-44.89999999999999 24.599999999999998 -4.1 0 -90 0
-44.89999999999999 24.599999999999998 0.0 0 -90 0
-44.89999999999999 24.599999999999998 4.1 0 -90 0
-44.89999999999999 24.599999999999998 8.2 0 -90 0
-44.89999999999999 24.599999999999998 12.299999999999999 0 -90 0
-44.89999999999999 24.599999999999998 16.4 0 -90 0
-44.89999999999999 24.599999999999998 20.5 0 -90 0
-44.89999999999999 24.599999999999998 24.599999999999998 0 -90 0
-44.89999999999999 24.599999999999998 28.699999999999996 0 -90 0
-44.89999999999999 24.599999999999998 32.8 0 -90 0
-44.89999999999999 28.699999999999996 -32.8 0 -90 0
-44.89999999999999 28.699999999999996 -28.699999999999996 0 -90 0
-44.89999999999999 28.699999999999996 -24.599999999999998 0 -90 0
-44.89999999999999 28.699999999999996 -20.5 0 -90 0
-44.89999999999999 28.699999999999996 -16.4 0 -90 0
-44.89999999999999 28.699999999999996 -12.299999999999999 0 -90 0
-44.89999999999999 28.699999999999996 -8.2 0 -90 0
-44.89999999999999 28.699999999999996 -4.1 0 -90 0
-44.89999999999999 28.699999999999996 0.0 0 -90 0
-44.89999999999999 28.699999999999996 4.1 0 -90 0
-44.89999999999999 28.699999999999996 8.2 0 -90 0
-44.89999999999999 28.699999999999996 12.299999999999999 0 -90 0
-44.89999999999999 28.699999999999996 16.4 0 -90 0
-44.89999999999999 28.699999999999996 20.5 0 -90 0
-44.89999999999999 28.699999999999996 24.599999999999998 0 -90 0
-44.89999999999999 28.699999999999996 28.699999999999996 0 -90 0
-44.89999999999999 28.699999999999996 32.8 0 -90 0
-44.89999999999999 32.8 -32.8 0 -90 0
-44.89999999999999 32.8 -28.699999999999996 0 -90 0
-44.89999999999999 32.8 -24.599999999999998 0 -90 0
-44.89999999999999 32.8 -20.5 0 -90 0
-44.89999999999999 32.8 -16.4 0 -90 0
-44.89999999999999 32.8 -12.299999999999999 0 -90 0
-44.89999999999999 32.8 -8.2 0 -90 0
-44.89999999999999 32.8 -4.1 0 -90 0
-44.89999999999999 32.8 0.0 0 -90 0
-44.89999999999999 32.8 4.1 0 -90 0
-44.89999999999999 32.8 8.2 0 -90 0
-44.89999999999999 32.8 12.299999999999999 0 -90 0
-44.89999999999999 32.8 16.4 0 -90 0
-44.89999999999999 32.8 20.5 0 -90 0
-44.89999999999999 32.8 24.599999999999998 0 -90 0
-44.89999999999999 32.8 28.699999999999996 0 -90 0
-44.89999999999999 32.8 32.8 0 -90 0
-32.8 -44.89999999999999 -32.8 -90 0 0
-32.8 -44.89999999999999 -28.699999999999996 -90 0 0
-32.8 -44.89999999999999 -24.599999999999998 -90 0 0
-32.8 -44.89999999999999 -20.5 -90 0 0
-32.8 -44.89999999999999 -16.4 -90 0 0
-32.8 -44.89999999999999 -12.299999999999999 -90 0 0
-32.8 -44.89999999999999 -8.2 -90 0 0
-32.8 -44.89999999999999 -4.1 -90 0 0
-32.8 -44.89999999999999 0.0 -90 0 0
-32.8 -44.89999999999999 4.1 -90 0 0
-32.8 -44.89999999999999 8.2 -90 0 0
-32.8 -44.89999999999999 12.299999999999999 -90 0 0
-32.8 -44.89999999999999 16.4 -90 0 0
-32.8 -44.89999999999999 20.5 -90 0 0
-32.8 -44.89999999999999 24.599999999999998 -90 0 0
-32.8 -44.89999999999999 28.699999999999996 -90 0 0
-32.8 -44.89999999999999 32.8 -90 0 0
-32.8 -32.8 -44.89999999999999 180 0 0
-32.8 -32.8 44.89999999999999 0 0 0
-32.8 -28.699999999999996 -44.89999999999999 180 0 0
-32.8 -28.699999999999996 44.89999999999999 0 0 0
-32.8 -24.599999999999998 -44.89999999999999 180 0 0
-32.8 -24.599999999999998 44.89999999999999 0 0 0
-32.8 -20.5 -44.89999999999999 180 0 0
-32.8 -20.5 44.89999999999999 0 0 0
-32.8 -16.4 -44.89999999999999 180 0 0
-32.8 -16.4 44.89999999999999 0 0 0
-32.8 -12.299999999999999 -44.89999999999999 180 0 0
-32.8 -12.299999999999999 44.89999999999999 0 0 0
-32.8 -8.2 -44.89999999999999 180 0 0
-32.8 -8.2 44.89999999999999 0 0 0
-32.8 -4.1 -44.89999999999999 180 0 0
-32.8 -4.1 44.89999999999999 0 0 0
-32.8 0.0 -44.89999999999999 180 0 0
-32.8 0.0 44.89999999999999 0 0 0
-32.8 4.1 -44.89999999999999 180 0 0
-32.8 4.1 44.89999999999999 0 0 0
-32.8 8.2 -44.89999999999999 180 0 0
-32.8 8.2 44.89999999999999 0 0 0
-32.8 12.299999999999999 -44.89999999999999 180 0 0
-32.8 12.299999999999999 44.89999999999999 0 0 0
-32.8 16.4 -44.89999999999999 180 0 0
-32.8 16.4 44.89999999999999 0 0 0
-32.8 20.5 -44.89999999999999 180 0 0
-32.8 20.5 44.89999999999999 0 0 0
-32.8 24.599999999999998 -44.89999999999999 180 0 0
-32.8 24.599999999999998 44.89999999999999 0 0 0
-32.8 28.699999999999996 -44.89999999999999 180 0 0
-32.8 28.699999999999996 44.89999999999999 0 0 0
-32.8 32.8 -44.89999999999999 180 0 0
-32.8 32.8 44.89999999999999 0 0 0
-32.8 44.89999999999999 -32.8 90 0 0
-32.8 44.89999999999999 -28.699999999999996 90 0 0
-32.8 44.89999999999999 -24.599999999999998 90 0 0
-32.8 44.89999999999999 -20.5 90 0 0
-32.8 44.89999999999999 -16.4 90 0 0
-32.8 44.89999999999999 -12.299999999999999 90 0 0
-32.8 44.89999999999999 -8.2 90 0 0
-32.8 44.89999999999999 -4.1 90 0 0
-32.8 44.89999999999999 0.0 90 0 0
-32.8 44.89999999999999 4.1 90 0 0
-32.8 44.89999999999999 8.2 90 0 0
-32.8 44.89999999999999 12.299999999999999 90 0 0
-32.8 44.89999999999999 16.4 90 0 0
-32.8 44.89999999999999 20.5 90 0 0
-32.8 44.89999999999999 24.599999999999998 90 0 0
-32.8 44.89999999999999 28.699999999999996 90 0 0
-32.8 44.89999999999999 32.8 90 0 0
-28.699999999999996 -44.89999999999999 -32.8 -90 0 0
-28.699999999999996 -44.89999999999999 -28.699999999999996 -90 0 0
-28.699999999999996 -44.89999999999999 -24.599999999999998 -90 0 0
-28.699999999999996 -44.89999999999999 -20.5 -90 0 0
-28.699999999999996 -44.89999999999999 -16.4 -90 0 0
-28.699999999999996 -44.89999999999999 -12.299999999999999 -90 0 0
-28.699999999999996 -44.89999999999999 -8.2 -90 0 0
-28.699999999999996 -44.89999999999999 -4.1 -90 0 0
-28.699999999999996 -44.89999999999999 0.0 -90 0 0
-28.699999999999996 -44.89999999999999 4.1 -90 0 0
-28.699999999999996 -44.89999999999999 8.2 -90 0 0
-28.699999999999996 -44.89999999999999 12.299999999999999 -90 0 0
-28.699999999999996 -44.89999999999999 16.4 -90 0 0
-28.699999999999996 -44.89999999999999 20.5 -90 0 0
-28.699999999999996 -44.89999999999999 24.599999999999998 -90 0 0
-28.699999999999996 -44.89999999999999 28.699999999999996 -90 0 0
-28.699999999999996 -44.89999999999999 32.8 -90 0 0
-28.699999999999996 -32.8 -44.89999999999999 180 0 0
-28.699999999999996 -32.8 44.89999999999999 0 0 0
-28.699999999999996 -28.699999999999996 -44.89999999999999 180 0 0
-28.699999999999996 -28.699999999999996 44.89999999999999 0 0 0
-28.699999999999996 -24.599999999999998 -44.89999999999999 180 0 0
-28.699999999999996 -24.599999999999998 44.89999999999999 0 0 0
-28.699999999999996 -20.5 -44.89999999999999 180 0 0
-28.699999999999996 -20.5 44.89999999999999 0 0 0
-28.699999999999996 -16.4 -44.89999999999999 180 0 0
-28.699999999999996 -16.4 44.89999999999999 0 0 0
-28.699999999999996 -12.299999999999999 -44.89999999999999 180 0 0
-28.699999999999996 -12.299999999999999 44.89999999999999 0 0 0
-28.699999999999996 -8.2 -44.89999999999999 180 0 0
-28.699999999999996 -8.2 44.89999999999999 0 0 0
-28.699999999999996 -4.1 -44.89999999999999 180 0 0
-28.699999999999996 -4.1 44.89999999999999 0 0 0
-28.699999999999996 0.0 -44.89999999999999 180 0 0
-28.699999999999996 0.0 44.89999999999999 0 0 0
-28.699999999999996 4.1 -44.89999999999999 180 0 0
-28.699999999999996 4.1 44.89999999999999 0 0 0
-28.699999999999996 8.2 -44.89999999999999 180 0 0
-28.699999999999996 8.2 44.89999999999999 0 0 0
-28.699999999999996 12.299999999999999 -44.89999999999999 180 0 0
-28.699999999999996 12.299999999999999 44.89999999999999 0 0 0
-28.699999999999996 16.4 -44.89999999999999 180 0 0
-28.699999999999996 16.4 44.89999999999999 0 0 0
-28.699999999999996 20.5 -44.89999999999999 180 0 0
-28.699999999999996 20.5 44.89999999999999 0 0 0
-28.699999999999996 24.599999999999998 -44.89999999999999 180 0 0
-28.699999999999996 24.599999999999998 44.89999999999999 0 0 0
-28.699999999999996 28.699999999999996 -44.89999999999999 180 0 0
-28.699999999999996 28.699999999999996 44.89999999999999 0 0 0
-28.699999999999996 32.8 -44.89999999999999 180 0 0
-28.699999999999996 32.8 44.89999999999999 0 0 0
-28.699999999999996 44.89999999999999 -32.8 90 0 0
-28.699999999999996 44.89999999999999 -28.699999999999996 90 0 0
-28.699999999999996 44.89999999999999 -24.599999999999998 90 0 0
-28.699999999999996 44.89999999999999 -20.5 90 0 0
-28.699999999999996 44.89999999999999 -16.4 90 0 0
-28.699999999999996 44.89999999999999 -12.299999999999999 90 0 0
-28.699999999999996 44.89999999999999 -8.2 90 0 0
-28.699999999999996 44.89999999999999 -4.1 90 0 0
-28.699999999999996 44.89999999999999 0.0 90 0 0
-28.699999999999996 44.89999999999999 4.1 90 0 0
-28.699999999999996 44.89999999999999 8.2 90 0 0
-28.699999999999996 44.89999999999999 12.299999999999999 90 0 0
-28.699999999999996 44.89999999999999 16.4 90 0 0
-28.699999999999996 44.89999999999999 20.5 90 0 0
-28.699999999999996 44.89999999999999 24.599999999999998 90 0 0
-28.699999999999996 44.89999999999999 28.699999999999996 90 0 0
-28.699999999999996 44.89999999999999 32.8 90 0 0
-24.599999999999998 -44.89999999999999 -32.8 -90 0 0
-24.599999999999998 -44.89999999999999 -28.699999999999996 -90 0 0
-24.599999999999998 -44.89999999999999 -24.599999999999998 -90 0 0
-24.599999999999998 -44.89999999999999 -20.5 -90 0 0
-24.599999999999998 -44.89999999999999 -16.4 -90 0 0
-24.599999999999998 -44.89999999999999 -12.299999999999999 -90 0 0
-24.599999999999998 -44.89999999999999 -8.2 -90 0 0
-24.599999999999998 -44.89999999999999 -4.1 -90 0 0
-24.599999999999998 -44.89999999999999 0.0 -90 0 0
-24.599999999999998 -44.89999999999999 4.1 -90 0 0
-24.599999999999998 -44.89999999999999 8.2 -90 0 0
-24.599999999999998 -44.89999999999999 12.299999999999999 -90 0 0
-24.599999999999998 -44.89999999999999 16.4 -90 0 0
-24.599999999999998 -44.89999999999999 20.5 -90 0 0
-24.599999999999998 -44.89999999999999 24.599999999999998 -90 0 0
-24.599999999999998 -44.89999999999999 28.699999999999996 -90 0 0
-24.599999999999998 -44.89999999999999 32.8 -90 0 0
-24.599999999999998 -32.8 -44.89999999999999 180 0 0
-24.599999999999998 -32.8 44.89999999999999 0 0 0
-24.599999999999998 -28.699999999999996 -44.89999999999999 180 0 0
-24.599999999999998 -28.699999999999996 44.89999999999999 0 0 0
-24.599999999999998 -24.599999999999998 -44.89999999999999 180 0 0
-24.599999999999998 -24.599999999999998 44.89999999999999 0 0 0
-24.599999999999998 -20.5 -44.89999999999999 180 0 0
-24.599999999999998 -20.5 44.89999999999999 0 0 0
-24.599999999999998 -16.4 -44.89999999999999 180 0 0
-24.599999999999998 -16.4 44.89999999999999 0 0 0
-24.599999999999998 -12.299999999999999 -44.89999999999999 180 0 0
-24.599999999999998 -12.299999999999999 44.89999999999999 0 0 0
-24.599999999999998 -8.2 -44.89999999999999 180 0 0
-24.599999999999998 -8.2 44.89999999999999 0 0 0
-24.599999999999998 -4.1 -44.89999999999999 180 0 0
-24.599999999999998 -4.1 44.89999999999999 0 0 0
-24.599999999999998 0.0 -44.89999999999999 180 0 0
-24.599999999999998 0.0 44.89999999999999 0 0 0
-24.599999999999998 4.1 -44.89999999999999 180 0 0
-24.599999999999998 4.1 44.89999999999999 0 0 0
-24.599999999999998 8.2 -44.89999999999999 180 0 0
-24.599999999999998 8.2 44.89999999999999 0 0 0
-24.599999999999998 12.299999999999999 -44.89999999999999 180 0 0
-24.599999999999998 12.299999999999999 44.89999999999999 0 0 0
-24.599999999999998 16.4 -44.89999999999999 180 0 0
-24.599999999999998 16.4 44.89999999999999 0 0 0
-24.599999999999998 20.5 -44.89999999999999 180 0 0
-24.599999999999998 20.5 44.89999999999999 0 0 0
-24.599999999999998 24.599999999999998 -44.89999999999999 180 0 0
-24.599999999999998 24.599999999999998 44.89999999999999 0 0 0
-24.599999999999998 28.699999999999996 -44.89999999999999 180 0 0
-24.599999999999998 28.699999999999996 44.89999999999999 0 0 0
-24.599999999999998 32.8 -44.89999999999999 180 0 0
-24.599999999999998 32.8 44.89999999999999 0 0 0
-24.599999999999998 44.89999999999999 -32.8 90 0 0
-24.599999999999998 44.89999999999999 -28.699999999999996 90 0 0
-24.599999999999998 44.89999999999999 -24.599999999999998 90 0 0
-24.599999999999998 44.89999999999999 -20.5 90 0 0
-24.599999999999998 44.89999999999999 -16.4 90 0 0
-24.599999999999998 44.89999999999999 -12.299999999999999 90 0 0
-24.599999999999998 44.89999999999999 -8.2 90 0 0
-24.599999999999998 44.89999999999999 -4.1 90 0 0
-24.599999999999998 44.89999999999999 0.0 90 0 0
-24.599999999999998 44.89999999999999 4.1 90 0 0
-24.599999999999998 44.89999999999999 8.2 90 0 0
-24.599999999999998 44.89999999999999 12.299999999999999 90 0 0
-24.599999999999998 44.89999999999999 16.4 90 0 0
-24.599999999999998 44.89999999999999 20.5 90 0 0
-24.599999999999998 44.89999999999999 24.599999999999998 90 0 0
-24.599999999999998 44.89999999999999 28.699999999999996 90 0 0
-24.599999999999998 44.89999999999999 32.8 90 0 0
-20.5 -44.89999999999999 -32.8 -90 0 0
-20.5 -44.89999999999999 -28.699999999999996 -90 0 0
-20.5 -44.89999999999999 -24.599999999999998 -90 0 0
-20.5 -44.89999999999999 -20.5 -90 0 0
-20.5 -44.89999999999999 -16.4 -90 0 0
-20.5 -44.89999999999999 -12.299999999999999 -90 0 0
-20.5 -44.89999999999999 -8.2 -90 0 0
-20.5 -44.89999999999999 -4.1 -90 0 0
-20.5 -44.89999999999999 0.0 -90 0 0
-20.5 -44.89999999999999 4.1 -90 0 0
-20.5 -44.89999999999999 8.2 -90 0 0
-20.5 -44.89999999999999 12.299999999999999 -90 0 0
-20.5 -44.89999999999999 16.4 -90 0 0
-20.5 -44.89999999999999 20.5 -90 0 0
-20.5 -44.89999999999999 24.599999999999998 -90 0 0
-20.5 -44.89999999999999 28.699999999999996 -90 0 0
-20.5 -44.89999999999999 32.8 -90 0 0
-20.5 -32.8 -44.89999999999999 180 0 0
-20.5 -32.8 44.89999999999999 0 0 0
-20.5 -28.699999999999996 -44.89999999999999 180 0 0
-20.5 -28.699999999999996 44.89999999999999 0 0 0
-20.5 -24.599999999999998 -44.89999999999999 180 0 0
-20.5 -24.599999999999998 44.89999999999999 0 0 0
-20.5 -20.5 -44.89999999999999 180 0 0
-20.5 -20.5 44.89999999999999 0 0 0
-20.5 -16.4 -44.89999999999999 180 0 0
-20.5 -16.4 44.89999999999999 0 0 0
-20.5 -12.299999999999999 -44.89999999999999 180 0 0
-20.5 -12.299999999999999 44.89999999999999 0 0 0
-20.5 -8.2 -44.89999999999999 180 0 0
-20.5 -8.2 44.89999999999999 0 0 0
-20.5 -4.1 -44.89999999999999 180 0 0
-20.5 -4.1 44.89999999999999 0 0 0
-20.5 0.0 -44.89999999999999 180 0 0
-20.5 0.0 44.89999999999999 0 0 0
-20.5 4.1 -44.89999999999999 180 0 0
-20.5 4.1 44.89999999999999 0 0 0
-20.5 8.2 -44.89999999999999 180 0 0
-20.5 8.2 44.89999999999999 0 0 0
-20.5 12.299999999999999 -44.89999999999999 180 0 0
-20.5 12.299999999999999 44.89999999999999 0 0 0
-20.5 16.4 -44.89999999999999 180 0 0
-20.5 16.4 44.89999999999999 0 0 0
-20.5 20.5 -44.89999999999999 180 0 0
-20.5 20.5 44.89999999999999 0 0 0
-20.5 24.599999999999998 -44.89999999999999 180 0 0
-20.5 24.599999999999998 44.89999999999999 0 0 0
-20.5 28.699999999999996 -44.89999999999999 180 0 0
-20.5 28.699999999999996 44.89999999999999 0 0 0
-20.5 32.8 -44.89999999999999 180 0 0
-20.5 32.8 44.89999999999999 0 0 0
-20.5 44.89999999999999 -32.8 90 0 0
-20.5 44.89999999999999 -28.699999999999996 90 0 0
-20.5 44.89999999999999 -24.599999999999998 90 0 0
-20.5 44.89999999999999 -20.5 90 0 0
-20.5 44.89999999999999 -16.4 90 0 0
-20.5 44.89999999999999 -12.299999999999999 90 0 0
-20.5 44.89999999999999 -8.2 90 0 0
-20.5 44.89999999999999 -4.1 90 0 0
-20.5 44.89999999999999 0.0 90 0 0
-20.5 44.89999999999999 4.1 90 0 0
-20.5 44.89999999999999 8.2 90 0 0
-20.5 44.89999999999999 12.299999999999999 90 0 0
-20.5 44.89999999999999 16.4 90 0 0
-20.5 44.89999999999999 20.5 90 0 0
-20.5 44.89999999999999 24.599999999999998 90 0 0
-20.5 44.89999999999999 28.699999999999996 90 0 0
-20.5 44.89999999999999 32.8 90 0 0
-16.4 -44.89999999999999 -32.8 -90 0 0
-16.4 -44.89999999999999 -28.699999999999996 -90 0 0
-16.4 -44.89999999999999 -24.599999999999998 -90 0 0
-16.4 -44.89999999999999 -20.5 -90 0 0
-16.4 -44.89999999999999 -16.4 -90 0 0
-16.4 -44.89999999999999 -12.299999999999999 -90 0 0
-16.4 -44.89999999999999 -8.2 -90 0 0
-16.4 -44.89999999999999 -4.1 -90 0 0
-16.4 -44.89999999999999 0.0 -90 0 0
-16.4 -44.89999999999999 4.1 -90 0 0
-16.4 -44.89999999999999 8.2 -90 0 0
-16.4 -44.89999999999999 12.299999999999999 -90 0 0
-16.4 -44.89999999999999 16.4 -90 0 0
-16.4 -44.89999999999999 20.5 -90 0 0
-16.4 -44.89999999999999 24.599999999999998 -90 0 0
-16.4 -44.89999999999999 28.699999999999996 -90 0 0
-16.4 -44.89999999999999 32.8 -90 0 0
-16.4 -32.8 -44.89999999999999 180 0 0
-16.4 -32.8 44.89999999999999 0 0 0
-16.4 -28.699999999999996 -44.89999999999999 180 0 0
-16.4 -28.699999999999996 44.89999999999999 0 0 0
-16.4 -24.599999999999998 -44.89999999999999 180 0 0
-16.4 -24.599999999999998 44.89999999999999 0 0 0
-16.4 -20.5 -44.89999999999999 180 0 0
-16.4 -20.5 44.89999999999999 0 0 0
-16.4 -16.4 -44.89999999999999 180 0 0
-16.4 -16.4 44.89999999999999 0 0 0
-16.4 -12.299999999999999 -44.89999999999999 180 0 0
-16.4 -12.299999999999999 44.89999999999999 0 0 0
-16.4 -8.2 -44.89999999999999 180 0 0
-16.4 -8.2 44.89999999999999 0 0 0
-16.4 -4.1 -44.89999999999999 180 0 0
-16.4 -4.1 44.89999999999999 0 0 0
-16.4 0.0 -44.89999999999999 180 0 0
-16.4 0.0 44.89999999999999 0 0 0
-16.4 4.1 -44.89999999999999 180 0 0
-16.4 4.1 44.89999999999999 0 0 0
-16.4 8.2 -44.89999999999999 180 0 0
-16.4 8.2 44.89999999999999 0 0 0
-16.4 12.299999999999999 -44.89999999999999 180 0 0
-16.4 12.299999999999999 44.89999999999999 0 0 0
-16.4 16.4 -44.89999999999999 180 0 0
-16.4 16.4 44.89999999999999 0 0 0
-16.4 20.5 -44.89999999999999 180 0 0
-16.4 20.5 44.89999999999999 0 0 0
-16.4 24.599999999999998 -44.89999999999999 180 0 0
-16.4 24.599999999999998 44.89999999999999 0 0 0
-16.4 28.699999999999996 -44.89999999999999 180 0 0
-16.4 28.699999999999996 44.89999999999999 0 0 0
-16.4 32.8 -44.89999999999999 180 0 0
-16.4 32.8 44.89999999999999 0 0 0
-16.4 44.89999999999999 -32.8 90 0 0
-16.4 44.89999999999999 -28.699999999999996 90 0 0
-16.4 44.89999999999999 -24.599999999999998 90 0 0
-16.4 44.89999999999999 -20.5 90 0 0
-16.4 44.89999999999999 -16.4 90 0 0
-16.4 44.89999999999999 -12.299999999999999 90 0 0
-16.4 44.89999999999999 -8.2 90 0 0
-16.4 44.89999999999999 -4.1 90 0 0
-16.4 44.89999999999999 0.0 90 0 0
-16.4 44.89999999999999 4.1 90 0 0
-16.4 44.89999999999999 8.2 90 0 0
-16.4 44.89999999999999 12.299999999999999 90 0 0
-16.4 44.89999999999999 16.4 90 0 0
-16.4 44.89999999999999 20.5 90 0 0
-16.4 44.89999999999999 24.599999999999998 90 0 0
-16.4 44.89999999999999 28.699999999999996 90 0 0
-16.4 44.89999999999999 32.8 90 0 0
-12.299999999999999 -44.89999999999999 -32.8 -90 0 0
-12.299999999999999 -44.89999999999999 -28.699999999999996 -90 0 0
-12.299999999999999 -44.89999999999999 -24.599999999999998 -90 0 0
-12.299999999999999 -44.89999999999999 -20.5 -90 0 0
-12.299999999999999 -44.89999999999999 -16.4 -90 0 0
-12.299999999999999 -44.89999999999999 -12.299999999999999 -90 0 0
-12.299999999999999 -44.89999999999999 -8.2 -90 0 0
-12.299999999999999 -44.89999999999999 -4.1 -90 0 0
-12.299999999999999 -44.89999999999999 0.0 -90 0 0
-12.299999999999999 -44.89999999999999 4.1 -90 0 0
-12.299999999999999 -44.89999999999999 8.2 -90 0 0
-12.299999999999999 -44.89999999999999 12.299999999999999 -90 0 0
-12.299999999999999 -44.89999999999999 16.4 -90 0 0
-12.299999999999999 -44.89999999999999 20.5 -90 0 0
-12.299999999999999 -44.89999999999999 24.599999999999998 -90 0 0
-12.299999999999999 -44.89999999999999 28.699999999999996 -90 0 0
-12.299999999999999 -44.89999999999999 32.8 -90 0 0
-12.299999999999999 -32.8 -44.89999999999999 180 0 0
-12.299999999999999 -32.8 44.89999999999999 0 0 0
-12.299999999999999 -28.699999999999996 -44.89999999999999 180 0 0
-12.299999999999999 -28.699999999999996 44.89999999999999 0 0 0
-12.299999999999999 -24.599999999999998 -44.89999999999999 180 0 0
-12.299999999999999 -24.599999999999998 44.89999999999999 0 0 0
-12.299999999999999 -20.5 -44.89999999999999 180 0 0
-12.299999999999999 -20.5 44.89999999999999 0 0 0
-12.299999999999999 -16.4 -44.89999999999999 180 0 0
-12.299999999999999 -16.4 44.89999999999999 0 0 0
-12.299999999999999 -12.299999999999999 -44.89999999999999 180 0 0
-12.299999999999999 -12.299999999999999 44.89999999999999 0 0 0
-12.299999999999999 -8.2 -44.89999999999999 180 0 0
-12.299999999999999 -8.2 44.89999999999999 0 0 0
-12.299999999999999 -4.1 -44.89999999999999 180 0 0
-12.299999999999999 -4.1 44.89999999999999 0 0 0
-12.299999999999999 0.0 -44.89999999999999 180 0 0
-12.299999999999999 0.0 44.89999999999999 0 0 0
-12.299999999999999 4.1 -44.89999999999999 180 0 0
-12.299999999999999 4.1 44.89999999999999 0 0 0
-12.299999999999999 8.2 -44.89999999999999 180 0 0
-12.299999999999999 8.2 44.89999999999999 0 0 0
-12.299999999999999 12.299999999999999 -44.89999999999999 180 0 0
-12.299999999999999 12.299999999999999 44.89999999999999 0 0 0
-12.299999999999999 16.4 -44.89999999999999 180 0 0
-12.299999999999999 16.4 44.89999999999999 0 0 0
-12.299999999999999 20.5 -44.89999999999999 180 0 0
-12.299999999999999 20.5 44.89999999999999 0 0 0
-12.299999999999999 24.599999999999998 -44.89999999999999 180 0 0
-12.299999999999999 24.599999999999998 44.89999999999999 0 0 0
-12.299999999999999 28.699999999999996 -44.89999999999999 180 0 0
-12.299999999999999 28.699999999999996 44.89999999999999 0 0 0
-12.299999999999999 32.8 -44.89999999999999 180 0 0
-12.299999999999999 32.8 44.89999999999999 0 0 0
-12.299999999999999 44.89999999999999 -32.8 90 0 0
-12.299999999999999 44.89999999999999 -28.699999999999996 90 0 0
-12.299999999999999 44.89999999999999 -24.599999999999998 90 0 0
-12.299999999999999 44.89999999999999 -20.5 90 0 0
-12.299999999999999 44.89999999999999 -16.4 90 0 0
-12.299999999999999 44.89999999999999 -12.299999999999999 90 0 0
-12.299999999999999 44.89999999999999 -8.2 90 0 0
-12.299999999999999 44.89999999999999 -4.1 90 0 0
-12.299999999999999 44.89999999999999 0.0 90 0 0
-12.299999999999999 44.89999999999999 4.1 90 0 0
-12.299999999999999 44.89999999999999 8.2 90 0 0
-12.299999999999999 44.89999999999999 12.299999999999999 90 0 0
-12.299999999999999 44.89999999999999 16.4 90 0 0
-12.299999999999999 44.89999999999999 20.5 90 0 0
-12.299999999999999 44.89999999999999 24.599999999999998 90 0 0
-12.299999999999999 44.89999999999999 28.699999999999996 90 0 0
-12.299999999999999 44.89999999999999 32.8 90 0 0
-8.2 -44.89999999999999 -32.8 -90 0 0
-8.2 -44.89999999999999 -28.699999999999996 -90 0 0
-8.2 -44.89999999999999 -24.599999999999998 -90 0 0
-8.2 -44.89999999999999 -20.5 -90 0 0
-8.2 -44.89999999999999 -16.4 -90 0 0
-8.2 -44.89999999999999 -12.299999999999999 -90 0 0
-8.2 -44.89999999999999 -8.2 -90 0 0
-8.2 -44.89999999999999 -4.1 -90 0 0
-8.2 -44.89999999999999 0.0 -90 0 0
-8.2 -44.89999999999999 4.1 -90 0 0
-8.2 -44.89999999999999 8.2 -90 0 0
-8.2 -44.89999999999999 12.299999999999999 -90 0 0
-8.2 -44.89999999999999 16.4 -90 0 0
-8.2 -44.89999999999999 20.5 -90 0 0
-8.2 -44.89999999999999 24.599999999999998 -90 0 0
-8.2 -44.89999999999999 28.699999999999996 -90 0 0
-8.2 -44.89999999999999 32.8 -90 0 0
-8.2 -32.8 -44.89999999999999 180 0 0
-8.2 -32.8 44.89999999999999 0 0 0
-8.2 -28.699999999999996 -44.89999999999999 180 0 0
-8.2 -28.699999999999996 44.89999999999999 0 0 0
-8.2 -24.599999999999998 -44.89999999999999 180 0 0
-8.2 -24.599999999999998 44.89999999999999 0 0 0
-8.2 -20.5 -44.89999999999999 180 0 0
-8.2 -20.5 44.89999999999999 0 0 0
-8.2 -16.4 -44.89999999999999 180 0 0
-8.2 -16.4 44.89999999999999 0 0 0
-8.2 -12.299999999999999 -44.89999999999999 180 0 0
-8.2 -12.299999999999999 44.89999999999999 0 0 0
-8.2 -8.2 -44.89999999999999 180 0 0
-8.2 -8.2 44.89999999999999 0 0 0
-8.2 -4.1 -44.89999999999999 180 0 0
-8.2 -4.1 44.89999999999999 0 0 0
-8.2 0.0 -44.89999999999999 180 0 0
-8.2 0.0 44.89999999999999 0 0 0
-8.2 4.1 -44.89999999999999 180 0 0
-8.2 4.1 44.89999999999999 0 0 0
-8.2 8.2 -44.89999999999999 180 0 0
-8.2 8.2 44.89999999999999 0 0 0
-8.2 12.299999999999999 -44.89999999999999 180 0 0
-8.2 12.299999999999999 44.89999999999999 0 0 0
-8.2 16.4 -44.89999999999999 180 0 0
-8.2 16.4 44.89999999999999 0 0 0
-8.2 20.5 -44.89999999999999 180 0 0
-8.2 20.5 44.89999999999999 0 0 0
-8.2 24.599999999999998 -44.89999999999999 180 0 0
-8.2 24.599999999999998 44.89999999999999 0 0 0
-8.2 28.699999999999996 -44.89999999999999 180 0 0
-8.2 28.699999999999996 44.89999999999999 0 0 0
-8.2 32.8 -44.89999999999999 180 0 0
-8.2 32.8 44.89999999999999 0 0 0
-8.2 44.89999999999999 -32.8 90 0 0
-8.2 44.89999999999999 -28.699999999999996 90 0 0
-8.2 44.89999999999999 -24.599999999999998 90 0 0
-8.2 44.89999999999999 -20.5 90 0 0
-8.2 44.89999999999999 -16.4 90 0 0
-8.2 44.89999999999999 -12.299999999999999 90 0 0
-8.2 44.89999999999999 -8.2 90 0 0
-8.2 44.89999999999999 -4.1 90 0 0
-8.2 44.89999999999999 0.0 90 0 0
-8.2 44.89999999999999 4.1 90 0 0
-8.2 44.89999999999999 8.2 90 0 0
-8.2 44.89999999999999 12.299999999999999 90 0 0
-8.2 44.89999999999999 16.4 90 0 0
-8.2 44.89999999999999 20.5 90 0 0
-8.2 44.89999999999999 24.599999999999998 90 0 0
-8.2 44.89999999999999 28.699999999999996 90 0 0
-8.2 44.89999999999999 32.8 90 0 0
-4.1 -44.89999999999999 -32.8 -90 0 0
-4.1 -44.89999999999999 -28.699999999999996 -90 0 0
-4.1 -44.89999999999999 -24.599999999999998 -90 0 0
-4.1 -44.89999999999999 -20.5 -90 0 0
-4.1 -44.89999999999999 -16.4 -90 0 0
-4.1 -44.89999999999999 -12.299999999999999 -90 0 0
-4.1 -44.89999999999999 -8.2 -90 0 0
-4.1 -44.89999999999999 -4.1 -90 0 0
-4.1 -44.89999999999999 0.0 -90 0 0
-4.1 -44.89999999999999 4.1 -90 0 0
-4.1 -44.89999999999999 8.2 -90 0 0
-4.1 -44.89999999999999 12.299999999999999 -90 0 0
-4.1 -44.89999999999999 16.4 -90 0 0
-4.1 -44.89999999999999 20.5 -90 0 0
-4.1 -44.89999999999999 24.599999999999998 -90 0 0
-4.1 -44.89999999999999 28.699999999999996 -90 0 0
-4.1 -44.89999999999999 32.8 -90 0 0
-4.1 -32.8 -44.89999999999999 180 0 0
-4.1 -32.8 44.89999999999999 0 0 0
-4.1 -28.699999999999996 -44.89999999999999 180 0 0
-4.1 -28.699999999999996 44.89999999999999 0 0 0
-4.1 -24.599999999999998 -44.89999999999999 180 0 0
-4.1 -24.599999999999998 44.89999999999999 0 0 0
-4.1 -20.5 -44.89999999999999 180 0 0
-4.1 -20.5 44.89999999999999 0 0 0
-4.1 -16.4 -44.89999999999999 180 0 0
-4.1 -16.4 44.89999999999999 0 0 0
-4.1 -12.299999999999999 -44.89999999999999 180 0 0
-4.1 -12.299999999999999 44.89999999999999 0 0 0
-4.1 -8.2 -44.89999999999999 180 0 0
-4.1 -8.2 44.89999999999999 0 0 0
-4.1 -4.1 -44.89999999999999 180 0 0
-4.1 -4.1 44.89999999999999 0 0 0
-4.1 0.0 -44.89999999999999 180 0 0
-4.1 0.0 44.89999999999999 0 0 0
-4.1 4.1 -44.89999999999999 180 0 0
-4.1 4.1 44.89999999999999 0 0 0
-4.1 8.2 -44.89999999999999 180 0 0
-4.1 8.2 44.89999999999999 0 0 0
-4.1 12.299999999999999 -44.89999999999999 180 0 0
-4.1 12.299999999999999 44.89999999999999 0 0 0
-4.1 16.4 -44.89999999999999 180 0 0
-4.1 16.4 44.89999999999999 0 0 0
-4.1 20.5 -44.89999999999999 180 0 0
-4.1 20.5 44.89999999999999 0 0 0
-4.1 24.599999999999998 -44.89999999999999 180 0 0
-4.1 24.599999999999998 44.89999999999999 0 0 0
-4.1 28.699999999999996 -44.89999999999999 180 0 0
-4.1 28.699999999999996 44.89999999999999 0 0 0
-4.1 32.8 -44.89999999999999 180 0 0
-4.1 32.8 44.89999999999999 0 0 0
-4.1 44.89999999999999 -32.8 90 0 0
-4.1 44.89999999999999 -28.699999999999996 90 0 0
-4.1 44.89999999999999 -24.599999999999998 90 0 0
-4.1 44.89999999999999 -20.5 90 0 0
-4.1 44.89999999999999 -16.4 90 0 0
-4.1 44.89999999999999 -12.299999999999999 90 0 0
-4.1 44.89999999999999 -8.2 90 0 0
-4.1 44.89999999999999 -4.1 90 0 0
-4.1 44.89999999999999 0.0 90 0 0
-4.1 44.89999999999999 4.1 90 0 0
-4.1 44.89999999999999 8.2 90 0 0
-4.1 44.89999999999999 12.299999999999999 90 0 0
-4.1 44.89999999999999 16.4 90 0 0
-4.1 44.89999999999999 20.5 90 0 0
-4.1 44.89999999999999 24.599999999999998 90 0 0
-4.1 44.89999999999999 28.699999999999996 90 0 0
-4.1 44.89999999999999 32.8 90 0 0
0.0 -44.89999999999999 -32.8 -90 0 0
0.0 -44.89999999999999 -28.699999999999996 -90 0 0
0.0 -44.89999999999999 -24.599999999999998 -90 0 0
0.0 -44.89999999999999 -20.5 -90 0 0
0.0 -44.89999999999999 -16.4 -90 0 0
0.0 -44.89999999999999 -12.299999999999999 -90 0 0
0.0 -44.89999999999999 -8.2 -90 0 0
0.0 -44.89999999999999 -4.1 -90 0 0
0.0 -44.89999999999999 0.0 -90 0 0
0.0 -44.89999999999999 4.1 -90 0 0
0.0 -44.89999999999999 8.2 -90 0 0
0.0 -44.89999999999999 12.299999999999999 -90 0 0
0.0 -44.89999999999999 16.4 -90 0 0
0.0 -44.89999999999999 20.5 -90 0 0
0.0 -44.89999999999999 24.599999999999998 -90 0 0
0.0 -44.89999999999999 28.699999999999996 -90 0 0
0.0 -44.89999999999999 32.8 -90 0 0
0.0 -32.8 -44.89999999999999 180 0 0
0.0 -32.8 44.89999999999999 0 0 0
0.0 -28.699999999999996 -44.89999999999999 180 0 0
0.0 -28.699999999999996 44.89999999999999 0 0 0
0.0 -24.599999999999998 -44.89999999999999 180 0 0
0.0 -24.599999999999998 44.89999999999999 0 0 0
0.0 -20.5 -44.89999999999999 180 0 0
0.0 -20.5 44.89999999999999 0 0 0
0.0 -16.4 -44.89999999999999 180 0 0
0.0 -16.4 44.89999999999999 0 0 0
0.0 -12.299999999999999 -44.89999999999999 180 0 0
0.0 -12.299999999999999 44.89999999999999 0 0 0
0.0 -8.2 -44.89999999999999 180 0 0
0.0 -8.2 44.89999999999999 0 0 0
0.0 -4.1 -44.89999999999999 180 0 0
0.0 -4.1 44.89999999999999 0 0 0
0.0 0.0 -44.89999999999999 180 0 0
0.0 0.0 44.89999999999999 0 0 0
0.0 4.1 -44.89999999999999 180 0 0
0.0 4.1 44.89999999999999 0 0 0
0.0 8.2 -44.89999999999999 180 0 0
0.0 8.2 44.89999999999999 0 0 0
0.0 12.299999999999999 -44.89999999999999 180 0 0
0.0 12.299999999999999 44.89999999999999 0 0 0
0.0 16.4 -44.89999999999999 180 0 0
0.0 16.4 44.89999999999999 0 0 0
0.0 20.5 -44.89999999999999 180 0 0
0.0 20.5 44.89999999999999 0 0 0
0.0 24.599999999999998 -44.89999999999999 180 0 0
0.0 24.599999999999998 44.89999999999999 0 0 0
0.0 28.699999999999996 -44.89999999999999 180 0 0
0.0 28.699999999999996 44.89999999999999 0 0 0
0.0 32.8 -44.89999999999999 180 0 0
0.0 32.8 44.89999999999999 0 0 0
0.0 44.89999999999999 -32.8 90 0 0
0.0 44.89999999999999 -28.699999999999996 90 0 0
0.0 44.89999999999999 -24.599999999999998 90 0 0
0.0 44.89999999999999 -20.5 90 0 0
0.0 44.89999999999999 -16.4 90 0 0
0.0 44.89999999999999 -12.299999999999999 90 0 0
0.0 44.89999999999999 -8.2 90 0 0
0.0 44.89999999999999 -4.1 90 0 0
0.0 44.89999999999999 0.0 90 0 0
0.0 44.89999999999999 4.1 90 0 0
0.0 44.89999999999999 8.2 90 0 0
0.0 44.89999999999999 12.299999999999999 90 0 0
0.0 44.89999999999999 16.4 90 0 0
0.0 44.89999999999999 20.5 90 0 0
0.0 44.89999999999999 24.599999999999998 90 0 0
0.0 44.89999999999999 28.699999999999996 90 0 0
0.0 44.89999999999999 32.8 90 0 0
4.1 -44.89999999999999 -32.8 -90 0 0
4.1 -44.89999999999999 -28.699999999999996 -90 0 0
4.1 -44.89999999999999 -24.599999999999998 -90 0 0
4.1 -44.89999999999999 -20.5 -90 0 0
4.1 -44.89999999999999 -16.4 -90 0 0
4.1 -44.89999999999999 -12.299999999999999 -90 0 0
4.1 -44.89999999999999 -8.2 -90 0 0
4.1 -44.89999999999999 -4.1 -90 0 0
4.1 -44.89999999999999 0.0 -90 0 0
4.1 -44.89999999999999 4.1 -90 0 0
4.1 -44.89999999999999 8.2 -90 0 0
4.1 -44.89999999999999 12.299999999999999 -90 0 0
4.1 -44.89999999999999 16.4 -90 0 0
4.1 -44.89999999999999 20.5 -90 0 0
4.1 -44.89999999999999 24.599999999999998 -90 0 0
4.1 -44.89999999999999 28.699999999999996 -90 0 0
4.1 -44.89999999999999 32.8 -90 0 0
4.1 -32.8 -44.89999999999999 180 0 0
4.1 -32.8 44.89999999999999 0 0 0
4.1 -28.699999999999996 -44.89999999999999 180 0 0
4.1 -28.699999999999996 44.89999999999999 0 0 0
4.1 -24.599999999999998 -44.89999999999999 180 0 0
4.1 -24.599999999999998 44.89999999999999 0 0 0
4.1 -20.5 -44.89999999999999 180 0 0
4.1 -20.5 44.89999999999999 0 0 0
4.1 -16.4 -44.89999999999999 180 0 0
4.1 -16.4 44.89999999999999 0 0 0
4.1 -12.299999999999999 -44.89999999999999 180 0 0
4.1 -12.299999999999999 44.89999999999999 0 0 0
4.1 -8.2 -44.89999999999999 180 0 0
4.1 -8.2 44.89999999999999 0 0 0
4.1 -4.1 -44.89999999999999 180 0 0
4.1 -4.1 44.89999999999999 0 0 0
4.1 0.0 -44.89999999999999 180 0 0
4.1 0.0 44.89999999999999 0 0 0
4.1 4.1 -44.89999999999999 180 0 0
4.1 4.1 44.89999999999999 0 0 0
4.1 8.2 -44.89999999999999 180 0 0
4.1 8.2 44.89999999999999 0 0 0
4.1 12.299999999999999 -44.89999999999999 180 0 0
4.1 12.299999999999999 44.89999999999999 0 0 0
4.1 16.4 -44.89999999999999 180 0 0
4.1 16.4 44.89999999999999 0 0 0
4.1 20.5 -44.89999999999999 180 0 0
4.1 20.5 44.89999999999999 0 0 0
4.1 24.599999999999998 -44.89999999999999 180 0 0
4.1 24.599999999999998 44.89999999999999 0 0 0
4.1 28.699999999999996 -44.89999999999999 180 0 0
4.1 28.699999999999996 44.89999999999999 0 0 0
4.1 32.8 -44.89999999999999 180 0 0
4.1 32.8 44.89999999999999 0 0 0
4.1 44.89999999999999 -32.8 90 0 0
4.1 44.89999999999999 -28.699999999999996 90 0 0
4.1 44.89999999999999 -24.599999999999998 90 0 0
4.1 44.89999999999999 -20.5 90 0 0
4.1 44.89999999999999 -16.4 90 0 0
4.1 44.89999999999999 -12.299999999999999 90 0 0
4.1 44.89999999999999 -8.2 90 0 0
4.1 44.89999999999999 -4.1 90 0 0
4.1 44.89999999999999 0.0 90 0 0
4.1 44.89999999999999 4.1 90 0 0
4.1 44.89999999999999 8.2 90 0 0
4.1 44.89999999999999 12.299999999999999 90 0 0
4.1 44.89999999999999 16.4 90 0 0
4.1 44.89999999999999 20.5 90 0 0
4.1 44.89999999999999 24.599999999999998 90 0 0
4.1 44.89999999999999 28.699999999999996 90 0 0
4.1 44.89999999999999 32.8 90 0 0
8.2 -44.89999999999999 -32.8 -90 0 0
8.2 -44.89999999999999 -28.699999999999996 -90 0 0
8.2 -44.89999999999999 -24.599999999999998 -90 0 0
8.2 -44.89999999999999 -20.5 -90 0 0
8.2 -44.89999999999999 -16.4 -90 0 0
8.2 -44.89999999999999 -12.299999999999999 -90 0 0
8.2 -44.89999999999999 -8.2 -90 0 0
8.2 -44.89999999999999 -4.1 -90 0 0
8.2 -44.89999999999999 0.0 -90 0 0
8.2 -44.89999999999999 4.1 -90 0 0
8.2 -44.89999999999999 8.2 -90 0 0
8.2 -44.89999999999999 12.299999999999999 -90 0 0
8.2 -44.89999999999999 16.4 -90 0 0
8.2 -44.89999999999999 20.5 -90 0 0
8.2 -44.89999999999999 24.599999999999998 -90 0 0
8.2 -44.89999999999999 28.699999999999996 -90 0 0
8.2 -44.89999999999999 32.8 -90 0 0
8.2 -32.8 -44.89999999999999 180 0 0
8.2 -32.8 44.89999999999999 0 0 0
8.2 -28.699999999999996 -44.89999999999999 180 0 0
8.2 -28.699999999999996 44.89999999999999 0 0 0
8.2 -24.599999999999998 -44.89999999999999 180 0 0
8.2 -24.599999999999998 44.89999999999999 0 0 0
8.2 -20.5 -44.89999999999999 180 0 0
8.2 -20.5 44.89999999999999 0 0 0
8.2 -16.4 -44.89999999999999 180 0 0
8.2 -16.4 44.89999999999999 0 0 0
8.2 -12.299999999999999 -44.89999999999999 180 0 0
8.2 -12.299999999999999 44.89999999999999 0 0 0
8.2 -8.2 -44.89999999999999 180 0 0
8.2 -8.2 44.89999999999999 0 0 0
8.2 -4.1 -44.89999999999999 180 0 0
8.2 -4.1 44.89999999999999 0 0 0
8.2 0.0 -44.89999999999999 180 0 0
8.2 0.0 44.89999999999999 0 0 0
8.2 4.1 -44.89999999999999 180 0 0
8.2 4.1 44.89999999999999 0 0 0
8.2 8.2 -44.89999999999999 180 0 0
8.2 8.2 44.89999999999999 0 0 0
8.2 12.299999999999999 -44.89999999999999 180 0 0
8.2 12.299999999999999 44.89999999999999 0 0 0
8.2 16.4 -44.89999999999999 180 0 0
8.2 16.4 44.89999999999999 0 0 0
8.2 20.5 -44.89999999999999 180 0 0
8.2 20.5 44.89999999999999 0 0 0
8.2 24.599999999999998 -44.89999999999999 180 0 0
8.2 24.599999999999998 44.89999999999999 0 0 0
8.2 28.699999999999996 -44.89999999999999 180 0 0
8.2 28.699999999999996 44.89999999999999 0 0 0
8.2 32.8 -44.89999999999999 180 0 0
8.2 32.8 44.89999999999999 0 0 0
8.2 44.89999999999999 -32.8 90 0 0
8.2 44.89999999999999 -28.699999999999996 90 0 0
8.2 44.89999999999999 -24.599999999999998 90 0 0
8.2 44.89999999999999 -20.5 90 0 0
8.2 44.89999999999999 -16.4 90 0 0
8.2 44.89999999999999 -12.299999999999999 90 0 0
8.2 44.89999999999999 -8.2 90 0 0
8.2 44.89999999999999 -4.1 90 0 0
8.2 44.89999999999999 0.0 90 0 0
8.2 44.89999999999999 4.1 90 0 0
8.2 44.89999999999999 8.2 90 0 0
8.2 44.89999999999999 12.299999999999999 90 0 0
8.2 44.89999999999999 16.4 90 0 0
8.2 44.89999999999999 20.5 90 0 0
8.2 44.89999999999999 24.599999999999998 90 0 0
8.2 44.89999999999999 28.699999999999996 90 0 0
8.2 44.89999999999999 32.8 90 0 0
12.299999999999999 -44.89999999999999 -32.8 -90 0 0
12.299999999999999 -44.89999999999999 -28.699999999999996 -90 0 0
12.299999999999999 -44.89999999999999 -24.599999999999998 -90 0 0
12.299999999999999 -44.89999999999999 -20.5 -90 0 0
12.299999999999999 -44.89999999999999 -16.4 -90 0 0
12.299999999999999 -44.89999999999999 -12.299999999999999 -90 0 0
12.299999999999999 -44.89999999999999 -8.2 -90 0 0
12.299999999999999 -44.89999999999999 -4.1 -90 0 0
12.299999999999999 -44.89999999999999 0.0 -90 0 0
12.299999999999999 -44.89999999999999 4.1 -90 0 0
12.299999999999999 -44.89999999999999 8.2 -90 0 0
12.299999999999999 -44.89999999999999 12.299999999999999 -90 0 0
12.299999999999999 -44.89999999999999 16.4 -90 0 0
12.299999999999999 -44.89999999999999 20.5 -90 0 0
12.299999999999999 -44.89999999999999 24.599999999999998 -90 0 0
12.299999999999999 -44.89999999999999 28.699999999999996 -90 0 0
12.299999999999999 -44.89999999999999 32.8 -90 0 0
12.299999999999999 -32.8 -44.89999999999999 180 0 0
12.299999999999999 -32.8 44.89999999999999 0 0 0
12.299999999999999 -28.699999999999996 -44.89999999999999 180 0 0
12.299999999999999 -28.699999999999996 44.89999999999999 0 0 0
12.299999999999999 -24.599999999999998 -44.89999999999999 180 0 0
12.299999999999999 -24.599999999999998 44.89999999999999 0 0 0
12.299999999999999 -20.5 -44.89999999999999 180 0 0
12.299999999999999 -20.5 44.89999999999999 0 0 0
12.299999999999999 -16.4 -44.89999999999999 180 0 0
12.299999999999999 -16.4 44.89999999999999 0 0 0
12.299999999999999 -12.299999999999999 -44.89999999999999 180 0 0
12.299999999999999 -12.299999999999999 44.89999999999999 0 0 0
12.299999999999999 -8.2 -44.89999999999999 180 0 0
12.299999999999999 -8.2 44.89999999999999 0 0 0
12.299999999999999 -4.1 -44.89999999999999 180 0 0
12.299999999999999 -4.1 44.89999999999999 0 0 0
12.299999999999999 0.0 -44.89999999999999 180 0 0
12.299999999999999 0.0 44.89999999999999 0 0 0
12.299999999999999 4.1 -44.89999999999999 180 0 0
12.299999999999999 4.1 44.89999999999999 0 0 0
12.299999999999999 8.2 -44.89999999999999 180 0 0
12.299999999999999 8.2 44.89999999999999 0 0 0
12.299999999999999 12.299999999999999 -44.89999999999999 180 0 0
12.299999999999999 12.299999999999999 44.89999999999999 0 0 0
12.299999999999999 16.4 -44.89999999999999 180 0 0
12.299999999999999 16.4 44.89999999999999 0 0 0
12.299999999999999 20.5 -44.89999999999999 180 0 0
12.299999999999999 20.5 44.89999999999999 0 0 0
12.299999999999999 24.599999999999998 -44.89999999999999 180 0 0
12.299999999999999 24.599999999999998 44.89999999999999 0 0 0
12.299999999999999 28.699999999999996 -44.89999999999999 180 0 0
12.299999999999999 28.699999999999996 44.89999999999999 0 0 0
12.299999999999999 32.8 -44.89999999999999 180 0 0
12.299999999999999 32.8 44.89999999999999 0 0 0
12.299999999999999 44.89999999999999 -32.8 90 0 0
12.299999999999999 44.89999999999999 -28.699999999999996 90 0 0
12.299999999999999 44.89999999999999 -24.599999999999998 90 0 0
12.299999999999999 44.89999999999999 -20.5 90 0 0
12.299999999999999 44.89999999999999 -16.4 90 0 0
12.299999999999999 44.89999999999999 -12.299999999999999 90 0 0
12.299999999999999 44.89999999999999 -8.2 90 0 0
12.299999999999999 44.89999999999999 -4.1 90 0 0
12.299999999999999 44.89999999999999 0.0 90 0 0
12.299999999999999 44.89999999999999 4.1 90 0 0
12.299999999999999 44.89999999999999 8.2 90 0 0
12.299999999999999 44.89999999999999 12.299999999999999 90 0 0
12.299999999999999 44.89999999999999 16.4 90 0 0
12.299999999999999 44.89999999999999 20.5 90 0 0
12.299999999999999 44.89999999999999 24.599999999999998 90 0 0
12.299999999999999 44.89999999999999 28.699999999999996 90 0 0
12.299999999999999 44.89999999999999 32.8 90 0 0
16.4 -44.89999999999999 -32.8 -90 0 0
16.4 -44.89999999999999 -28.699999999999996 -90 0 0
16.4 -44.89999999999999 -24.599999999999998 -90 0 0
16.4 -44.89999999999999 -20.5 -90 0 0
16.4 -44.89999999999999 -16.4 -90 0 0
16.4 -44.89999999999999 -12.299999999999999 -90 0 0
16.4 -44.89999999999999 -8.2 -90 0 0
16.4 -44.89999999999999 -4.1 -90 0 0
16.4 -44.89999999999999 0.0 -90 0 0
16.4 -44.89999999999999 4.1 -90 0 0
16.4 -44.89999999999999 8.2 -90 0 0
16.4 -44.89999999999999 12.299999999999999 -90 0 0
16.4 -44.89999999999999 16.4 -90 0 0
16.4 -44.89999999999999 20.5 -90 0 0
16.4 -44.89999999999999 24.599999999999998 -90 0 0
16.4 -44.89999999999999 28.699999999999996 -90 0 0
16.4 -44.89999999999999 32.8 -90 0 0
16.4 -32.8 -44.89999999999999 180 0 0
16.4 -32.8 44.89999999999999 0 0 0
16.4 -28.699999999999996 -44.89999999999999 180 0 0
16.4 -28.699999999999996 44.89999999999999 0 0 0
16.4 -24.599999999999998 -44.89999999999999 180 0 0
16.4 -24.599999999999998 44.89999999999999 0 0 0
16.4 -20.5 -44.89999999999999 180 0 0
16.4 -20.5 44.89999999999999 0 0 0
16.4 -16.4 -44.89999999999999 180 0 0
16.4 -16.4 44.89999999999999 0 0 0
16.4 -12.299999999999999 -44.89999999999999 180 0 0
16.4 -12.299999999999999 44.89999999999999 0 0 0
16.4 -8.2 -44.89999999999999 180 0 0
16.4 -8.2 44.89999999999999 0 0 0
16.4 -4.1 -44.89999999999999 180 0 0
16.4 -4.1 44.89999999999999 0 0 0
16.4 0.0 -44.89999999999999 180 0 0
16.4 0.0 44.89999999999999 0 0 0
16.4 4.1 -44.89999999999999 180 0 0
16.4 4.1 44.89999999999999 0 0 0
16.4 8.2 -44.89999999999999 180 0 0
16.4 8.2 44.89999999999999 0 0 0
16.4 12.299999999999999 -44.89999999999999 180 0 0
16.4 12.299999999999999 44.89999999999999 0 0 0
16.4 16.4 -44.89999999999999 180 0 0
16.4 16.4 44.89999999999999 0 0 0
16.4 20.5 -44.89999999999999 180 0 0
16.4 20.5 44.89999999999999 0 0 0
16.4 24.599999999999998 -44.89999999999999 180 0 0
16.4 24.599999999999998 44.89999999999999 0 0 0
16.4 28.699999999999996 -44.89999999999999 180 0 0
16.4 28.699999999999996 44.89999999999999 0 0 0
16.4 32.8 -44.89999999999999 180 0 0
16.4 32.8 44.89999999999999 0 0 0
16.4 44.89999999999999 -32.8 90 0 0
16.4 44.89999999999999 -28.699999999999996 90 0 0
16.4 44.89999999999999 -24.599999999999998 90 0 0
16.4 44.89999999999999 -20.5 90 0 0
16.4 44.89999999999999 -16.4 90 0 0
16.4 44.89999999999999 -12.299999999999999 90 0 0
16.4 44.89999999999999 -8.2 90 0 0
16.4 44.89999999999999 -4.1 90 0 0
16.4 44.89999999999999 0.0 90 0 0
16.4 44.89999999999999 4.1 90 0 0
16.4 44.89999999999999 8.2 90 0 0
16.4 44.89999999999999 12.299999999999999 90 0 0
16.4 44.89999999999999 16.4 90 0 0
16.4 44.89999999999999 20.5 90 0 0
16.4 44.89999999999999 24.599999999999998 90 0 0
16.4 44.89999999999999 28.699999999999996 90 0 0
16.4 44.89999999999999 32.8 90 0 0
20.5 -44.89999999999999 -32.8 -90 0 0
20.5 -44.89999999999999 -28.699999999999996 -90 0 0
20.5 -44.89999999999999 -24.599999999999998 -90 0 0
20.5 -44.89999999999999 -20.5 -90 0 0
20.5 -44.89999999999999 -16.4 -90 0 0
20.5 -44.89999999999999 -12.299999999999999 -90 0 0
20.5 -44.89999999999999 -8.2 -90 0 0
20.5 -44.89999999999999 -4.1 -90 0 0
20.5 -44.89999999999999 0.0 -90 0 0
20.5 -44.89999999999999 4.1 -90 0 0
20.5 -44.89999999999999 8.2 -90 0 0
20.5 -44.89999999999999 12.299999999999999 -90 0 0
20.5 -44.89999999999999 16.4 -90 0 0
20.5 -44.89999999999999 20.5 -90 0 0
20.5 -44.89999999999999 24.599999999999998 -90 0 0
20.5 -44.89999999999999 28.699999999999996 -90 0 0
20.5 -44.89999999999999 32.8 -90 0 0
20.5 -32.8 -44.89999999999999 180 0 0
20.5 -32.8 44.89999999999999 0 0 0
20.5 -28.699999999999996 -44.89999999999999 180 0 0
20.5 -28.699999999999996 44.89999999999999 0 0 0
20.5 -24.599999999999998 -44.89999999999999 180 0 0
20.5 -24.599999999999998 44.89999999999999 0 0 0
20.5 -20.5 -44.89999999999999 180 0 0
20.5 -20.5 44.89999999999999 0 0 0
20.5 -16.4 -44.89999999999999 180 0 0
20.5 -16.4 44.89999999999999 0 0 0
20.5 -12.299999999999999 -44.89999999999999 180 0 0
20.5 -12.299999999999999 44.89999999999999 0 0 0
20.5 -8.2 -44.89999999999999 180 0 0
20.5 -8.2 44.89999999999999 0 0 0
20.5 -4.1 -44.89999999999999 180 0 0
20.5 -4.1 44.89999999999999 0 0 0
20.5 0.0 -44.89999999999999 180 0 0
20.5 0.0 44.89999999999999 0 0 0
20.5 4.1 -44.89999999999999 180 0 0
20.5 4.1 44.89999999999999 0 0 0
20.5 8.2 -44.89999999999999 180 0 0
20.5 8.2 44.89999999999999 0 0 0
20.5 12.299999999999999 -44.89999999999999 180 0 0
20.5 12.299999999999999 44.89999999999999 0 0 0
20.5 16.4 -44.89999999999999 180 0 0
20.5 16.4 44.89999999999999 0 0 0
20.5 20.5 -44.89999999999999 180 0 0
20.5 20.5 44.89999999999999 0 0 0
20.5 24.599999999999998 -44.89999999999999 180 0 0
20.5 24.599999999999998 44.89999999999999 0 0 0
20.5 28.699999999999996 -44.89999999999999 180 0 0
20.5 28.699999999999996 44.89999999999999 0 0 0
20.5 32.8 -44.89999999999999 180 0 0
20.5 32.8 44.89999999999999 0 0 0
20.5 44.89999999999999 -32.8 90 0 0
20.5 44.89999999999999 -28.699999999999996 90 0 0
20.5 44.89999999999999 -24.599999999999998 90 0 0
20.5 44.89999999999999 -20.5 90 0 0
20.5 44.89999999999999 -16.4 90 0 0
20.5 44.89999999999999 -12.299999999999999 90 0 0
20.5 44.89999999999999 -8.2 90 0 0
20.5 44.89999999999999 -4.1 90 0 0
20.5 44.89999999999999 0.0 90 0 0
20.5 44.89999999999999 4.1 90 0 0
20.5 44.89999999999999 8.2 90 0 0
20.5 44.89999999999999 12.299999999999999 90 0 0
20.5 44.89999999999999 16.4 90 0 0
20.5 44.89999999999999 20.5 90 0 0
20.5 44.89999999999999 24.599999999999998 90 0 0
20.5 44.89999999999999 28.699999999999996 90 0 0
20.5 44.89999999999999 32.8 90 0 0
24.599999999999998 -44.89999999999999 -32.8 -90 0 0
24.599999999999998 -44.89999999999999 -28.699999999999996 -90 0 0
24.599999999999998 -44.89999999999999 -24.599999999999998 -90 0 0
24.599999999999998 -44.89999999999999 -20.5 -90 0 0
24.599999999999998 -44.89999999999999 -16.4 -90 0 0
24.599999999999998 -44.89999999999999 -12.299999999999999 -90 0 0
24.599999999999998 -44.89999999999999 -8.2 -90 0 0
24.599999999999998 -44.89999999999999 -4.1 -90 0 0
24.599999999999998 -44.89999999999999 0.0 -90 0 0
24.599999999999998 -44.89999999999999 4.1 -90 0 0
24.599999999999998 -44.89999999999999 8.2 -90 0 0
24.599999999999998 -44.89999999999999 12.299999999999999 -90 0 0
24.599999999999998 -44.89999999999999 16.4 -90 0 0
24.599999999999998 -44.89999999999999 20.5 -90 0 0
24.599999999999998 -44.89999999999999 24.599999999999998 -90 0 0
24.599999999999998 -44.89999999999999 28.699999999999996 -90 0 0
24.599999999999998 -44.89999999999999 32.8 -90 0 0
24.599999999999998 -32.8 -44.89999999999999 180 0 0
24.599999999999998 -32.8 44.89999999999999 0 0 0
24.599999999999998 -28.699999999999996 -44.89999999999999 180 0 0
24.599999999999998 -28.699999999999996 44.89999999999999 0 0 0
24.599999999999998 -24.599999999999998 -44.89999999999999 180 0 0
24.599999999999998 -24.599999999999998 44.89999999999999 0 0 0
24.599999999999998 -20.5 -44.89999999999999 180 0 0
24.599999999999998 -20.5 44.89999999999999 0 0 0
24.599999999999998 -16.4 -44.89999999999999 180 0 0
24.599999999999998 -16.4 44.89999999999999 0 0 0
24.599999999999998 -12.299999999999999 -44.89999999999999 180 0 0
24.599999999999998 -12.299999999999999 44.89999999999999 0 0 0
24.599999999999998 -8.2 -44.89999999999999 180 0 0
24.599999999999998 -8.2 44.89999999999999 0 0 0
24.599999999999998 -4.1 -44.89999999999999 180 0 0
24.599999999999998 -4.1 44.89999999999999 0 0 0
24.599999999999998 0.0 -44.89999999999999 180 0 0
24.599999999999998 0.0 44.89999999999999 0 0 0
24.599999999999998 4.1 -44.89999999999999 180 0 0
24.599999999999998 4.1 44.89999999999999 0 0 0
24.599999999999998 8.2 -44.89999999999999 180 0 0
24.599999999999998 8.2 44.89999999999999 0 0 0
24.599999999999998 12.299999999999999 -44.89999999999999 180 0 0
24.599999999999998 12.299999999999999 44.89999999999999 0 0 0
24.599999999999998 16.4 -44.89999999999999 180 0 0
24.599999999999998 16.4 44.89999999999999 0 0 0
24.599999999999998 20.5 -44.89999999999999 180 0 0
24.599999999999998 20.5 44.89999999999999 0 0 0
24.599999999999998 24.599999999999998 -44.89999999999999 180 0 0
24.599999999999998 24.599999999999998 44.89999999999999 0 0 0
24.599999999999998 28.699999999999996 -44.89999999999999 180 0 0
24.599999999999998 28.699999999999996 44.89999999999999 0 0 0
24.599999999999998 32.8 -44.89999999999999 180 0 0
24.599999999999998 32.8 44.89999999999999 0 0 0
24.599999999999998 44.89999999999999 -32.8 90 0 0
24.599999999999998 44.89999999999999 -28.699999999999996 90 0 0
24.599999999999998 44.89999999999999 -24.599999999999998 90 0 0
24.599999999999998 44.89999999999999 -20.5 90 0 0
24.599999999999998 44.89999999999999 -16.4 90 0 0
24.599999999999998 44.89999999999999 -12.299999999999999 90 0 0
24.599999999999998 44.89999999999999 -8.2 90 0 0
24.599999999999998 44.89999999999999 -4.1 90 0 0
24.599999999999998 44.89999999999999 0.0 90 0 0
24.599999999999998 44.89999999999999 4.1 90 0 0
24.599999999999998 44.89999999999999 8.2 90 0 0
24.599999999999998 44.89999999999999 12.299999999999999 90 0 0
24.599999999999998 44.89999999999999 16.4 90 0 0
24.599999999999998 44.89999999999999 20.5 90 0 0
24.599999999999998 44.89999999999999 24.599999999999998 90 0 0
24.599999999999998 44.89999999999999 28.699999999999996 90 0 0
24.599999999999998 44.89999999999999 32.8 90 0 0
28.699999999999996 -44.89999999999999 -32.8 -90 0 0
28.699999999999996 -44.89999999999999 -28.699999999999996 -90 0 0
28.699999999999996 -44.89999999999999 -24.599999999999998 -90 0 0
28.699999999999996 -44.89999999999999 -20.5 -90 0 0
28.699999999999996 -44.89999999999999 -16.4 -90 0 0
28.699999999999996 -44.89999999999999 -12.299999999999999 -90 0 0
28.699999999999996 -44.89999999999999 -8.2 -90 0 0
28.699999999999996 -44.89999999999999 -4.1 -90 0 0
28.699999999999996 -44.89999999999999 0.0 -90 0 0
28.699999999999996 -44.89999999999999 4.1 -90 0 0
28.699999999999996 -44.89999999999999 8.2 -90 0 0
28.699999999999996 -44.89999999999999 12.299999999999999 -90 0 0
28.699999999999996 -44.89999999999999 16.4 -90 0 0
28.699999999999996 -44.89999999999999 20.5 -90 0 0
28.699999999999996 -44.89999999999999 24.599999999999998 -90 0 0
28.699999999999996 -44.89999999999999 28.699999999999996 -90 0 0
28.699999999999996 -44.89999999999999 32.8 -90 0 0
28.699999999999996 -32.8 -44.89999999999999 180 0 0
28.699999999999996 -32.8 44.89999999999999 0 0 0
28.699999999999996 -28.699999999999996 -44.89999999999999 180 0 0
28.699999999999996 -28.699999999999996 44.89999999999999 0 0 0
28.699999999999996 -24.599999999999998 -44.89999999999999 180 0 0
28.699999999999996 -24.599999999999998 44.89999999999999 0 0 0
28.699999999999996 -20.5 -44.89999999999999 180 0 0
28.699999999999996 -20.5 44.89999999999999 0 0 0
28.699999999999996 -16.4 -44.89999999999999 180 0 0
28.699999999999996 -16.4 44.89999999999999 0 0 0
28.699999999999996 -12.299999999999999 -44.89999999999999 180 0 0
28.699999999999996 -12.299999999999999 44.89999999999999 0 0 0
28.699999999999996 -8.2 -44.89999999999999 180 0 0
28.699999999999996 -8.2 44.89999999999999 0 0 0
28.699999999999996 -4.1 -44.89999999999999 180 0 0
28.699999999999996 -4.1 44.89999999999999 0 0 0
28.699999999999996 0.0 -44.89999999999999 180 0 0
28.699999999999996 0.0 44.89999999999999 0 0 0
28.699999999999996 4.1 -44.89999999999999 180 0 0
28.699999999999996 4.1 44.89999999999999 0 0 0
28.699999999999996 8.2 -44.89999999999999 180 0 0
28.699999999999996 8.2 44.89999999999999 0 0 0
28.699999999999996 12.299999999999999 -44.89999999999999 180 0 0
28.699999999999996 12.299999999999999 44.89999999999999 0 0 0
28.699999999999996 16.4 -44.89999999999999 180 0 0
28.699999999999996 16.4 44.89999999999999 0 0 0
28.699999999999996 20.5 -44.89999999999999 180 0 0
28.699999999999996 20.5 44.89999999999999 0 0 0
28.699999999999996 24.599999999999998 -44.89999999999999 180 0 0
28.699999999999996 24.599999999999998 44.89999999999999 0 0 0
28.699999999999996 28.699999999999996 -44.89999999999999 180 0 0
28.699999999999996 28.699999999999996 44.89999999999999 0 0 0
28.699999999999996 32.8 -44.89999999999999 180 0 0
28.699999999999996 32.8 44.89999999999999 0 0 0
28.699999999999996 44.89999999999999 -32.8 90 0 0
28.699999999999996 44.89999999999999 -28.699999999999996 90 0 0
28.699999999999996 44.89999999999999 -24.599999999999998 90 0 0
28.699999999999996 44.89999999999999 -20.5 90 0 0
28.699999999999996 44.89999999999999 -16.4 90 0 0
28.699999999999996 44.89999999999999 -12.299999999999999 90 0 0
28.699999999999996 44.89999999999999 -8.2 90 0 0
28.699999999999996 44.89999999999999 -4.1 90 0 0
28.699999999999996 44.89999999999999 0.0 90 0 0
28.699999999999996 44.89999999999999 4.1 90 0 0
28.699999999999996 44.89999999999999 8.2 90 0 0
28.699999999999996 44.89999999999999 12.299999999999999 90 0 0
28.699999999999996 44.89999999999999 16.4 90 0 0
28.699999999999996 44.89999999999999 20.5 90 0 0
28.699999999999996 44.89999999999999 24.599999999999998 90 0 0
28.699999999999996 44.89999999999999 28.699999999999996 90 0 0
28.699999999999996 44.89999999999999 32.8 90 0 0
32.8 -44.89999999999999 -32.8 -90 0 0
32.8 -44.89999999999999 -28.699999999999996 -90 0 0
32.8 -44.89999999999999 -24.599999999999998 -90 0 0
32.8 -44.89999999999999 -20.5 -90 0 0
32.8 -44.89999999999999 -16.4 -90 0 0
32.8 -44.89999999999999 -12.299999999999999 -90 0 0
32.8 -44.89999999999999 -8.2 -90 0 0
32.8 -44.89999999999999 -4.1 -90 0 0
32.8 -44.89999999999999 0.0 -90 0 0
32.8 -44.89999999999999 4.1 -90 0 0
32.8 -44.89999999999999 8.2 -90 0 0
32.8 -44.89999999999999 12.299999999999999 -90 0 0
32.8 -44.89999999999999 16.4 -90 0 0
32.8 -44.89999999999999 20.5 -90 0 0
32.8 -44.89999999999999 24.599999999999998 -90 0 0
32.8 -44.89999999999999 28.699999999999996 -90 0 0
32.8 -44.89999999999999 32.8 -90 0 0
32.8 -32.8 -44.89999999999999 180 0 0
32.8 -32.8 44.89999999999999 0 0 0
32.8 -28.699999999999996 -44.89999999999999 180 0 0
32.8 -28.699999999999996 44.89999999999999 0 0 0
32.8 -24.599999999999998 -44.89999999999999 180 0 0
32.8 -24.599999999999998 44.89999999999999 0 0 0
32.8 -20.5 -44.89999999999999 180 0 0
32.8 -20.5 44.89999999999999 0 0 0
32.8 -16.4 -44.89999999999999 180 0 0
32.8 -16.4 44.89999999999999 0 0 0
32.8 -12.299999999999999 -44.89999999999999 180 0 0
32.8 -12.299999999999999 44.89999999999999 0 0 0
32.8 -8.2 -44.89999999999999 180 0 0
32.8 -8.2 44.89999999999999 0 0 0
32.8 -4.1 -44.89999999999999 180 0 0
32.8 -4.1 44.89999999999999 0 0 0
32.8 0.0 -44.89999999999999 180 0 0
32.8 0.0 44.89999999999999 0 0 0
32.8 4.1 -44.89999999999999 180 0 0
32.8 4.1 44.89999999999999 0 0 0
32.8 8.2 -44.89999999999999 180 0 0
32.8 8.2 44.89999999999999 0 0 0
32.8 12.299999999999999 -44.89999999999999 180 0 0
32.8 12.299999999999999 44.89999999999999 0 0 0
32.8 16.4 -44.89999999999999 180 0 0
32.8 16.4 44.89999999999999 0 0 0
32.8 20.5 -44.89999999999999 180 0 0
32.8 20.5 44.89999999999999 0 0 0
32.8 24.599999999999998 -44.89999999999999 180 0 0
32.8 24.599999999999998 44.89999999999999 0 0 0
32.8 28.699999999999996 -44.89999999999999 180 0 0
32.8 28.699999999999996 44.89999999999999 0 0 0
32.8 32.8 -44.89999999999999 180 0 0
32.8 32.8 44.89999999999999 0 0 0
32.8 44.89999999999999 -32.8 90 0 0
32.8 44.89999999999999 -28.699999999999996 90 0 0
32.8 44.89999999999999 -24.599999999999998 90 0 0
32.8 44.89999999999999 -20.5 90 0 0
32.8 44.89999999999999 -16.4 90 0 0
32.8 44.89999999999999 -12.299999999999999 90 0 0
32.8 44.89999999999999 -8.2 90 0 0
32.8 44.89999999999999 -4.1 90 0 0
32.8 44.89999999999999 0.0 90 0 0
32.8 44.89999999999999 4.1 90 0 0
32.8 44.89999999999999 8.2 90 0 0
32.8 44.89999999999999 12.299999999999999 90 0 0
32.8 44.89999999999999 16.4 90 0 0
32.8 44.89999999999999 20.5 90 0 0
32.8 44.89999999999999 24.599999999999998 90 0 0
32.8 44.89999999999999 28.699999999999996 90 0 0
32.8 44.89999999999999 32.8 90 0 0
44.89999999999999 -32.8 -32.8 0 90 0
44.89999999999999 -32.8 -28.699999999999996 0 90 0
44.89999999999999 -32.8 -24.599999999999998 0 90 0
44.89999999999999 -32.8 -20.5 0 90 0
44.89999999999999 -32.8 -16.4 0 90 0
44.89999999999999 -32.8 -12.299999999999999 0 90 0
44.89999999999999 -32.8 -8.2 0 90 0
44.89999999999999 -32.8 -4.1 0 90 0
44.89999999999999 -32.8 0.0 0 90 0
44.89999999999999 -32.8 4.1 0 90 0
44.89999999999999 -32.8 8.2 0 90 0
44.89999999999999 -32.8 12.299999999999999 0 90 0
44.89999999999999 -32.8 16.4 0 90 0
44.89999999999999 -32.8 20.5 0 90 0
44.89999999999999 -32.8 24.599999999999998 0 90 0
44.89999999999999 -32.8 28.699999999999996 0 90 0
44.89999999999999 -32.8 32.8 0 90 0
44.89999999999999 -28.699999999999996 -32.8 0 90 0
44.89999999999999 -28.699999999999996 -28.699999999999996 0 90 0
44.89999999999999 -28.699999999999996 -24.599999999999998 0 90 0
44.89999999999999 -28.699999999999996 -20.5 0 90 0
44.89999999999999 -28.699999999999996 -16.4 0 90 0
44.89999999999999 -28.699999999999996 -12.299999999999999 0 90 0
44.89999999999999 -28.699999999999996 -8.2 0 90 0
44.89999999999999 -28.699999999999996 -4.1 0 90 0
44.89999999999999 -28.699999999999996 0.0 0 90 0
44.89999999999999 -28.699999999999996 4.1 0 90 0
44.89999999999999 -28.699999999999996 8.2 0 90 0
44.89999999999999 -28.699999999999996 12.299999999999999 0 90 0
44.89999999999999 -28.699999999999996 16.4 0 90 0
44.89999999999999 -28.699999999999996 20.5 0 90 0
44.89999999999999 -28.699999999999996 24.599999999999998 0 90 0
44.89999999999999 -28.699999999999996 28.699999999999996 0 90 0
44.89999999999999 -28.699999999999996 32.8 0 90 0
44.89999999999999 -24.599999999999998 -32.8 0 90 0
44.89999999999999 -24.599999999999998 -28.699999999999996 0 90 0
44.89999999999999 -24.599999999999998 -24.599999999999998 0 90 0
44.89999999999999 -24.599999999999998 -20.5 0 90 0
44.89999999999999 -24.599999999999998 -16.4 0 90 0
44.89999999999999 -24.599999999999998 -12.299999999999999 0 90 0
44.89999999999999 -24.599999999999998 -8.2 0 90 0
44.89999999999999 -24.599999999999998 -4.1 0 90 0
44.89999999999999 -24.599999999999998 0.0 0 90 0
44.89999999999999 -24.599999999999998 4.1 0 90 0
44.89999999999999 -24.599999999999998 8.2 0 90 0
44.89999999999999 -24.599999999999998 12.299999999999999 0 90 0
44.89999999999999 -24.599999999999998 16.4 0 90 0
44.89999999999999 -24.599999999999998 20.5 0 90 0
44.89999999999999 -24.599999999999998 24.599999999999998 0 90 0
44.89999999999999 -24.599999999999998 28.699999999999996 0 90 0
44.89999999999999 -24.599999999999998 32.8 0 90 0
44.89999999999999 -20.5 -32.8 0 90 0
44.89999999999999 -20.5 -28.699999999999996 0 90 0
44.89999999999999 -20.5 -24.599999999999998 0 90 0
44.89999999999999 -20.5 -20.5 0 90 0
44.89999999999999 -20.5 -16.4 0 90 0
44.89999999999999 -20.5 -12.299999999999999 0 90 0
44.89999999999999 -20.5 -8.2 0 90 0
44.89999999999999 -20.5 -4.1 0 90 0
44.89999999999999 -20.5 0.0 0 90 0
44.89999999999999 -20.5 4.1 0 90 0
44.89999999999999 -20.5 8.2 0 90 0
44.89999999999999 -20.5 12.299999999999999 0 90 0
44.89999999999999 -20.5 16.4 0 90 0
44.89999999999999 -20.5 20.5 0 90 0
44.89999999999999 -20.5 24.599999999999998 0 90 0
44.89999999999999 -20.5 28.699999999999996 0 90 0
44.89999999999999 -20.5 32.8 0 90 0
44.89999999999999 -16.4 -32.8 0 90 0
44.89999999999999 -16.4 -28.699999999999996 0 90 0
44.89999999999999 -16.4 -24.599999999999998 0 90 0
44.89999999999999 -16.4 -20.5 0 90 0
44.89999999999999 -16.4 -16.4 0 90 0
44.89999999999999 -16.4 -12.299999999999999 0 90 0
44.89999999999999 -16.4 -8.2 0 90 0
44.89999999999999 -16.4 -4.1 0 90 0
44.89999999999999 -16.4 0.0 0 90 0
44.89999999999999 -16.4 4.1 0 90 0
44.89999999999999 -16.4 8.2 0 90 0
44.89999999999999 -16.4 12.299999999999999 0 90 0
44.89999999999999 -16.4 16.4 0 90 0
44.89999999999999 -16.4 20.5 0 90 0
44.89999999999999 -16.4 24.599999999999998 0 90 0
44.89999999999999 -16.4 28.699999999999996 0 90 0
44.89999999999999 -16.4 32.8 0 90 0
44.89999999999999 -12.299999999999999 -32.8 0 90 0
44.89999999999999 -12.299999999999999 -28.699999999999996 0 90 0
44.89999999999999 -12.299999999999999 -24.599999999999998 0 90 0
44.89999999999999 -12.299999999999999 -20.5 0 90 0
44.89999999999999 -12.299999999999999 -16.4 0 90 0
44.89999999999999 -12.299999999999999 -12.299999999999999 0 90 0
44.89999999999999 -12.299999999999999 -8.2 0 90 0
44.89999999999999 -12.299999999999999 -4.1 0 90 0
44.89999999999999 -12.299999999999999 0.0 0 90 0
44.89999999999999 -12.299999999999999 4.1 0 90 0
44.89999999999999 -12.299999999999999 8.2 0 90 0
44.89999999999999 -12.299999999999999 12.299999999999999 0 90 0
44.89999999999999 -12.299999999999999 16.4 0 90 0
44.89999999999999 -12.299999999999999 20.5 0 90 0
44.89999999999999 -12.299999999999999 24.599999999999998 0 90 0
44.89999999999999 -12.299999999999999 28.699999999999996 0 90 0
44.89999999999999 -12.299999999999999 32.8 0 90 0
44.89999999999999 -8.2 -32.8 0 90 0
44.89999999999999 -8.2 -28.699999999999996 0 90 0
44.89999999999999 -8.2 -24.599999999999998 0 90 0
44.89999999999999 -8.2 -20.5 0 90 0
44.89999999999999 -8.2 -16.4 0 90 0
44.89999999999999 -8.2 -12.299999999999999 0 90 0
44.89999999999999 -8.2 -8.2 0 90 0
44.89999999999999 -8.2 -4.1 0 90 0
44.89999999999999 -8.2 0.0 0 90 0
44.89999999999999 -8.2 4.1 0 90 0
44.89999999999999 -8.2 8.2 0 90 0
44.89999999999999 -8.2 12.299999999999999 0 90 0
44.89999999999999 -8.2 16.4 0 90 0
44.89999999999999 -8.2 20.5 0 90 0
44.89999999999999 -8.2 24.599999999999998 0 90 0
44.89999999999999 -8.2 28.699999999999996 0 90 0
44.89999999999999 -8.2 32.8 0 90 0
44.89999999999999 -4.1 -32.8 0 90 0
44.89999999999999 -4.1 -28.699999999999996 0 90 0
44.89999999999999 -4.1 -24.599999999999998 0 90 0
44.89999999999999 -4.1 -20.5 0 90 0
44.89999999999999 -4.1 -16.4 0 90 0
44.89999999999999 -4.1 -12.299999999999999 0 90 0
44.89999999999999 -4.1 -8.2 0 90 0
44.89999999999999 -4.1 -4.1 0 90 0
44.89999999999999 -4.1 0.0 0 90 0
44.89999999999999 -4.1 4.1 0 90 0
44.89999999999999 -4.1 8.2 0 90 0
44.89999999999999 -4.1 12.299999999999999 0 90 0
44.89999999999999 -4.1 16.4 0 90 0
44.89999999999999 -4.1 20.5 0 90 0
44.89999999999999 -4.1 24.599999999999998 0 90 0
44.89999999999999 -4.1 28.699999999999996 0 90 0
44.89999999999999 -4.1 32.8 0 90 0
44.89999999999999 0.0 -32.8 0 90 0
44.89999999999999 0.0 -28.699999999999996 0 90 0
44.89999999999999 0.0 -24.599999999999998 0 90 0
44.89999999999999 0.0 -20.5 0 90 0
44.89999999999999 0.0 -16.4 0 90 0
44.89999999999999 0.0 -12.299999999999999 0 90 0
44.89999999999999 0.0 -8.2 0 90 0
44.89999999999999 0.0 -4.1 0 90 0
44.89999999999999 0.0 0.0 0 90 0
44.89999999999999 0.0 4.1 0 90 0
44.89999999999999 0.0 8.2 0 90 0
44.89999999999999 0.0 12.299999999999999 0 90 0
44.89999999999999 0.0 16.4 0 90 0
44.89999999999999 0.0 20.5 0 90 0
44.89999999999999 0.0 24.599999999999998 0 90 0
44.89999999999999 0.0 28.699999999999996 0 90 0
44.89999999999999 0.0 32.8 0 90 0
44.89999999999999 4.1 -32.8 0 90 0
44.89999999999999 4.1 -28.699999999999996 0 90 0
44.89999999999999 4.1 -24.599999999999998 0 90 0
44.89999999999999 4.1 -20.5 0 90 0
44.89999999999999 4.1 -16.4 0 90 0
44.89999999999999 4.1 -12.299999999999999 0 90 0
44.89999999999999 4.1 -8.2 0 90 0
44.89999999999999 4.1 -4.1 0 90 0
44.89999999999999 4.1 0.0 0 90 0
44.89999999999999 4.1 4.1 0 90 0
44.89999999999999 4.1 8.2 0 90 0
44.89999999999999 4.1 12.299999999999999 0 90 0
44.89999999999999 4.1 16.4 0 90 0
44.89999999999999 4.1 20.5 0 90 0
44.89999999999999 4.1 24.599999999999998 0 90 0
44.89999999999999 4.1 28.699999999999996 0 90 0
44.89999999999999 4.1 32.8 0 90 0
44.89999999999999 8.2 -32.8 0 90 0
44.89999999999999 8.2 -28.699999999999996 0 90 0
44.89999999999999 8.2 -24.599999999999998 0 90 0
44.89999999999999 8.2 -20.5 0 90 0
44.89999999999999 8.2 -16.4 0 90 0
44.89999999999999 8.2 -12.299999999999999 0 90 0
44.89999999999999 8.2 -8.2 0 90 0
44.89999999999999 8.2 -4.1 0 90 0
44.89999999999999 8.2 0.0 0 90 0
44.89999999999999 8.2 4.1 0 90 0
44.89999999999999 8.2 8.2 0 90 0
44.89999999999999 8.2 12.299999999999999 0 90 0
44.89999999999999 8.2 16.4 0 90 0
44.89999999999999 8.2 20.5 0 90 0
44.89999999999999 8.2 24.599999999999998 0 90 0
44.89999999999999 8.2 28.699999999999996 0 90 0
44.89999999999999 8.2 32.8 0 90 0
44.89999999999999 12.299999999999999 -32.8 0 90 0
44.89999999999999 12.299999999999999 -28.699999999999996 0 90 0
44.89999999999999 12.299999999999999 -24.599999999999998 0 90 0
44.89999999999999 12.299999999999999 -20.5 0 90 0
44.89999999999999 12.299999999999999 -16.4 0 90 0
44.89999999999999 12.299999999999999 -12.299999999999999 0 90 0
44.89999999999999 12.299999999999999 -8.2 0 90 0
44.89999999999999 12.299999999999999 -4.1 0 90 0
44.89999999999999 12.299999999999999 0.0 0 90 0
44.89999999999999 12.299999999999999 4.1 0 90 0
44.89999999999999 12.299999999999999 8.2 0 90 0
44.89999999999999 12.299999999999999 12.299999999999999 0 90 0
44.89999999999999 12.299999999999999 16.4 0 90 0
44.89999999999999 12.299999999999999 20.5 0 90 0
44.89999999999999 12.299999999999999 24.599999999999998 0 90 0
44.89999999999999 12.299999999999999 28.699999999999996 0 90 0
44.89999999999999 12.299999999999999 32.8 0 90 0
44.89999999999999 16.4 -32.8 0 90 0
44.89999999999999 16.4 -28.699999999999996 0 90 0
44.89999999999999 16.4 -24.599999999999998 0 90 0
44.89999999999999 16.4 -20.5 0 90 0
44.89999999999999 16.4 -16.4 0 90 0
44.89999999999999 16.4 -12.299999999999999 0 90 0
44.89999999999999 16.4 -8.2 0 90 0
44.89999999999999 16.4 -4.1 0 90 0
44.89999999999999 16.4 0.0 0 90 0
44.89999999999999 16.4 4.1 0 90 0
44.89999999999999 16.4 8.2 0 90 0
44.89999999999999 16.4 12.299999999999999 0 90 0
44.89999999999999 16.4 16.4 0 90 0
44.89999999999999 16.4 20.5 0 90 0
44.89999999999999 16.4 24.599999999999998 0 90 0
44.89999999999999 16.4 28.699999999999996 0 90 0
44.89999999999999 16.4 32.8 0 90 0
44.89999999999999 20.5 -32.8 0 90 0
44.89999999999999 20.5 -28.699999999999996 0 90 0
44.89999999999999 20.5 -24.599999999999998 0 90 0
44.89999999999999 20.5 -20.5 0 90 0
44.89999999999999 20.5 -16.4 0 90 0
44.89999999999999 20.5 -12.299999999999999 0 90 0
44.89999999999999 20.5 -8.2 0 90 0
44.89999999999999 20.5 -4.1 0 90 0
44.89999999999999 20.5 0.0 0 90 0
44.89999999999999 20.5 4.1 0 90 0
44.89999999999999 20.5 8.2 0 90 0
44.89999999999999 20.5 12.299999999999999 0 90 0
44.89999999999999 20.5 16.4 0 90 0
44.89999999999999 20.5 20.5 0 90 0
44.89999999999999 20.5 24.599999999999998 0 90 0
44.89999999999999 20.5 28.699999999999996 0 90 0
44.89999999999999 20.5 32.8 0 90 0
44.89999999999999 24.599999999999998 -32.8 0 90 0
44.89999999999999 24.599999999999998 -28.699999999999996 0 90 0
44.89999999999999 24.599999999999998 -24.599999999999998 0 90 0
44.89999999999999 24.599999999999998 -20.5 0 90 0
44.89999999999999 24.599999999999998 -16.4 0 90 0
44.89999999999999 24.599999999999998 -12.299999999999999 0 90 0
44.89999999999999 24.599999999999998 -8.2 0 90 0
44.89999999999999 24.599999999999998 -4.1 0 90 0
44.89999999999999 24.599999999999998 0.0 0 90 0
44.89999999999999 24.599999999999998 4.1 0 90 0
44.89999999999999 24.599999999999998 8.2 0 90 0
44.89999999999999 24.599999999999998 12.299999999999999 0 90 0
44.89999999999999 24.599999999999998 16.4 0 90 0
44.89999999999999 24.599999999999998 20.5 0 90 0
44.89999999999999 24.599999999999998 24.599999999999998 0 90 0
44.89999999999999 24.599999999999998 28.699999999999996 0 90 0
44.89999999999999 24.599999999999998 32.8 0 90 0
44.89999999999999 28.699999999999996 -32.8 0 90 0
44.89999999999999 28.699999999999996 -28.699999999999996 0 90 0
44.89999999999999 28.699999999999996 -24.599999999999998 0 90 0
44.89999999999999 28.699999999999996 -20.5 0 90 0
44.89999999999999 28.699999999999996 -16.4 0 90 0
44.89999999999999 28.699999999999996 -12.299999999999999 0 90 0
44.89999999999999 28.699999999999996 -8.2 0 90 0
44.89999999999999 28.699999999999996 -4.1 0 90 0
44.89999999999999 28.699999999999996 0.0 0 90 0
44.89999999999999 28.699999999999996 4.1 0 90 0
44.89999999999999 28.699999999999996 8.2 0 90 0
44.89999999999999 28.699999999999996 12.299999999999999 0 90 0
44.89999999999999 28.699999999999996 16.4 0 90 0
44.89999999999999 28.699999999999996 20.5 0 90 0
44.89999999999999 28.699999999999996 24.599999999999998 0 90 0
44.89999999999999 28.699999999999996 28.699999999999996 0 90 0
44.89999999999999 28.699999999999996 32.8 0 90 0
44.89999999999999 32.8 -32.8 0 90 0
44.89999999999999 32.8 -28.699999999999996 0 90 0
44.89999999999999 32.8 -24.599999999999998 0 90 0
44.89999999999999 32.8 -20.5 0 90 0
44.89999999999999 32.8 -16.4 0 90 0
44.89999999999999 32.8 -12.299999999999999 0 90 0
44.89999999999999 32.8 -8.2 0 90 0
44.89999999999999 32.8 -4.1 0 90 0
44.89999999999999 32.8 0.0 0 90 0
44.89999999999999 32.8 4.1 0 90 0
44.89999999999999 32.8 8.2 0 90 0
44.89999999999999 32.8 12.299999999999999 0 90 0
44.89999999999999 32.8 16.4 0 90 0
44.89999999999999 32.8 20.5 0 90 0
44.89999999999999 32.8 24.599999999999998 0 90 0
44.89999999999999 32.8 28.699999999999996 0 90 0
44.89999999999999 32.8 32.8 0 90 0
